0.00424585854622883
-0.00846636262824241
0.00733813225287783
-0.00601342382400016
0.00469488606369506
-0.016750425463842
0.0169111494370853
0.00573715213799542
-0.00824368283365207
-0.0170750804348048
-0.0055945597479008
-0.0193141109660102
0.00182686544531663
0.00396082019820021
-0.00337086239759898
0.0354687855796136
-0.0137947612472455
-0.00959715003800454
-0.00498127728372388
-0.0341912429817066
-0.0221453044783466
0.00897691719645533
0.0152936154219692
-0.00621393580625806
0.0121238075597168
0.0228605371247674
0.0181841087443146
-0.00649605541653031
0.0116081978319285
0.0150234661551929
-0.0183735150152646
-0.0144892771837251
0.0256123249753157
-0.0101506392328146
-0.0146687062360531
0.0180976584426933
-0.00357932697729968
0.000605520246912405
-0.000991440482445149
0.0123662193499454
0.0142942458599018
-0.0119777309826281
-0.00787783647386231
-0.00762424209159906
0.00248212211125232
-0.00388020643202047
-0.007454808094427
-0.0144171497069197
0.00544504025679426
-0.0139753461302377
0.00238859962948457
0.0212652331546739
0.00158268409920392
-0.00970721153452292
0.00220810837884144
-0.00262536676695202
0.0140058963828089
-0.00251981695942405
0.00839859160089507
0.00716438890555171
-0.00823118262920275
-0.0141465726885865
0.00440844015237207
0.0137373122262918
0.0101850430056718
-0.00995923592719183
0.00974559424638954
0.030464451239455
0.000352069490735296
6.40990239375583e-06
-0.0177489211118784
-0.00215256816088427
0.00557750455692929
-0.0110482631246533
-0.00947400530852693
-0.00473090951086519
-0.00863344280254186
-0.0226148526705074
-0.00408194114485738
0.0138212728311551
-0.0125032802085157
0.0135870603328749
-0.0184259696511129
-0.00539992512975562
0.0354189396185385
-0.00664690369340715
-0.035764341739382
0.0010438517488236
-0.0115402815215768
0.00184681257074359
-0.0192501720351261
-0.0360680739784396
0.0203439205191236
-0.0104064686037511
-0.00849035518302177
-0.0159284920567844
0.00539444222957997
0.00932207827819642
0.0151874075554979
-0.000716648875279446
-0.00432190102134022
-0.00341129264278539
0.0123567892098997
-0.0038096160869161
0.00505001820077755
0.00588230358343012
-0.00325012760404597
-0.0219550225190597
-0.0137082390901755
-0.0191717815056203
0.0173111701061197
-0.0209315573157873
-0.0239622228648546
0.0116806859621885
0.0045622863928223
-0.00671642291359742
-0.00596722722379628
-0.0326172224030907
-0.0147903402125982
-0.00667029389383877
-0.00223118119619947
0.0101757022316527
0.00180377325893044
0.00253549457648106
-0.0107242506533201
-0.00276934607648549
0.00655069542867803
0.0236480870578442
-0.0195165294760029
0.00695283806766778
-0.00173656915992204
-0.0131065371114367
0.00892743720269085
0.0179184549888367
0.0183548031063454
-0.0375469336179854
0.0209757480281558
-0.00384531020900436
-0.00180897155401816
0.0226478000693335
0.00290854472526281
0.00338981696995955
0.00410468100316752
0.0123030789180243
0.0050853935161026
0.00090206999387199
-0.0105209003368154
0.0221540882251281
0.0132055933993609
0.0145663566906391
0.0199641698130231
0.0160591944329838
0.00245615427786294
-0.00349417011326647
-0.0110277997125232
0.0158442383699802
-0.0340849448454419
-0.0101255503397146
0.00680545044445768
0.00534696760086284
0.00960058632705874
0.00895966863306885
-0.00610315294828645
-0.000439897919927823
-0.016546742284107
-0.00779688897358
-0.00133977396335716
0.000107096942500107
0.00793227268894636
0.0274699017299938
0.0222496468938012
-0.00292815952628622
-0.00867476595920458
0.0103086329376243
-0.0037531854140509
0.00740313398343506
-0.0107699398540486
0.0205451110505752
0.00607854852396006
0.00206026474429422
-0.0170557946480931
-0.0174836285540305
0.0159253915248341
0.0108088688395034
0.0118248553461022
-0.00218110141680139
0.00459915207529615
-0.0240876630946074
-0.00537586975414062
0.00259862430451996
0.0151981817324582
-0.00599869241440221
0.017513053232963
-0.0190157990878674
0.0160846844691358
0.00821272661360339
0.00194897586285681
-0.0127165448631281
0.0225700860541842
-0.0111307245402239
0.00443246812298614
-0.0260740112180544
-0.00869536315304753
-0.00428027835675948
0.0347359551838977
-0.00171978633174152
0.000984131568946722
-0.00932206116320078
0.0250351257520709
-0.00756017556486821
-0.00836740710792139
0.0167319168109605
0.0171311111338825
0.0123113730955913
-0.0130927444234823
0.0043230366396676
-0.00884482361869754
0.00104192382584145
0.00268719828895314
0.0204084457605829
-0.00217846271778388
-0.00334350740200229
0.0102793147000799
0.00635454405910618
-0.0262425737774361
-0.010868392808085
0.0122928919094729
-0.0118514207352707
-0.0176514048102705
-0.012172928018594
0.0284321041483038
0.0248641197529986
-0.00183892259714202
-0.00651938012628506
-0.00199084417099282
-0.0119098449473016
-0.00256116100460435
-0.00326815865727603
0.00892031787865033
0.0232277196713486
-0.0104673982822439
-0.00209334014528118
0.00611175999033087
-0.00722911765188172
0.0114361972475363
0.0269014539315977
-0.000790487452465349
-0.00380414631586401
0.00401927403219204
0.0148881140784649
-0.0259951412200436
-0.000593550552872024
0.0164224279016949
0.00733821525172651
0.0087323607161931
0.0128126132151438
0.00656423809522977
0.00357354670917331
0.0065789323771579
0.000786164246150634
0.0276401354862363
-0.0053578192850301
0.00671185608990044
0.00164093758705253
0.0267352051484755
-0.00844319458672427
-0.0126769214008657
-0.0170631673246309
0.0173888270930034
0.00745450504525635
0.00891354463685445
0.015438259506837
0.00301095666900864
-0.00067272107541605
0.0126580756854908
0.0161663013354074
-0.00505757320421463
0.014388998409979
0.0101667783329038
0.0184170202084957
-0.00101587764808464
0.0263891975717314
-0.00574553141557743
0.0133393289710098
-0.00289143279865112
-0.00581428781757864
0.00448906340326882
-0.00122444633831087
0.00220654811180854
0.0260936745827056
0.0156017195763818
-0.015588984066917
-0.00963774273737528
0.00849224470300936
-0.00425439636034497
0.00998455647393737
-0.00209750031468037
0.0257563231756999
0.00503169372541556
0.0142654936522586
0.00233007004760921
-0.00189958108383781
0.00560054038033186
0.000616234656401815
0.00530248097377317
-0.00633853812065333
0.0125260122138524
0.0175703862129941
-0.00528926433405097
-0.0139175433199554
-3.7442526044984e-05
-0.0131126597944906
0.00246866920104694
0.00143348357589357
-0.00460997383341155
0.0182001223014172
-0.00350198985225258
-0.00606970441922972
-0.00775782238251743
-0.0158054100700697
-0.00863131914100368
0.0195354444609208
-0.00730586508494824
-0.0101074311714671
0.00793100489269083
-0.0136979638765435
0.0310677457681114
0.00379511716461511
0.00670362925607471
0.00619256175863647
-0.00385139416775804
-0.0017010414604206
-0.0136538559465231
-0.000440226280311151
-0.0190215532409361
0.00891152666673278
-0.00328678059732379
-0.0338099067128477
-0.0112647814894844
-0.0099636513886141
-0.00675929259340347
0.0163801886068331
0.00561239931991242
0.028617561986354
-0.0012402531677953
0.0134068454468688
0.0225314447202001
-0.00874316932693464
-0.0103967305624941
0.00798013335781533
-0.00109407110672777
0.0142293536888216
0.0106439759239869
-0.0131664827781233
0.025224649075577
0.00791540068061192
0.000329243073784014
0.00109534533057865
0.00767925061362096
0.00671383970556239
0.000774114187803043
-0.0303759705141493
-0.000973589498482141
0.00381540700458327
0.00470582339323311
0.00577183276975202
-0.0263651397353319
-0.00179372810922818
-0.0102064245559559
0.000892957471818612
0.00533876532106525
-0.00265078194330925
-0.0229406293581667
-0.0264808790568924
-0.0169337524276179
-0.00252035325057953
0.017552795563109
-0.00873277953272122
0.00393928785423281
0.00858431678284877
0.00421097353974442
-0.00660052577512449
-0.0141507409965813
-0.000139601795687838
0.00868412216009951
-0.00861588170991023
0.0211644672136835
-0.0333931674799377
-0.00821912858175455
-0.00372827730337555
-0.00434480883172572
0.00259820325143778
0.00176209482966971
-0.00947045208898434
0.00592126185779751
-0.000835552145810325
0.00719960123103558
0.00541456430277165
-0.00747221849660118
0.015018310000384
-0.0140424686733045
0.00219721737465228
-0.0353865428537654
-0.0195081902687049
-0.0123602816064015
-0.0169139177594735
-0.00620251862233889
-0.0527967051467986
0.0182664159728008
0.0141051229983358
0.00143707876201304
-0.00124815645486898
-0.0188163350509223
0.000674388321678876
-0.0104852528637913
0.00570213333742675
0.0302998320309262
-0.0153630665307789
-0.0121470734168856
-0.00449461138952501
0.00781889413171477
0.00185140301782294
-0.0180661046485415
-0.0035403840720134
0.0150769305354919
0.01327564856431
-0.0144768050262618
0.0113723279675533
0.0208649407348709
-0.00560970999469124
0.00286535655765086
0.0041158452384078
-0.0411303905796929
0.000103841243454639
-0.00480270919166337
0.0159894883907077
-0.0251061230828471
0.021725580389262
-0.0112235113383257
-0.00817496275798391
-0.00384317170749071
0.0128002217849685
-0.00134728330294465
0.00109742698942483
0.00666830386078132
0.0183366847844608
-0.0121535689466619
-0.00461781348539336
0.00254164102516086
-0.000818217081972605
0.00293251057581845
-0.00921702962095239
-0.0105745199731935
-0.00109041132705556
-0.0205853955040896
0.000318497841698573
-0.0126971922203749
-0.0132801455504383
-0.00482737841613901
-0.0156053591645264
-0.0272475332362019
0.0109505484373384
-0.0096785558499688
0.0165933597540473
0.00671223250642239
0.0130626178251321
-0.0247331835075055
-0.00878613140819517
-0.00702202706881394
-0.0120127754418986
0.00932643797180344
0.0291871204874621
-0.0138478305492011
0.0152076100597132
0.00667546703438138
-0.00919248041239129
-0.012800661447379
-0.0347242149361646
0.00628362626975321
3.54227231467164e-05
0.00859957653413979
0.00426322974679039
0.0103851901377272
-0.00353656128057445
0.0161967136261874
0.0100756311732821
-0.0434082027791654
0.00384084522583983
0.0163704021648501
-0.000610514559586051
0.0253773634798806
0.00124611005786512
0.011905866679303
0.0104291487096742
0.0167318524095394
-0.00764469996779749
0.00111745981738665
0.0139554757386779
-0.0297210481248396
-0.0109666901384742
-0.0144924829303257
0.00995485864622658
-0.00274927634851885
0.0194319273063899
-0.015038276649145
-0.00778745230560762
-0.00222808385970197
-0.0381256062530193
0.00979442683681864
-0.00591520348956376
0.00926418196166345
0.0185882754633813
-0.0083949930346483
-0.00916636461307885
0.0137995921079312
-0.00195256210971184
-0.00450494378349919
-0.00432359361546997
-0.00971644567519281
-0.000228752441695512
-0.0015828682747463
0.0160629044393437
0.00720571747937626
-0.00518707591178558
0.0211421164966312
0.0109098610442366
-0.0103767645442288
-0.000106379158252956
-0.000677019132838019
-0.0117960826089938
0.00238132600741459
0.0345125382565845
0.0063245854469649
0.0139898427023795
-0.000201656455241839
0.0195421287648676
-0.00228404725936748
0.0127034572127522
0.00576534448388699
0.012634550789322
-0.0174163261235751
0.00740717411258984
0.00628109056523929
-0.0126716747341371
0.00719683722654096
-0.0248089947563699
-0.013094955532825
-0.0211244088261946
-0.00972852561255522
-0.00817454874820367
-0.00868335162916267
0.00125712743713091
0.00082812925918585
-0.00169344737113164
0.00545751482343793
0.0263020217584868
0.0140929906146372
-0.0159172224332451
0.0199469964672012
-0.00522176896403082
-0.00997668379650385
0.0183844629590046
-0.00213898563846815
-0.0158367766243046
-0.0176512428485847
-0.00492220850872371
0.00516929444908865
-0.00229569176865052
-0.0104500578353619
0.00331240042371217
-0.00318981049571487
-0.0139380772572881
-0.00660535312689259
0.0104211426361189
-0.00963245099792065
-0.0176163124619384
0.00389633635679143
-0.00128374006357213
-0.00515216871384538
-0.0104895722487557
0.0220476241818339
0.0111505046690894
-0.00740958970943062
-0.00039383797557857
-0.00834018315965324
-0.0061218145592985
0.014817652917138
-0.00335618312766783
0.00476866256747144
-0.0233857189898279
-0.00752732491683883
0.000216037260263313
0.0118963325617791
-0.0168649036183437
-0.00181799458214194
0.00282018448261656
0.00802315023277789
0.0090646612993881
0.014130344055113
-0.0249040049134592
-0.0040513007402323
-0.00271153092106502
0.0129567248814961
-0.0138940072905678
0.00929369823486148
1.58988971410423e-06
-0.012428757186524
0.0093530005619904
0.00470144806250605
-0.00966179225926567
0.000576904494734798
-0.0132752046587994
0.0023632134984819
-0.005425727073602
-9.55989770980992e-05
-0.00701234386648064
0.00788659795091462
-0.00770994492342147
0.004197662406491
-0.000963538993790536
0.00345754855155356
-0.0114664978715773
0.0240131922037214
0.000703513651930443
0.0215886135630665
0.016661927860528
-0.0143986271982923
-0.0034387069178079
0.00542915262148291
0.0051259030952453
0.000849713029911214
0.00131135437594398
0.00863260654654852
-0.00273322837541912
-0.0344529414838437
-0.00445419919021361
-0.00138732685164467
-0.025235989029067
-0.0136382868912532
0.00748275505528362
0.000602229157189882
-0.0100684655141023
0.000909503436033354
0.00525771386667273
-0.00230177098995998
-0.00976143388903061
0.00127705795511091
0.0108658542458908
-0.0143265277462818
0.00815057003274422
-0.000901512241631153
0.018513101473661
-0.0064129572321292
-0.00609834157560041
-0.00721632134257533
0.0152319104597982
0.00320889667611812
0.00670913551380803
0.0150462794539603
-0.000292295002366494
0.0214891142185234
-0.0104507199992296
0.0232475846851727
0.0140085846051621
-0.0120315859645652
0.010311692638977
0.0116931020668556
0.0100191828022052
-0.00653244517064522
0.0327472893042993
0.00141116938437591
-0.00645628991971048
0.0153706509368288
0.0189733282380296
0.000933772442591518
-0.000903348858121156
-0.0184439075881011
0.0158940996943917
0.00407619418567329
-0.0039172589931713
0.0120656489445317
-0.00629304074195858
0.00227494136573192
-0.00488177435370041
-0.0120623166525462
-0.00293104680710954
0.013775574560789
0.00645971155103631
-0.017992994190144
0.0104590761991785
-0.00602383495908132
-0.0162986348665823
-0.0125767563379897
-0.00688040475511453
0.0217759827924029
0.00228952265289539
0.00781947631422319
0.00893028606743851
0.00932748705574316
-0.00709035300618055
0.0126305310702008
0.00486754690207203
-0.00582128388749403
-0.00236693353307249
0.00049196825136999
-0.0138066382863204
0.00503537200943338
0.00491095614920578
-0.0126829294730406
-0.0109546703084042
-0.00056813576650061
0.00725147297747331
-0.014700653342568
0.0012200262912927
0.00662394907814079
0.0185858949083428
0.0168113614201708
-0.0239957320763713
-0.00933458070273741
-0.0133968488012703
-0.00345433123807659
-0.00716104145044305
0.00850468347793676
0.0134042072923384
0.011271323075511
0.0348087523018359
0.020805888605806
-0.0057388404877905
0.000534998880284299
0.00797979647727498
0.0166697328749947
-0.00887737204932471
0.00822900239204927
0.0331990098639476
0.0234226862954978
0.0187614524343385
0.00114423513819339
0.00319530778061594
-0.00651911931248872
0.0288882376538311
-0.00154390050063924
0.00407983557325853
0.00811513723113944
-0.017253004847201
0.00686138351385956
0.00862377161294869
0.0306810932985826
-0.00036794103581439
-0.00579147672065261
-0.0169767723421508
6.84927529350787e-05
-0.00937306667867954
0.00736705556265083
0.0103949289127954
-0.00247490155228025
0.0111717714523385
0.0066799009306413
0.0123409780197212
0.00776022084013217
-0.00697721155311726
-0.00129948942179059
-0.00582257715791723
-0.00317889991575449
0.0246633679976815
-0.00460932950168758
-0.0052305623786042
0.00765088230204469
0.00565130218158405
0.00543982390678188
-0.0101536078855791
-0.00733781232707287
0.0146175757238467
0.00686753658838679
0.00510935759797171
0.001763558680973
-0.00813008041811258
0.00235045352994234
-0.011863167643277
-0.0115071514748326
-0.007413898102131
0.00498349983045365
0.0039357732490144
-0.0106839581464149
-0.00391145837200924
0.00319079969959635
0.0179238985804568
0.00865758138490502
-0.00272446753948685
-0.0120785468547941
0.0177421805905658
0.000241193358688108
0.000441824332770402
0.000330641501900431
-0.010898614901123
0.00306315351947894
-0.00498717992998632
0.0155251868938677
0.0057555560403113
0.00370812296320455
-0.00581277392278512
-0.000797488374504773
-0.00855976330570751
-0.00629991313493594
-0.00463225300392534
-0.000580800880426224
-0.00283520575692542
0.00265090940820123
0.00835171549652181
-0.0220481112142412
0.0184133777204032
0.0150969490724817
0.0180606081246157
0.000236600056571667
0.00400498155182127
-0.0202895993225862
-0.0207129671271069
-0.00783243367256681
-0.0150635113864226
-0.016553677928818
0.00645979044834899
-0.0118563700825964
0.0132584806829223
0.00256503822976928
-0.00632355871086521
0.0224678841730173
-0.000338862179668276
-0.0169443880017432
-0.00297078050171784
-0.0133022821490396
0.00589499307603525
0.0167010632521549
0.00795613400395023
0.00202027191063081
-0.0216429763313792
-0.00713632901036476
0.019847519940587
-0.00653963359145848
-0.00661903943403619
-0.00273488969467017
0.0115339118526814
-0.00936943147037006
-0.00443759053844328
0.00911401911630882
0.0125240563899318
0.0132698658801447
0.00825529940705394
0.0107803002044724
0.0194985913672312
0.0210922509732656
-0.00417845068451772
-0.00900346975027766
-0.0363599957501908
0.0184150961665086
0.0109431217049893
0.000284795319166697
-0.0167314779605618
0.008834062584965
-0.0108300768548881
-0.0214667228652692
0.020327109357174
-0.0421818369217997
0.00905333738550862
-0.00652851849162328
0.0244783169925498
-0.021554273046446
-0.0158214652654003
0.0237157660427938
-0.0133777527962877
0.0201203507255681
0.0226779481164989
-0.00133403636355389
0.0270853113272347
-0.000715109756280974
0.0222069703419177
-0.0128583451854176
0.00659515332239735
0.00661898013592133
-0.000573560553422503
-0.0185561923795818
-0.00461989307928956
-0.0208911056209651
-0.0260475268250264
0.000196211535176793
-0.0246189282933704
-0.00860256242433444
0.0163838240234488
-0.00352763805912737
0.0347074054630685
-0.0122747494375757
0.00850661996592539
0.00613380503072847
0.0125041973036701
-0.0191987288844118
-0.000140795261317272
0.00455003276937038
0.0142548629129013
-0.010452673157479
-0.00224193566900688
-0.0116671993940756
-0.0093714501712503
-0.000785148347260289
-0.00636436665407913
-0.0211429930152205
-0.010122033030548
0.026062595227657
-0.0160342394569053
0.0237674476445342
-0.0110059446388533
-0.00188226610501552
-0.0133898834235326
0.00375840815713779
0.000667225408959915
0.00883428458494251
0.0255707048988834
0.0101279702532855
0.00505740964845014
0.0129718630575351
0.00237198842327135
0.00477266562867307
-0.0064920520267453
0.0166549925465498
0.020715635067317
-0.0205957132477534
0.0161382300845627
-0.0159789012634199
0.00577602004848288
-0.0308511386169661
-0.00585297603040758
0.00716787099719074
-0.00253454920559371
-0.00683558111636984
-0.0235925587760839
0.00117338445755699
0.0126416196256267
0.000976408502420867
-0.0157681580449873
0.0163723993694109
-0.0125192163267753
-0.00763407558265872
-0.00673384802805099
0.00255350702758239
-0.0196776877489908
-0.000619967306985991
-0.0142645696492725
-0.00520571540277093
-0.0222831967045556
-0.000919273028393341
0.00455908441671671
0.011997720603099
0.00448073557239681
-0.00863552025127223
-0.0247903281986019
0.000702421079406435
-0.0152230904432589
-0.0179832836044804
0.00250740094475077
0.00298871658353761
-0.00661961494602714
0.0164305664671014
-0.000487511335585111
0.00254374385501421
-0.0237163589427469
-0.0340961775904969
-0.0206123819155719
-0.0181611703190621
-0.0431764230389149
-0.0308687208890843
-0.00570363716094135
0.00501495572728761
0.00144395131426656
-0.0225255701759863
-0.00652880440721226
-0.0112649703272076
-0.00419864296977668
0.0100783913461999
-0.0126277110827075
0.0112917283317335
-0.00133823071343997
0.0177485034773683
0.0151429921177026
-0.00324817532501331
-0.00141430988831104
-0.0126587504900328
-0.00742347016250733
-0.0337841603712716
0.00684926925028417
0.00129775717784764
-0.0219145690116367
