0.0100375482056005
-0.00872441996206152
-0.00698609594513844
0.0102007660893673
0.010083457785135
0.00996826131610717
0.0218051934566112
0.027163513223063
0.00483746134834284
-0.016749273993157
0.0212285442705511
-0.288710717988351
-0.0107895166046772
-0.00703269601194023
0.0232445973555091
0.00219318220415676
0.00318616462073162
0.00558422041013085
-0.00949088627583183
0.0174767511337048
-0.00834067175334674
-0.0130422319630563
0.0195778426561404
0.00989966682971843
0.0222562873313699
-0.0172844195271447
0.0112302835357854
0.0269861618805818
0.00277592205505339
-0.0145914031978984
-0.00981470936245099
0.00998553472680808
-0.0241657861133886
0.00535181979992316
0.00799708903097684
-0.0155679082418443
0.00474505964689165
0.021937284689006
-0.00508228817774992
-0.019581148334435
-0.00986434994852114
-0.00334357096971161
-0.0108874010441697
0.00975045916520578
0.00225116070076936
0.0155047842014735
0.00222052924967464
-0.0115613872774158
0.00303923884626922
0.0135917732201429
0.00531950134761594
0.00296076413706725
0.00463454887861126
-0.0151099913084725
0.0145628194782619
-0.00985028579830693
0.0103241501077962
-0.00854778056842687
0.00125821253093061
-0.0244002396813814
-0.0451274761970302
0.00460934893004428
-0.00179643008214381
0.035424525341833
3.18266578371862e-05
-0.010296853171492
-0.00331745153411145
-0.00378326993274047
-0.0138427066956996
0.00854154516347094
-0.00324643191450313
0.000391409185965585
0.0111409055118408
0.0257854411070779
-0.0112911254318311
0.018216976283699
-0.0119952834423325
0.0128874981485421
-0.0124651763966952
-0.0130932622573443
0.00176520723440454
-0.00878285071978979
0.0145364250421975
-0.0116942379218976
-0.0108444764626086
0.000557834487085351
0.00402869221542979
0.0029708115271081
-0.022572876624813
0.0161102020392718
-0.0127901021687684
-0.00259384295680487
0.0152218073751129
-0.00981868690079413
-0.016921625634942
-0.0140629913044972
-0.00491638169370567
0.000153816509354421
-0.0179659848946532
0.0106926253261932
-0.0089194040569911
0.00363980169278744
0.00249763799480895
0.00477510460191155
0.0237942286717647
0.0228862819582361
-0.00118327411260921
0.0321534021756911
-0.00963085283272935
0.00217602460450728
0.0450520066449887
-0.00292349154071658
0.00440841037744288
0.0103407672655811
-0.00962446398532535
-0.00885493466597786
-0.0342899561852903
-0.0339918071792038
-0.00526084329315246
-0.00820086215596838
-0.0142465751814589
-0.00434147741016666
0.00622231912655913
0.0102671827141503
-0.00346136219300242
0.012268162260785
-0.0223244487619461
0.0234901995892915
-0.00368943464255711
-0.00271947014013385
0.018901195061007
0.0112788832813395
-0.000335780332577862
0.00771840715774097
-0.0316511054745785
-0.00559770928607772
0.00554115613524964
-0.00381726049478548
-0.000217222376349469
-0.0172067934609554
-0.00200567020608045
0.00463075857341
0.0103612040604997
0.00252120670599165
-0.00859555108335996
-0.016094927936309
-0.0133265803707898
-0.0106373119603136
-0.0156490499077657
0.0177359361114702
-0.0014261514304863
-0.0146276545062696
-0.00347873198897908
0.00019251508435314
0.00468493598402286
0.0190559448126253
0.00344002956807277
-0.00470162516316819
-0.00935965998380439
-0.0036314764946761
0.014057066781155
-0.00559303354221896
-0.00301929659158517
0.00880169186434454
0.000682781411039279
-0.0142863294457465
-0.0126441536352235
3.78218269627695e-05
-0.0169757590528796
-0.000590586143185412
0.00484318476463574
0.00529590407006619
0.0114061600291384
-0.0107249564033518
-0.0197197835609186
0.0270950956604876
0.00824142442545295
-0.0241675474030174
0.00624746316685076
0.0152257305397665
-0.00971582842498453
-0.00681555516362842
0.00473596938300513
-0.0192799749361887
0.0714255488855349
0.0155910118579241
0.00143299666857555
-0.00411629121549417
0.0100004230123352
0.0342702811550994
-0.013271692127371
-0.0107212741379401
0.00830360081437398
-0.00112829990785013
0.00540696600765411
-0.0140634914305471
0.019804810591241
-0.000654707038542313
0.00245718029016828
0.00539574620737504
0.00169809416994759
0.02694740088518
0.00525134334213284
0.00481386490755131
-0.00890368352380921
-0.0114099041581088
-0.0223424613539382
-0.0224162229825664
-0.00879913623312678
-0.00619643703884254
-0.00755185264389358
-0.00816613915823083
0.000730066426099185
-0.0142568606664222
-0.00510212810511756
-0.019165645388683
0.00115948894163953
-0.0194995242708025
0.00118957604176817
-0.011222950072586
0.00355785457482405
-0.00501400180367639
-0.0104471833718325
0.00972433100610548
0.00762478404260403
0.00106135611237246
-0.018871286669258
-0.00436539534245028
-0.0145722308492884
0.0361098025021489
-0.00797729299647987
-0.051481650494102
-0.0261145534470089
0.0610748987570604
0.0255868999501212
0.00120979487148265
0.0165472975406002
0.00658026905018616
-0.0165393166324499
0.0103384121500625
-0.00576483033235053
0.0079174777308797
-0.0126008396114017
0.00459464636741469
-0.00847206936904321
0.000550781256408506
0.00685449887356526
0.00135345985943314
-0.00340751025267849
0.00893740209180116
-0.0111745252775419
0.0117132942176639
0.00378754475420884
-0.0159699173642842
-0.00836348452963254
-0.0104794465376958
-0.00598860577144045
0.0167459106813732
0.00726037059349771
-0.00096347978120459
0.00467232901486891
0.00967797192027486
0.00360592751801825
0.0192403548552154
-0.0026699887568773
-0.0048497155873175
-0.0149095399586603
0.00402576326757575
-0.00475921793706391
0.0102476213510876
0.0197580687973682
0.0175055109949005
-0.00984096702013737
0.00896224938467949
0.00151424333602712
0.00335567544212978
0.00993988612536967
0.00183131044357765
-0.0121388031119176
-0.000404924375973614
0.020443202100739
-0.0224873267414418
-0.00752799507221891
-0.00110939833153623
0.00623694781700301
-0.0167983228123481
0.00736551369851046
-0.014780550300153
0.00295703039257234
-0.00262416780582164
0.0062071105220971
0.0283673560104747
0.0151690636319524
0.00714823699454836
0.0141197676133871
0.000265515939405603
0.00640035108209158
-0.000675994728738694
0.0144549325390475
0.00295994383752607
0.00556989602372671
0.00848845371572793
0.029675696099968
0.0132142453500954
0.000401351063159083
-0.00229010675598396
0.0463075753407001
-0.00154180103824331
-0.0161366420089228
0.0296841814256235
-0.0104226752163799
-0.00344259280441417
-0.00862528174261268
-0.00502771527299739
0.00788989810344454
0.0112850930847239
0.0248023007035476
0.0136424829666977
0.0195236395055183
0.00715469894175147
-0.00563000564518479
-0.00585932932477196
0.0159993658666204
-0.0185369639934256
0.00406556336983943
0.0184159001770237
-0.030088997903551
0.00146720335974848
0.0150053604135598
0.0163104737384145
7.27174992452007e-05
0.0068916067769127
-0.00815083012067586
-0.00642338192503811
-0.00557087895799491
-0.000785672845860397
-0.0019600349220612
-0.00287426565215654
0.00566524182416206
-0.00185652499720135
0.0138158870259151
-0.00980956489874085
-0.00874690629229491
-0.0223177222947175
0.0105945282438862
0.0200579260600682
-0.0130320644543431
-0.00647676578898082
-0.00727816331740883
-0.0194865487828233
0.0124406764090157
-0.017909888061844
-0.0157745512332204
-0.00769768310354824
-0.0180221755178609
-0.0183842773570291
-0.0091953542918386
0.0173882149270135
-0.01491135907842
0.0243545062030517
0.0179407961603459
0.0137459508807192
-0.0112166017926212
0.00840425180189275
0.0190191007737237
0.00296865187361739
0.00670708033521894
0.00208852045540731
0.020595972815685
0.0218971427186201
0.00603117534529751
-0.00530308385605327
0.00333331152315708
0.00812827713765341
-0.00273348358223835
-0.00438408775049925
0.0129722824887102
-0.0124370232989932
-0.00594262336295071
0.016423999170037
-0.00408553730874672
-0.00157432859443141
-0.00245463951923686
0.00757720199606737
0.00134467521291093
0.0139181308881007
0.0223693051536076
-0.00116335978463855
0.000924876212399894
-0.00733266834984114
-5.81068585194799e-05
0.00393292482690022
-0.00453993000427033
-0.00429560384070449
0.0191333305267198
-0.00140089967305013
0.0137307633414459
0.0142857151312601
-0.00175485728648184
0.00192662600770976
0.025002121811518
-0.00418686660799583
0.00904238996489504
-0.00645303173566347
0.0236843049324831
0.00916577805302676
-0.00469919345712722
0.00537717214108291
0.00100624973804209
-0.0111641475344095
-0.00520453822667832
-0.0110654294937778
-0.0148642670936958
-0.00181292892688845
-0.000898248824804604
-0.00647317475037479
-0.0172307739209172
0.0104075137233322
0.0143061619353295
-0.00720658226435056
0.00265182190501445
-0.00762226339090066
0.0136881482115152
0.0103624296517948
-0.0238998053538646
0.0149871079545152
0.00342533525998157
-0.0173698440585195
-0.00112583882139639
0.0198198595057786
0.012077752314597
-0.0152653553042912
-0.00266429432366344
0.0118324401675007
-0.0124022039646787
0.0150144249132271
-0.00629992783500022
0.0178515705384044
-0.00187599580976539
0.00793369795033527
-0.00120488435451893
-0.0155411624327293
-0.026606398076618
-0.00358017586379678
0.0102539257379144
-0.00584403043050141
0.00215069063907958
-0.00359732668949775
0.00345296963057073
-0.00131211380669871
-0.0088860442773262
-0.0126425536501467
-0.00283773092461104
0.00834672122188973
0.001976467094428
-0.00046767283384952
-0.0232770235751394
-0.0281565392509098
0.00851381399878104
-0.000548335231041364
-0.00921762874589049
-0.0174404446656382
0.00750178218933328
-0.00937808885175073
0.0135643813954269
-0.0100021098671048
0.01416237235693
0.0226077694852416
-0.00917255704321907
0.0133948827022614
-0.00884093666719643
0.00799407421059151
-0.00594737033224479
-4.48380169242313e-05
9.1177011472432e-05
-0.0199817699251517
-0.00829089071203537
0.00248465054511016
0.0166701453783906
0.000379744680063965
0.000236997589428967
-0.000674819275947591
0.00660828494815213
-0.0259799826214797
-0.0476552560834786
0.0084720879129252
-0.0117501948928851
-0.00245133274505616
0.0258030344344062
-0.00772397125466551
-0.00253225711902694
0.00165497875941778
0.00576020936703081
0.00512785324168341
-0.00719932891974384
-0.00451355602334758
-0.0155791478881282
0.00510737667471162
-0.0135937674041635
-0.0204688628891514
-0.00143730998902925
-0.0108078853266997
0.0176080074595992
-0.0178595437982878
-0.00529967642236251
-0.00271339950239291
-0.0165973408212032
-0.00197020000359238
0.00370335849914838
-0.0030815077967139
-0.000399160170757362
0.015315239468273
-0.0125576361167186
-0.0051152671517567
-0.00708096480603437
-0.0200342273001919
-0.00153336846700025
-0.017448064024177
0.0151821669208472
-0.0102371756618256
-0.00338872074934127
-0.0190080479603045
0.00408006844745312
0.00117569658161898
0.00738867153179257
0.0157513160442768
-0.0279558273310281
-0.0254651031627349
-0.023051842377634
-0.0173349915447414
0.00312232123008727
-0.00264029618079409
-0.00167779813293212
0.0190442696390818
-0.0127654576187082
-0.0153106931899964
0.0133100938779425
-0.00751832874573122
-0.00446395543384348
0.0211655337018488
0.0149236418300207
-0.00992628996904354
-0.0140075616654656
0.00287586234995807
0.00196380106994898
-0.000167801516994359
-0.00754188078525786
-0.0196360384013028
0.00665132645831168
-0.0212782785245915
0.0161853644324532
0.00216394635346973
-0.000116522629483029
0.0160754870584894
-0.00302823763577198
0.0126364668167271
-0.0177763774738304
-0.00282446968938022
0.00665665820868622
0.0123208535680437
0.018199182721184
0.00628951604345485
0.0158294334700377
-0.0121651006881933
0.0277885050584334
0.00722452528826434
0.0026965982397078
0.0124949607750295
-0.00670878555721544
-0.0132332192082583
0.00540818350077288
0.0036524265402873
-0.0215762325622668
-0.0025942333348139
0.00213550672297735
-0.0204062298999386
-0.00283551485148426
-0.0060268821125069
-0.00401548758315862
0.0181760375751647
-0.0127117827971794
0.0197648561098926
0.0179481455512391
-0.00806101914832968
0.0168000076973662
0.00759025967106197
-0.0062703090958669
0.0289125926259786
0.0136543764407113
0.00294966159323984
0.0150150369573732
0.00396554189008569
0.00279860973516488
0.0262640013897313
0.0206160938459963
0.00652033890578885
-0.0333952266462241
-0.00919951720782475
-0.00472425882824012
-0.024718268015282
0.0165183914985301
0.00957302307722685
-0.0276047248625533
-0.0206203197048689
-0.00598206101153664
-0.00454755484116021
-0.00471849738816488
0.00585753325881111
0.0120773622678003
0.0294473130223132
-0.00524466712831639
-0.0101646939060309
0.00014150430622184
-6.6206377948852e-05
-0.0087964755341039
0.00251685790964462
0.0340920590888611
-0.00846010283812948
0.00562452559207749
-0.00704755975697857
0.012920551410958
0.00243095326548826
-0.00345596776392298
0.0160938154357675
0.00652757465984166
-0.00589715182399342
-0.00506046241303082
0.0015629849627965
-0.000654695766968416
0.0167510420360317
-0.000519665936976388
-0.00439380533438527
-0.0078111793369926
-0.0117339029470847
0.00529053525134326
0.0032329498364323
0.00555208807106755
-0.00409814926131347
-0.0165796163119802
-0.012124330516019
-0.00496167224863253
-0.00820445595092245
-0.00168423072585888
-0.0152644249929468
-0.00819048834324221
0.0110401101143616
0.00747916783528524
0.00648770864437154
-0.0108657972522046
-0.018413874009152
0.0211911684325248
0.0102097187035497
-0.00397531844746535
0.00816599275161511
0.00785936515484487
-0.00369179985263024
0.0148109902286517
-0.00865443797255239
-0.00178878805364135
-0.00558085172419887
-0.00360675496043061
-0.0111649760871986
0.0026468682417562
-0.0126722362168739
0.0112763733815724
0.00970248034252119
0.00413398054464409
-0.0062932060672507
0.00429795819771606
-0.00189599875523427
0.0169836509865275
0.0242700042502708
0.0319552158476091
0.00999125055094741
0.0133875206388838
-0.00470482572541719
0.0108635780991229
-0.0173108664327035
-0.00815444963275613
-0.0106920431241866
0.0183979658840903
3.85434862852918e-05
0.00119671780141228
0.00665314777462367
-0.0160721400530841
0.00342558748644883
-0.0203628541297887
-0.000205895010601864
-0.00434271521890306
0.0258873303802112
-0.0192123488773772
-0.00351123025302069
0.0450373622520974
-0.0193135055414899
-0.0059875457747145
-0.0210281797872032
0.00435793747495161
-0.0266407984403809
-0.00550419530687485
0.00216515985926424
-0.0186832139476572
-0.00480943658311794
0.00546378477528542
0.0011803370475576
-0.0013809208840847
0.0161292037810261
-0.0113402635934818
0.00201118505576048
0.0157310050152706
0.0187700479393893
0.0325559809979277
0.0213121527698839
-0.0236421452685622
-0.00300806541085219
0.0143369444738681
0.00205746284440256
0.00202813710285188
0.0274530298074813
0.0148704855287454
0.00936218416100409
-0.00341286703131072
0.00579778528140107
-0.000307160243125715
-0.0122562453881248
-0.00330010086561927
-0.00696252150843524
-0.000738030643282706
-0.00267093241038463
0.00391586134395983
0.0067274661170158
0.00640044775985427
0.0066238102576861
0.00151541752295259
-0.0193511320119129
-0.00618552421075336
0.000553706012122568
0.0132074736764052
0.0221130750507701
-0.00389347828471909
0.0127871739253962
-0.00115659705653126
-0.00872314044567446
0.0129294196119139
-0.0187114903180357
-0.00421671478076213
0.0177986367977834
0.0257711845600168
0.000457896151266013
0.00843722449135331
-0.00174326776182721
-0.0112607168316279
0.0200941405400981
-0.00712616430918089
-0.00886356476884309
-0.00221078436470101
-0.0088686344202662
0.0108885465369468
-0.00341721487062774
-0.0107062932538344
0.0574512246481671
-0.00596366216882682
-0.0206115812314636
0.00451916951792697
-0.000150900435987644
0.00179361996059413
-0.00108431912851437
-0.00301774191815873
-0.00152974205080181
-0.00949007603251317
0.00284980525339673
0.0080080256256112
0.000757879289597696
0.0130393666974387
-0.0128039199311472
0.000537735204696688
0.000429742751022033
-0.0128282323360391
0.00450931231670104
-0.00314040994914411
0.00432096471375676
0.000738581520998594
0.00421533129693064
0.0183605518177004
-0.0191625664454556
-0.00743934591527129
0.0128416446326716
-0.0123380657954657
-0.0103078922825421
-0.0436392868053925
0.0153561130078499
-0.00201531612305317
-0.00598797858847444
-0.0171943179145595
-0.0207377193520992
-0.00942125828305862
0.0264657812450437
-0.0201607950527523
-0.0114036369865493
0.00201827755917172
-0.0263392019631672
0.00568193937448846
-0.0463099983808366
-0.0306563598517515
0.00667024350429024
-0.0325619946769926
-0.0259619897717869
-0.0106320689764088
0.0250320300830413
0.0105849850040247
-0.00392038705170705
-0.02994050080415
0.00514668387709438
0.0331066220810365
0.0338323851375844
-0.0175561658415102
-3.94401319265825e-05
-0.0139314763867961
-0.00769143787589144
0.0136284767001422
-0.0123751067379825
0.00206020210639313
0.00286025814520663
0.00214733138268741
-0.00999458535377418
-0.00826832399159549
-0.0231884623413547
0.019291237086593
0.00180859846561265
0.0196338289951026
-0.000442031513851582
0.00516377989875316
0.00669277981009753
0.00285368098549998
-0.00832712556339299
-0.0221694517340056
0.0245055293904279
0.00713666789456013
-0.0376925731780213
-0.01504226251833
0.00261214641259677
0.00851352835865882
0.0163193944691722
-0.0193028942229168
-0.00615232830406676
0.0167101545888553
0.0001782156431549
-0.00350564992323932
0.019253156617995
0.0164182416406584
-0.0129550819287152
0.0147688916428255
-0.00252633743170882
0.0150322583144993
-0.00283237516651447
0.0152186591534615
-0.00982867266663057
0.0174220320823908
0.0120141291367188
-0.0044296256424694
-0.00692132920595956
-0.0177826143850073
-0.000625430837779994
0.00383152562409705
-0.0113473669592441
-0.00595041927516782
-0.0103757476232271
0.0163956728557864
-0.000496516825156945
-0.0223702637426726
-0.00988635448045994
0.00202006568198598
0.000129795245435105
0.0240500018647074
-0.00189459655823221
0.00699617358952054
-0.0181728769992917
-0.0135733446271873
-0.00119775338004047
-0.0195403399445659
-0.0230247102455818
-0.0139820054610889
0.0248464193801476
-0.00897226481468483
9.19052782935026e-05
-0.0207248503580333
0.0179395190500458
-0.00386569668593584
-0.0159341165826596
0.00674740839057364
0.0162516865387197
-0.0136528425260476
-0.0155329739850547
-0.0326066095867068
0.00260976035824267
0.0248850107824401
0.0256223976957939
0.00756228172750628
-0.0151301294358053
-0.0252746571417051
-0.0077240615192169
-0.0225468284275916
-0.0174725494657961
-0.0085232025658879
0.0138009511569059
-0.0143948908084841
0.0104311515842213
-0.00471666865875253
-0.0113468543966304
0.0038466402376125
0.00165674774397484
-0.0407337553719049
-0.00717958518927997
-0.0220334733018666
-0.00184552128947768
-0.00248005576415444
-0.00379619462485703
0.00660447964314148
0.0114712394306169
0.0112882144385651
-0.0117952396710166
0.00159374911553911
0.00328834395407096
0.0129000416975131
-0.0115427646620478
0.00583910412624178
-0.0106400776680822
0.007135948106618
-0.0188866614122469
-0.00485720818012325
-0.0376024860976845
-0.0230469037089307
0.000686707520121566
0.0115449013140321
-0.012926705369928
0.0146505805971469
-0.000913449688102475
0.021860689100742
-0.00319995679975182
0.00352654044787659
0.00367732261520004
