-0.0158368373351205
0.016546239160542
-0.00907667584091598
-0.0055939905751119
-0.0134265218533089
0.0111507538685744
-0.0235807597379889
0.00759422797729226
-0.0184184049752609
-0.00283306036444486
0.00722109099720747
0.0197835577725858
-0.0177269019731217
-0.000827495810947987
-0.0127676543620288
-0.0274030852150728
-0.0111244416856744
-0.000509441224722629
0.0105739524627193
-0.0229205267027135
0.0239409949378011
0.0254172910113173
-0.0237353054856575
-0.0109380221477204
0.00797608278438222
-0.00466323292502757
0.000597807828240704
0.0190524563138128
0.00260170953383021
-0.00201907722313166
-0.0115596525601571
0.00521873546859997
-0.00933857545635774
0.000605713290740439
0.00284881243101243
-0.00489535186017154
0.00164299701314796
-0.0120688731570224
0.0158125259284221
-0.0149790280735216
-0.0104099885051605
0.0142902063820243
-0.0110656888105272
0.00468669071868533
0.0220732373450696
-0.00565893296790776
-0.0245837613739024
0.00262576164836226
-0.00757505004873771
0.00271944464156793
0.0054461253069551
0.0103229183765423
-0.00488040232490583
-0.00766071899455145
0.0102226483494281
0.0189698295786229
-0.00279988764070893
0.00258091885032741
-0.00203127762600186
-0.0129346546314277
-0.014615453646182
-0.0251638635117359
0.0523453039104753
0.037231563906877
-0.00535749679503272
0.0084389085907306
-0.0121521179047592
-0.00316516836207814
0.00442543997831812
-0.00932749169715308
-0.00331565427953517
0.0131349751836627
-0.00394014839202583
-0.00259504017144874
0.00761983099046937
0.0158823685493008
0.0173018355527761
-0.00217227593749314
0.00553011918840163
0.000353520883579428
-0.0170209633378393
0.00752254102791206
0.00740954025490659
0.00961506836747894
-0.00191734750507688
0.0206223010914286
-0.00519706372421957
-0.00579169725995943
0.0129447963272291
0.0150913030257946
-0.0209553269350851
-0.00408855595249946
0.0162885451472032
-0.00392860931452432
-0.0151692689653737
-0.010907105420138
0.0131511082530755
0.0231177485943599
-0.00922452001990504
-0.021340341799748
-0.00799817066924113
-0.0162244334879587
-0.018301903536738
-0.00035095493822368
-0.0114482307727766
-0.0107114787108653
0.0125011777887458
-0.00195899139688915
0.17480125566671
0.0168894615275201
-0.00365501763123621
-0.00251788737099989
0.00906768444228234
-0.0100801550392466
-0.0114357745726972
0.0128394002123056
-0.00313171924100875
0.00318549767879617
-0.00225166102301877
0.0268575662740123
0.00441785377739645
-0.00800897093612907
-0.00467297395789235
0.0067066833225935
-0.00709974448823125
0.00757429499444839
0.00332843920684667
-0.00208472074356791
0.00422105679164808
-0.00930371228514382
0.00240983823573515
0.00777779968053327
-0.00846716022403982
0.00189699324617187
-0.00618403975069093
0.000473129489687807
0.0145943105369515
-0.00580814695887355
-0.00276331191567536
-0.0166641414368032
-0.00591988067986016
-0.0193473555314396
-0.00474753960305652
-0.0101076200557495
-0.000464843106879442
0.0297862315759092
0.00742684051131803
-0.00497152389950628
0.00258415946522472
0.0136331755646761
-0.0214590049474124
-0.00340074205909424
-0.00882565517071576
0.00574700073818057
0.0285302981747408
0.000371719549086436
-0.0131468735968214
-0.00953216364146492
0.0104368467262672
0.00210585963267196
0.0113680941294261
0.0109585832135943
0.0113616949675563
-0.000296821490598731
-0.0210134759856464
-0.0180264318774528
-0.0162623145536713
-5.8463136838327e-06
0.00523780166919607
0.0036345609078472
-0.0104125250037361
-0.0037035099882976
0.0106731406519067
0.00696001347357811
0.0227081081455189
0.0164609702141956
0.0230600218124062
0.0016674525306497
-0.01412711168458
0.00545418687642751
0.00399059903759458
0.0084556176166819
-0.036454162083575
0.0103018517179656
0.0123785322514269
0.00355629439342664
0.0133954695554692
-0.0117202447969786
0.00208781243026213
0.00950969824433034
-0.00926908215088318
-0.0076275152244536
0.006125013318524
-0.0197466562982296
0.0138644150190936
-0.00187383908566208
-0.00211819883623132
-0.0163863391397925
0.0366831230313149
-0.0160637035818043
0.0123984993520825
-0.0143350746056088
-0.00571507837322649
0.00915016436105187
0.00836306161567979
-0.0446840196443361
-0.00286313780523795
0.00391780149007914
-0.0124773820009496
-0.00690566463405062
0.00710961900466511
0.0293097395139554
-0.000892539463765551
-0.00327049371138433
0.019347674816335
-0.00540003350008966
0.0101975667928
-0.00147080917793563
-0.0175648852358625
0.00735139009209274
-0.0109220901376865
-0.0230663282485368
-0.00817737721467449
0.016957920473021
-0.00894209339483787
0.0121790663465164
-0.00314790095447659
0.00323701578085078
-0.00184333662858016
-0.0198167476962485
0.0147400731737592
-0.0011058552918044
0.0028586138694946
-0.00260057472491138
0.018666572938761
0.010866795559819
0.00325454579750328
0.00628237136765275
-0.0189594955576995
-0.0211623914300505
0.00596720041348409
0.00583256117645092
0.00120916953923444
0.0180422679354182
-0.0191100166125358
0.00450728591092808
-0.0067920114037836
-0.0177045635484063
-0.00303071074827788
0.0161034600684813
-0.000374983419572317
0.0117793473794574
0.0269621219459504
-0.00172011511201031
-0.00462464405902452
0.00209116975099732
-0.00223702741698517
-0.0215135175496322
-0.00295968538317037
-0.00464838587349892
-0.0017999045686965
-0.00345594788974424
0.00424325463153341
0.00800188728351614
-0.0163628812690799
0.016685660984681
-0.034468043028399
0.00719588875401023
0.0114470464186276
-0.00171287697618983
0.000614291364007258
-0.0144954335006506
-0.00745519752448054
0.0147177147424991
0.0165534042242159
0.0108847887306824
0.00551886815060509
-0.0119041324538633
0.0122719932906392
-0.00557667812137996
0.0155666860992376
-0.00496579983617007
0.00273254395251143
-0.0130350698749764
0.00323771474640999
-0.0121697733381056
-0.00964924345106866
0.0152844920829907
0.0135386320349191
-0.0114722764647519
-0.00904109851085977
0.00936006650813948
-0.00481688732081142
-0.00271659018776571
0.0123557757103052
-0.00464992440381806
-0.0126861925717261
-0.017373482042661
0.00712681312714203
0.00196866286221642
-0.00446341553888185
-0.00837047833972804
-0.016629535201095
-0.011102859596078
-0.00339293656798745
-0.0131009414836294
0.0136350080736189
-0.00697816080471281
-0.000667415641837366
-0.00071965988222189
0.00168321541843408
-0.0100383949885812
-0.00116505515263299
-0.0181945633207183
-0.0100924311814383
0.0147252530101518
-0.00833419512659539
0.00850031328128509
0.0259583538260211
0.000787028348350205
0.00575467841057087
0.00167673117159417
0.00783113015058579
-0.00542295268301807
0.00306050515758827
-0.0218779842375749
-0.0234930606023207
-0.0157562985732298
-0.00442620899292034
0.0504563775821936
0.0126562351204544
-0.0122268232834619
-0.0118155632453609
0.00422421120870187
-0.0224073563284142
0.00174345434514844
-0.00401666334246009
-0.0050370553631609
-0.0135992310361956
-0.000925452529416226
-0.000491881644174796
-0.0257891071278733
0.0220011853156574
0.011462114192283
0.00223580276501867
-0.0197954163745644
0.000488008431871023
-0.00612826323635662
0.00838375467639096
0.0175862867833558
-0.0254092393052741
0.00421089158652599
0.0019882639007669
0.012657779553904
0.00376721385969425
0.012618151504646
-0.00738019784332344
-0.0119086149561651
0.023360621424283
-0.00138362108321655
0.0303954508993778
-3.09386943264656e-05
0.00695584341480426
0.0212084968401696
0.00285924569518325
0.0018041048836821
-0.00251684347460923
0.000284826306629071
0.0122204542862594
-0.0212004616659947
0.00619889126891238
0.00929236064084282
-0.0059594448462521
-0.00343844920803082
-0.0106550031755264
0.00758934940296108
0.010383540426524
0.00464563850605249
0.00433463780320587
-0.0187154880842266
-0.00882210396032423
-0.00117555492565291
-0.0707579668004668
0.00450320570142271
0.0139895380688699
0.00292762710688876
-0.00154127332710363
-0.00433953670890652
0.00254163745427594
0.0119278050686997
-0.00685055955048686
0.00778388287220722
-0.00573405269910232
-0.0095046056396777
-0.00737509779345835
-0.00059029298598734
-0.000463634727389639
-0.00447620104865898
0.0189850592119898
0.00120815702978483
-0.00620830683891427
-0.0212602884004349
0.0115177007328811
0.0218718544963004
-0.00626679595353252
-0.019375979965325
0.00322857050467551
0.00454143695766085
0.0194244323628823
-0.00350291218761978
-0.0129140753531622
0.008324220708543
-0.00756901056788184
-0.00838976891777499
-0.0145806633459529
0.0163864592376246
0.0289863870161433
0.0216701504865178
0.0157670440950577
-0.00885555556797346
-0.0116842760191691
-0.00716272550854313
-0.0328321386925206
0.00354855618456007
-0.00734669432109225
-0.00736120553225472
0.00120995261311307
-0.000448048849303717
0.0127329463649986
-0.0127248839664595
0.011676001075795
-0.00254854655511672
-0.00764483495686541
-0.0121835139089743
0.0148964389908244
-0.0132334225470476
0.00394844698937735
0.00646013967451875
0.000573011438000037
-0.00267349874408485
-0.00328512249633661
0.0148300659814327
0.00689677163969904
-0.00242859000762063
0.000427962362123502
0.017178673146951
-0.0182758630149307
0.0137654634855355
-0.00445265946604767
0.00193373702465127
0.0214084334838303
-0.0117336200232447
-0.0162527589249883
0.00284245734592847
0.0095202839292341
0.0026208962386729
0.0364190793870875
0.00149164400737956
0.00296038785730435
0.00118576873420917
-0.0195931848695832
0.00696064909513439
0.00911509848775793
-0.0141762063139383
-0.000874446937245033
-0.00398050435493769
-0.000943894365661002
-0.0210037800527036
0.0133412097194539
-0.00866813729783189
0.0120591167832433
0.0374347327660631
-0.0278238373113879
0.00506002375336578
-0.0388389754035359
-0.0138449624212793
-0.00968394227425495
0.00273927650789307
-0.0153516136543228
-0.0222347704660919
-0.00466890822039723
0.0175906878011425
-0.0184732119824389
-0.00124595966979779
0.0455875209545908
0.00152336379913809
-0.00694427915154883
-0.00560498316218716
0.0122990514413228
-0.002225094796664
-0.00679500579399761
0.000296930490454095
0.00834475057271611
0.00472623384008752
-0.0146406837860695
0.00211716836693121
0.018867580158437
-0.00691720862320011
0.000117530358408224
0.00679256971761788
0.0135877147130881
-0.0167405326822427
-0.0068738906960526
-0.0224384634259271
0.0024533892971208
0.00334135746362474
0.017324737632844
0.00866927984029608
0.00295205795479525
0.0171079864181438
-0.0134784698702015
-0.00502460340136146
0.00945912764100854
0.0028065564247175
0.0261937918419983
0.00282795235047928
0.0150099983926673
0.0165400084844727
-0.0187032558530653
-0.0139155168497815
0.00483188927784273
0.00549330807800175
0.0094245929862895
-0.00461573880116095
-0.00618838407628886
-0.0135463556438431
-0.0152732088049383
-0.00954288592538699
-0.00942171165938799
-0.000700413328525329
-0.00831953664528129
0.0150652312866066
-0.00974711582898191
-0.0178009965935066
-0.00541675903673866
-0.0056724785887603
0.00637177258450361
-0.0160962579612782
0.0105671975883963
0.0184047896735091
-0.00287902509632687
0.0205086425756926
-0.00917827407517624
0.00797948107480195
0.0012945710391552
0.00583939210516604
0.00189803991455761
-0.00980357557662348
-0.00217810509979799
-0.012703907142992
-0.011746004511183
-0.00838546635543125
-0.0068441013111995
0.0212462000566793
-0.00681034724709928
0.0056746168212829
-0.0116177399710216
-0.00393736192632499
-0.00608525517616609
0.0122707381240135
0.0125344751366825
0.00284838441947688
0.0277362095496443
-0.0284540469018868
0.0215413658868604
-0.00409772065892522
-0.0100707895527954
0.0133635618030832
0.0304868256015842
-0.00299627036136041
0.0387328432792495
0.000159145665145743
-0.00870629256822486
0.000270797772648379
0.0225391472260492
0.0598348207803916
0.0212584061983847
-0.0178980941582969
-0.00214708553348775
-0.00154490684075537
0.000878084645155042
0.00810112498443338
-0.0194409643532003
0.0141296573167784
-0.0287107413927181
-0.0108338345389436
0.00692855049565466
0.0143600294573574
0.00826749328074516
-0.0116891716675767
-0.00354198750417112
0.0133397093270959
0.0201035381912309
0.000660301243632588
0.00554726294255037
0.0169180785415088
0.0122906077448404
0.00964997473781537
-0.0208860748511963
-0.00237787012673429
-0.0352871281018743
0.000215101361555448
0.00916393040144481
0.0149610635945345
-0.0231706164245287
-0.00779284671473945
0.026922025823942
0.0123479895375231
-0.022552100062752
0.0116989140988464
-0.00796304916565482
-0.0194858011950041
0.0169954020018626
0.00923233877699392
-0.00140269512154578
0.0144723366937765
0.00308928162982269
-0.00913241783964125
0.00603032060023345
-0.00940006163752205
-0.0180525834528513
-0.0218606229346996
0.00540532712858965
0.0219098625868668
0.00262277898416929
0.00922750555663665
-0.00997693331538496
0.0194867651557598
-0.0173990181049728
0.0147686941541885
0.0105983928952122
-0.0257332022582206
-0.0249950528011613
-0.00265360158358252
0.0121965615548518
-0.00312590238739752
0.0139397505973324
0.0719950860396255
0.198420224636995
0.00488303105471832
-0.0167917556047188
-0.00631402170485629
-0.0100436809147588
-0.00569218830666518
0.021890318112213
0.015327170480063
-0.00382977312353461
-0.0140942984452606
-0.00313440662907105
-0.00398695357693235
-0.00854672800706435
-0.0262638489856508
-0.00559116692931561
-0.00737492531494599
0.0165687580124239
-0.0116512408900622
-0.00608015753380187
-0.0040337456182904
-0.0160886594495784
0.0173322459951857
-9.77269114033064e-05
0.0111407185724586
-0.0188374923466057
-0.010228527617552
0.0116945589438169
0.00949236701428635
0.0159965273187765
0.000115718563189482
