-0.0194109132136484
0.00383304524229899
0.0152575077536961
0.00916769366017967
-0.0148240293981932
0.00092062927811476
-0.00162781389484312
-0.0110478259268891
-0.00541063263969033
-0.000721739874204097
0.0218141332684789
-0.0134610742698555
-0.0239381360079891
0.00962235668044276
0.00621276786862435
0.0195525276940014
-0.0116442185446077
0.0016899287498422
0.0332540010480873
-0.0125328467434205
-0.00222831802993717
-0.00459605765049798
-0.0115073712883369
-0.00745613053712813
0.00629271746425086
0.00970090431950776
-0.00102662183007318
-0.00857201704581989
-0.00124983416446778
0.0164498558073394
0.00799995394077868
0.0119431621699349
0.00542036869054918
0.00157470338064591
-0.00627135110173338
-0.00760980891422669
0.00185754157366702
0.00205475596672855
-0.00741709549495528
0.013209571499023
0.0267024986324103
-0.00688513784201472
0.00923289337359545
-0.0201987369845398
-0.0145793621841115
-0.0060980950188938
-0.0225603550047895
0.00221800042073994
0.0191073910591575
-0.0163782937315498
0.00557170139312912
-0.00610542234401823
0.0184368484717234
-0.0111269314382039
0.00829610439802764
-0.0076409626053735
-0.00292139700197769
0.0164342953652401
-0.00826972123805181
-0.0214426976941251
0.011001177784518
-0.0160611550897469
-0.00374568111431817
0.00702638133006861
-0.0103776588944697
0.00108502920678877
0.0114317799370243
0.0077277061031662
0.0109803224912577
-0.008423356318219
-0.00189650330130586
0.00389241192556966
-0.0103854362593019
-0.00592959289813333
0.00752177792795283
-0.00269457202376877
-0.0425737341507242
-0.0334928416461793
0.0075959522085105
0.00361791613240037
-0.00447929037434225
-0.00945992761484682
-0.0251965400602323
-0.0195201746253311
-0.00414389056590014
0.0117140444959682
0.01582620648378
-0.0131925777021564
-0.00749195802828861
-0.00219925451270431
0.000155512360493049
-0.00736326380582675
0.0100699175889574
0.00169277735500994
0.0213037142777734
0.00518340260097805
-2.29222853338484e-05
0.0234097552736765
0.00629436486490054
-0.0111306168682175
-0.0309035312976276
-0.00505935254944667
0.0056275727861328
0.0208135858538476
-0.00535823086382248
-0.0194811311629861
-0.012284123657949
-0.0210340345338142
0.035568997825802
0.00443562300721911
0.00346626701158925
-0.0309914430318941
0.00655083465445383
0.00903349984280233
0.018879182313853
0.00355532920927981
0.0144349647458437
-0.0050163328212518
-0.0148677797546082
0.00820549784549929
0.019801170678047
0.0155399454997935
-0.00659075435247214
0.00281257267403223
-0.0196662395685347
-0.00383123410445041
0.0138991339072447
0.0220228469357666
-0.00305444275054434
0.00674283829192834
0.0146755858677858
0.00840481045845465
-0.00928369928089356
-0.00741102507159841
-0.00596323695097656
-0.00575474849770785
0.0153258013070028
-0.00223769916272687
0.00723794555809576
0.00823212382154814
-0.000665000688705675
0.0146129885988984
-0.00867003685366008
0.00352563833033948
0.0251621503578363
-0.00762044873322942
-0.00500183287951206
-0.00924839277262457
-0.00391603946839059
-0.00868312221293621
-0.00198129732831465
-0.0113088002240573
0.0114587445595342
-0.00177031814282813
-0.0093852890893471
0.00569789077905636
0.00795066315614079
0.000552019816610461
-0.0103994762350448
0.00414331087472863
-0.0093246632509203
-0.009600721262224
-0.00892891882016666
0.0301852652447829
-0.000526376690876518
5.86841796978987e-05
-0.0152142502037638
0.0138604981233161
0.0150501125067617
0.000407234599224537
0.00621938006970879
0.016111010021798
0.00444419807432528
-0.00953347642628533
-0.00647748991711605
-0.00167188836316168
-0.001020511870931
0.0111614895411263
-0.0210040433338134
0.00241005129006577
0.0146857254975021
0.000133484204184242
-0.0022167682725609
0.00259243435647516
0.00327435305996104
-0.0163273671556681
0.003869048920639
-0.00504700871140162
0.00404188654880322
-0.00711608187230262
-0.0102582137733451
-0.0114420362446568
-0.0141388929767068
0.00892773649694867
0.0285518690010953
0.0109236289307599
-0.00474931760079134
-0.00284777802776937
-0.0162387073117296
0.00148698542228054
0.0186799640535105
-0.0337119430544384
-0.00296817384794057
0.0100581035044724
0.0118949468898757
0.00308227384018611
-0.00409422500100742
-0.00632570536491706
0.00169198177053165
-0.000791063564460792
-0.0113931938323333
0.0123872458570755
-0.00103368313795738
0.0221790386257839
0.00756242494008585
0.00635400944813824
-0.00276951464808928
-0.00337840191930905
-0.00617398666138591
-0.0147024760321202
-0.00709065374256923
-0.0211577709568003
-0.00954297989452346
-0.00957122436065383
0.0117692156016025
-0.00687488871279207
0.00252529037789007
0.00289090695509397
-0.00206818197885816
-3.34744258774222e-05
0.00511108439099672
-0.00937789416530155
-0.0059060929313981
0.00653063524022901
-0.0134710258643933
-0.00341100445699016
-0.00686519297027122
-0.00900037660165598
0.00538439554063697
0.0154799958593026
0.00274235033693682
0.00686793656218398
-0.00904489345442361
-0.0165687818822251
-0.000376578579647457
0.0021510277152661
0.00942187115658033
0.0141685347420211
0.00695214568844715
0.00459367249149167
0.00366727086741481
-0.00273888131004973
-0.00841044550863046
-0.00207444054218442
-0.00842459969878284
0.00229857555594926
0.00572710090134176
-0.0134096104409069
0.0109793994878977
-0.00727890240348295
0.0261457611215246
-0.00939661129326463
0.00654214829694499
0.00867611912306909
0.0151567134047061
-0.00500229765814453
0.0116948829931003
-0.000864447536257806
0.00340375542875027
0.00832309876048409
-0.00969707851150581
0.0183324150535356
0.0125990214500078
0.0117962054097642
-0.0121786997641262
0.0316725682243426
0.000773142608250232
-0.00057658869905719
0.00405840357433007
0.00254799815476137
0.00423933191585935
0.0296315223177128
0.00186993064544261
-0.0249171500694452
0.0166700516548692
-0.00173386813481802
0.00608629863746124
0.0111925937187305
-0.0150639807113251
-0.0121971024723422
-0.00439944871486198
0.00333524061299162
0.0132934726235252
0.0175283234832575
0.00571944878233666
0.0130748776585845
0.0105704377652653
-0.0164553757905566
-0.007467844777028
-0.00168171370489034
-0.000843906384187854
0.0102607953827327
-0.00135863529343538
-0.00985172563123449
-0.0278431415768488
0.0129193634757598
0.00209760723912655
0.000156969557137288
-0.000577504435522513
-0.0194325369861623
0.00301022897095216
0.0183676662980599
0.0109188745682145
-0.00752345932120679
-0.00311773930260273
-0.000109410758364348
-0.010253970196004
0.00477549473837069
-0.00645485868269802
0.0297098282060837
-0.00379018824534683
0.0180205280022614
0.00383499467619863
0.0189826642695321
-0.00872527349560936
-0.00651798847139418
-0.0126245910425276
0.0317259376014443
-0.0230370445650552
0.00865861579972105
0.0087618471415194
0.0125517531165604
-0.00341255018548381
-0.0187149807434865
0.00684267816671014
-0.0217290811061686
0.00669262922725178
0.0160609936782112
0.00626073210618738
-0.0136195113765671
0.0116087355597525
-0.0141210976553126
0.00118918710941962
0.00144184909476497
-0.00139146636928622
-0.0056356252290195
-0.000198078124332035
0.00423255863237859
0.0098231523598864
-0.00020659425832914
0.0215153219803996
0.00342063669941517
-0.000256391510257359
-0.00996872295305895
0.00620912549719499
0.012165568505079
0.00453505004912191
-0.0123697936848535
-0.0106480336927044
-0.0228849718662412
0.00949945495763327
0.00284892073074872
0.0122168435261036
0.00365748081230599
0.0055091250977588
-0.00387562600066715
-0.00628369394488804
0.0120408397737375
0.0129409878040869
-0.01152849453422
-0.0229234912595606
-0.0115401494729834
0.00200527066649148
0.013888942385031
-0.00183596493748883
0.00944242769635917
0.00854273724511678
-0.00148216170795124
0.00583135966173298
0.0113926489143408
0.0194743560014263
-0.00806760592781597
-0.0133210791144114
-0.002891669657755
-0.00271674305451519
0.0252631142016195
-0.0277187611611733
-0.00580673906751361
-0.00227199716257864
0.0145853116712322
-0.00831721247086037
-0.0140869753874266
-0.00735634108620964
-0.00640958017553572
0.00440600218416787
0.00430698337760926
-0.0175147678715186
0.00599188940309947
-0.045892869833323
-0.00244594284572752
0.00747991167485829
0.00457518539119839
-0.0183927956038179
0.0168413620626549
0.00142431619460659
-0.0146161210821649
0.00459755051961608
0.00617429422837645
-0.00146077967780567
0.00486753845819798
0.00494193334752779
-0.00876765534546209
-0.00188250684208757
0.0237643460626469
0.00397370870721492
-0.0199971812995647
-0.00202138353134185
-0.00407032248352479
0.0178029721157706
-0.00601840414285526
0.00369680882644641
0.00315479301680632
0.00157182094834596
0.000593164062157925
0.00702269069777905
0.0179854376940707
0.0281363129000223
0.00736584856402978
0.000932656397600873
-0.00469759388987878
0.0158095193326915
0.013982048961493
-0.00486219515518371
-0.00891576827615648
-0.00462777004446835
-0.00516605376259349
0.0154589407606673
0.00386005997199668
-0.026487992910436
-0.00118243058651935
0.000259391363963246
0.0115070900183492
-0.00514944495506509
-0.0173295191325042
-0.00687817646094402
0.00200139603544702
-0.00271491045145034
0.00133358466335309
0.00457515433629396
-0.00440788961422722
0.00784003776213726
-0.0182023146264161
0.0223901157519997
0.000366586307111838
-0.00158254462555352
0.000862116608963071
-0.0102842928591613
0.0106580292239649
0.0116926815357825
-0.00939625151824686
-0.0206511204689361
-0.00220538773548729
-0.00441782371229493
-0.00394510823918282
0.00651969544930608
0.0162578187963431
0.00690626192161581
-0.00149422031076796
0.0131001229286527
-0.00487888804620606
-0.00884353647390057
-0.0112455826671098
0.0110779936128411
-0.00689028279919235
-0.0126977878045729
-0.00256674982039584
-0.0079834148510578
0.00751515493843158
-0.00587015406245772
-0.0104670673452141
0.0134137044955818
-0.00186044625658788
0.0064255175183785
-0.0197214849462677
-0.00172453337739853
0.0354296365242153
-0.00219182102467386
0.00939498392183502
-0.000571170011028244
0.02487755710996
0.0263854460712558
-0.00100220117805261
2.98824884232829e-05
-0.00984526084637682
0.00104773330301189
-0.0061029691079284
-0.00899851059668144
-0.000558098687899466
0.0136322529663779
0.00550769591229461
0.0112461437489619
-0.00873498466614997
0.00225904421123779
0.0168090453169114
0.0046403361720202
-0.00741586956378804
0.0161686889465118
0.00571729771074292
-0.00557904197203829
-0.0189858017154405
0.00542776299305725
-0.0175615277313996
0.00595495969922766
0.0221147144571292
-0.00131406802875045
-0.0111108078809439
-0.000111330044643587
0.0245857213303555
0.00912257757423252
0.0156817908208184
0.0197580943451703
-0.00548694489087076
-0.0170313142167471
-0.0106833620792708
0.0176290482824424
-0.0133712275211471
0.00697934436980319
0.00150824028883889
0.007874228321465
0.0212595947657457
0.00380714202789534
0.00308480933820032
0.00209159007569415
-0.00249080040148275
-0.0110526054451947
0.011176975153651
0.00175971004389286
-0.00699018558522901
-0.0069576177604036
-0.00232443043477293
0.0149742683460046
-0.0134997373897665
-0.0131529638836909
-0.000453153879626633
0.0116596072371253
0.00258602229140159
-0.00825437608296475
-0.00209174129255629
0.0119643391373865
0.0112283202984491
-0.00388404503058659
0.00830150257322693
0.026553929127755
0.0250862202053979
-0.00770860897239167
0.0108816072313109
-0.0123478049153736
0.00216125475633877
0.0118798503704465
-0.00885718171820127
0.00781572842218825
0.00468917172598715
0.000985308541904928
0.0037777036422133
0.00356203932745291
-0.00497960701493572
-0.00447776066144367
0.00497442157635231
-0.00358812820673826
-0.0013865290052415
0.00579074044024885
-0.0112469818045495
0.00866623168894165
-0.00554397213508917
0.0147202332946463
0.000886904128210908
-0.0155440634172201
0.00780868248078281
-0.0075431758598139
0.00251490264738408
0.0132435727965161
0.0150096245471465
0.0242105288864884
0.0123176468947079
0.00130216361543312
-0.00554131752503917
-0.0257149943074833
0.0117864142752904
0.00914309744757169
-0.0137079381442788
-0.00148434605016146
-0.0242457581389637
-0.00910094399333072
0.00763274256538171
0.026180171633853
0.0113088989604861
-0.0135471666467373
-0.0247786175309761
-0.00559528176569657
0.0213518316205086
-0.0110732944450236
0.0118066468272504
0.000873150358362551
-0.0159155591988753
0.0026235488088302
0.0262795242365481
0.0226612671949811
-0.00871190183953896
0.00384325588955203
0.00864032147814164
-0.000829394847077225
0.00907827596217192
-0.00139700081442928
0.002997714368564
-0.000160538662555609
0.0119386087497562
-0.00745500659280118
0.0127040812944132
0.000457600889592236
0.00171815905009609
-0.0149321689249424
0.00603500998305151
0.0192274272755144
-0.00758842056958642
-0.0120106619827558
0.0086474269601915
-0.00148632738091159
0.0143333871097644
-0.0258297844507904
-0.0071527632455588
-0.0146605198042264
0.0140023076567619
-0.00435841398006964
-2.02720989017635e-05
0.0288603522495627
-0.00627786123501473
-0.0185503442769139
1.76451910025577e-05
0.00166160773715518
-0.00636950740850573
-0.000566036400099001
-0.00549495343206452
-0.0040701482840344
-0.0120058583774805
0.015977269203173
0.000619591986135148
-0.00801331644542902
-0.00558113062824805
0.0055731323748498
0.0168205966171042
-0.00013814426071157
-0.0192030770608769
0.0164749256577572
0.00208532366119485
-0.00711695417086222
0.00862823430085147
-0.0147194057676918
0.0106842288056734
-0.00316398727219092
0.00872815925394743
-0.00213778461417657
0.00237143748456692
-0.00627880849229712
-0.00440943337372612
-0.00690865535693064
-0.00921937548585294
-0.00859367641025433
-0.0311236555337135
0.00792045496582983
0.00101157911162542
0.00164313238375335
-0.0114975622377829
-0.00577041206674167
-0.000596254928675322
0.00196590199867686
0.00881122418670621
-0.00544223858562631
-0.0253802011178843
-0.0159733301566138
0.00370008255307663
-0.0214156816358484
0.000116678300499551
-0.00155714961114484
0.0122541627308506
0.00251958284670195
-0.00672862348534142
-0.0239290814354147
0.0091144201114659
0.0151525444560567
-0.0135333094120726
-0.00451170196881634
0.0121073194782193
0.0108738965395823
-0.0038734882178515
-0.0053593170181907
-0.00715748287433282
0.00635421583700246
0.0249798822523175
0.00262979322158508
0.0228247220399238
-0.0017403903578197
0.00934431246658818
0.00373040418088166
0.0100134034813273
0.00724222606252045
0.00819387366820212
-0.0127724512269243
-0.00778923376271212
0.00533885475698526
-0.00496580578969663
-0.00393209979457243
0.00269879005795737
-0.00105360045664415
-0.00848228340022228
0.00301270602018278
-0.00735042171626432
-0.00796748899768129
0.00159112366042624
-0.0112140691794131
0.0114376735287376
0.00349342653030682
-0.0032594082382289
0.0103005080112721
-0.0186494035995368
-0.00834321647140168
-0.000729518722215161
-0.0111879117665197
-0.00300637075661658
-0.0145353673743944
-0.0178109708832279
0.00383790344262724
-0.00188094634775648
-0.0272883148615533
0.00510447505127853
0.00148897116764957
0.0204782597920374
-0.0201804582596949
0.0119008616602025
0.0150615902223512
0.00685656422254244
-0.00546183674479117
-0.0167443883308511
-0.0288806339873826
-0.0119055864846951
0.00880373012432933
-0.0055276910162112
0.015768450797859
0.0154475264978657
-0.012923727128741
-0.0189922676426981
0.00336786238552644
0.00240854446236938
0.0273321811698519
0.0325578546982772
0.00874353333425493
-0.0441399046891569
0.00598193847316786
-0.0134042333567388
-0.0045476129690174
-0.00756058491172507
0.00380328185267853
0.00394823371422781
0.00229964549485207
0.0109008437015783
-0.00391662183444019
-0.00691633077843878
-0.00115031646283104
-0.0144084374204825
0.0100871489948924
0.00822559398311462
0.00605497621530748
0.0286269157855958
0.00782549112911912
0.003847796811975
-0.0245009924978321
0.0140645704460205
-0.0163820078485051
-0.011178547996713
0.00586464296557931
-0.00228298012639083
-0.0069492131966733
0.0132216075704088
0.00886626898930754
-0.01234428154926
0.00670570116869751
0.0146355537133251
-0.020196662318944
-0.0166091650733087
0.00831201618229116
0.023674556177526
0.0236336673721125
0.0189536517623576
-0.0025976363964606
0.000507957851182184
-0.0115585625579673
-0.000620209072890177
0.0148688919095976
-0.00300678905296969
-0.0119492814961797
-0.0116046113774573
-0.00534214882177775
0.0141590434139607
-0.00278406313720403
0.0054771232645825
-0.00563576948413047
0.0151296779862298
0.00327318662548493
-0.011407824707538
-0.00289836458026294
-0.0100778241712494
-0.0177008387080368
0.0115290656914988
0.00185099257682175
0.00365102487473035
-0.0135694041121619
-0.018701916645127
0.00945226173699165
0.00598500797651536
-0.0155122906065843
-0.017996470184948
0.0112522690463734
-0.0050444590139529
-0.0201978894391814
-0.00319888472435625
0.00788376585339812
-0.0055968768184167
0.00935805672471623
-0.0125721377612384
0.0072309667813677
0.0146683125084834
0.0228323469591007
0.0149363364345056
-0.0019257883961421
0.00447445970135441
-0.00179763523227106
-0.00257617354763084
-0.000948741181614032
-0.00497168733595554
-0.00663426847780091
0.00322843569813891
-0.000530102177050296
0.00314095415861537
0.000751316877263264
0.0270909633107257
-0.0132107930054604
0.000301680909007729
-0.0153268763935923
-0.00289770152040258
0.0130498218992452
-0.0010142654510128
-0.000476426051751133
-0.000749752845436547
-0.00791784071212831
0.0152375813471339
0.00425361842573402
0.0106063371192855
0.0112502191676285
0.00416028773256016
0.00131501492306185
-0.0100489595614066
0.0111204627497177
-0.0200468065756203
-0.00109229052881599
-0.00338523033277394
-0.0131510819090623
0.0109978627866223
-0.00815140042145579
0.016838786358738
0.0177365484341871
0.0104402867591267
-0.00684230030829802
-0.0112505822922664
0.00639608924635127
0.000122975458103802
-0.0233269045955797
0.0108433071615908
-0.000662622752932052
-0.0155272078682929
-0.00740149543742952
0.0110815459865705
0.0119142201382019
0.000557008657140479
0.00847467558583048
-0.0113091237207819
-0.0106106809106796
-0.0160283379178106
-0.0118818755269556
0.0210487005062276
0.00209288605272384
0.000620820640103936
0.0171445411669158
0.00498008726041999
0.00300627085358496
-0.000936823912458529
0.00216631819220137
0.0030311223052415
-0.00661492363002925
0.00334264827601771
0.00601431644158446
0.00506521586258835
0.0027030186726833
0.00282739954674938
0.00112945848381951
0.0256708469590681
-0.00446021340301694
-0.0157129485907896
0.0161567989849711
-0.0110694815501171
-0.0150084369267072
0.00294270756549242
0.0201621879000315
-0.00561677931997107
0.0117468406481294
-0.00438364893178012
0.0168146840816998
0.0159095849005393
-0.00385013930675804
-0.00140957600557279
-0.0197900402145041
0.0121989580907362
-0.00371442553897872
-0.00372502064705227
0.0200410154371369
-0.0196037664782835
-0.0149723770846304
0.00980399122687814
0.00682454589500914
0.00238794707493639
-0.00866895402613199
-0.00065220768593921
-0.00702786893328788
-0.0102373328837464
5.11765512394291e-05
0.0253749715976124
-0.0345872405996754
-0.00511744631577127
-0.00702236330866057
0.00941565469735561
0.0144185725321968
-0.00525955349060059
-0.0217325062717029
0.00586788370509961
0.0178710505548816
0.0207968955762983
-0.00195132839754297
-0.0115846090344913
0.014309690891797
-0.0077597510234062
-0.00477729101369651
-0.00232179632391194
-0.0191300882185912
0.00127397442004717
0.00835823085100085
-0.0304000756001859
-0.0152522896538381
-0.00305873536437318
-0.00559473622504125
0.00640977368281703
-0.000977172223382894
0.016993340203129
-0.00665965228590615
0.011531647305234
0.0229447100965006
-0.00402763108072524
0.00458372357890546
-0.00570469201528923
0.0205251043196073
0.0146245365112296
0.0130356389043236
-0.00190950602217388
-0.00341106747631681
0.00160543667392155
0.013522539924546
-0.0255999321913665
0.00575298698359639
-0.000348844862918973
-0.0146483731199014
0.000573740909635134
0.016022210180866
-0.0118826134845396
-0.000463162504909853
0.00228743659169428
-0.00460437829982752
0.0154968084281046
0.0289560755758265
0.0259875251889561
0.00544740452483961
0.0187347432452745
-0.0458029863535989
-0.00827811837667358
0.00923334708553547
6.65485299400359e-06
0.0280398425319568
-0.00699906371227144
-0.00743397543574176
0.000866480700397965
0.000936686654966046
0.019924158971488
-0.0155443180324566
-0.0234284363732522
-0.0160524561914706
0.00570860492337122
-0.00400981822290625
-0.00336579418855809
-0.010963522597252
0.00158857657563161
-0.0100975546041644
0.00114282317118608
0.0125879434407006
-0.00530262795841985
0.0322370506177112
0.00784129215038387
0.0173770069967869
-0.00122105479141599
-0.0063251448997379
0.0183447872537288
-0.013761575528231
0.0141633495604179
0.00378642582835997
0.000288672283740965
-0.0103391598215294
0.00675930992534735
0.00138749177428021
0.0072969199388444
0.00301683249277396
-0.00183838691082716
0.00758912424584768
-0.0181984966784503
0.00384989144543724
-0.0245112105788596
0.00927498880796485
-0.00713623495862681
0.00666349040839087
0.0136043644099884
-0.0107398038216626
0.00231448864251771
-0.00910862384420863
-0.0276865797057457
0.0118227178281103
0.00332935529614886
-0.000315438862696915
0.0114033148649986
-0.00567564826565992
-0.0137607123762358
0.0107523184622975
-0.0137962941521668
-0.0121706789523026
-0.000779283196009395
0.00516175872053815
0.0198186838271441
0.0117775445430102
-0.00701670620380934
0.00260726926562782
-0.00153491685889051
0.0467115880513784
0.00490998687749844
0.028041176865222
-0.00533561636592061
-0.00806912409137528
0.00291353611079348
-0.0143861303381083
-0.00574356405473164
0.00673927140415564
0.0082743905261351
-0.0270320020868819
-0.009418475150615
0.0113058070425103
-0.00797832034538803
-0.00682252889883106
-0.00809949913157215
-0.0155575956360012
-0.0122722008914851
0.00574541114174476
-0.0169478982468734
-0.00109215210272051
0.0032984105957734
0.0147743986395197
-0.00173126883221109
0.029467397128311
-0.00517151959638973
-0.000758751755363107
-0.0157892253467882
-0.0066092686572361
-0.0111156387255766
0.0069145171030156
0.00858553121505778
-0.00307244865196843
-0.00435903564298634
0.0194341384524606
-0.00407881914151087
-0.00254594946169373
0.0132456068279181
-0.00527040675174284
-0.00588989690131836
-0.00443515077312107
-0.0500530118891325
-0.0127642720133929
-0.0159566919223337
0.0174382683337324
0.0143011667348762
-0.00465305505656932
-0.0079311262799342
0.0179424555237073
0.0266281274994835
0.0197892347621398
0.00349824274958088
0.0103824326502986
-0.00722687531575961
-0.000793007850668381
2.50931582677083e-05
-0.0139388400327682
-0.00267150120935877
0.0172386600770054
0.00682079920346634
-0.0153609541580018
-0.00889350101584885
-0.011543395638733
0.0126576099746272
-0.00321584187493418
-0.0111219134213076
0.0196563367669018
0.00760237391978347
-0.00545078974778246
-0.00552442303017386
-0.00972499126218906
0.00617545357134919
0.0102860443547677
0.0205594277859102
0.00124315980459322
-0.00801960360877274
-0.012494139763362
-0.00304041148506773
0.000277558763647434
-0.00623000956095243
-0.00505332365881817
-0.00604418766430559
-0.0277312944520913
0.0236001639751438
-3.98423422272032e-05
-0.0268471740714542
0.00593350193101116
-0.00791266360966603
-0.00356221884795271
-0.00934927171278055
-0.0189053050232566
0.00307908747462449
0.03066360273837
0.0066897311858698
0.0105599150257287
0.0113665750027225
0.0239846280541833
-0.00797050830263668
0.0120680133971911
0.00623794719428616
0.0171951955310927
0.00889157421544162
-0.0175477000141973
-0.000504144577127441
0.00583117625380591
0.0239699510296445
0.0086581652236779
-0.00581185681394736
-0.0011213193622277
-0.00300966740343966
-0.00390671015444521
-0.0138774776254182
0.0107062627923327
-0.0156288020661384
-0.000352692461332182
0.00618398191350256
0.00260720868481989
-0.0117980543549576
-0.00722807176254125
0.0211245054702882
-0.00134967414164056
0.0157827299171709
-0.00904540159596046
0.00870202420615218
0.0108541635706851
-0.00529782256323053
-0.00304132463614337
-0.0186220267111548
-0.0153160744228797
-0.00420071144277046
0.00366859769738603
0.0122643981076047
-0.0109124439624244
-0.0175886282455204
-0.0238567122860642
0.00723545776140089
-0.0118680825059378
0.00221459337411911
0.00531037560224057
-0.0051724972022118
-0.00216225916034851
-0.0125123633752775
-0.00675858744146929
0.0169238630259878
-0.0122075952788103
0.00874448922986648
-0.0125935671712645
0.00628745950515075
0.0269238945938541
0.0241966812296921
-0.00399846440925433
0.0141381774256768
0.0153625108604922
-0.0172209423728598
-0.00756641404705416
-0.0122551637314432
0.0154380775718614
-0.00659378067851613
-0.00914790360630846
-0.00481941820663057
0.0122511915607424
-0.00195554665748254
0.00417273976426813
0.000206321291705613
-0.00326945994688543
0.00847832612510668
0.0178240815668786
0.018742914959307
0.00096061552788651
0.00890719232493087
-0.00454797168301191
0.00554388951978169
-0.0167496838510477
0.0194226702178284
0.00693985366288707
0.0179472638423039
0.00899492831033122
0.0111959693864652
0.0077859206114006
-0.00806208086042925
0.000433684203107632
-0.00509805155795817
-0.00340936232647682
-0.00254576138519802
-0.00754801624544132
0.00197959734909681
-0.0171311178050733
0.00679313341627719
-0.0133749362400337
-0.0133769451709984
0.00787502999642076
0.0158483399489411
0.00396381605978213
0.00434659109521807
0.00151718104441656
0.0151193839132606
-0.00905283552887415
-0.00969419125740689
-0.0261178363095818
0.00145445804611999
-0.00598489355397103
0.00208914809060357
-0.00638255169994295
-0.00450703238015571
0.0161304912418228
0.0262084770636406
0.0465685070994573
-0.0111088927278971
-0.0109968562728522
0.00519754586059928
0.0144667228188275
-0.027424147970506
0.000119646459759259
0.00091586997974602
5.38674358097069e-06
-0.00737408301712694
0.0155907530282162
0.000476269580060418
0.0136497894769976
0.00977031510283144
-0.005396177379839
-0.0127301934132094
-0.00561429247388823
-0.018278707159185
-0.000338904112261673
-0.0209007324607589
-0.00808718055699487
0.00351754776741142
-0.00709678269060277
0.030280846977778
-0.00720217595862405
-0.0126313480523361
-0.00699108821784122
-0.00486213231891153
0.0167946608721099
-0.00939930924248866
0.000321262090722918
0.0150066516669742
-0.0182232103068891
-0.00600639264902547
-0.0045562553603693
-0.0130442510924631
0.0135153053857655
0.00893431712578607
-0.00197312106746672
0.00297782127009771
0.00475288090986314
-0.00247578654875813
-0.0114183546131237
0.0035898011555533
0.00752145155891526
0.018023317655441
-0.0105047181939293
-0.00503030852804631
0.00241259576420561
0.0173454654949223
0.0156909975404504
0.00371130531372454
0.0084715054406086
-0.0104283200958939
0.000441842305750839
-0.0108987168839061
-0.00900185677120113
-0.0177792221218365
0.00241227777759256
-0.0014776980446598
0.00219428025021529
0.0173340884596156
-0.0197725892206142
0.00131139082489007
-0.00299611269858513
-0.0115496620471536
-0.00504498792689301
-0.00614984318467293
0.0150410729919921
-0.00324279488047985
0.000414101845001014
-0.0171057774597392
-0.00694658807186244
-0.000853011301364504
-0.0029162070933868
0.00126402957288896
-0.00171214704547218
-0.00398865729267417
-0.00127905150300478
-0.0102296824836197
-0.000773335386192286
-0.000518234153489949
-0.0289528801698609
-0.00284826421737616
0.0130321542049829
-0.00613074496015376
-0.00312723475618171
-0.00599515858183164
-0.0144822058487302
0.000305162996273367
0.0166947269181001
0.00334279991751085
0.0024130927827839
-0.0208714491320965
0.0227450761264318
0.00665083693176971
0.017176406875631
0.0119488138634933
-0.0184489915648651
-0.0088669225432465
-0.00174895651590834
-0.0068693678260221
0.00356440436683769
0.00261678553127354
0.0126403260130665
0.00303334520754905
-0.0076120535234363
0.00213110111542303
-0.000603432585281283
0.000176740497109584
0.0161142297388652
0.00738451289689479
-0.00588563657669194
0.00511751616142231
0.0164179770735409
0.000334789834930405
-0.0172012762913418
0.0117393853960337
0.0122225549836052
-0.00288779380161941
-0.0162134983708668
-0.00596611159492522
0.0261890045513065
-0.0214614187157798
0.00278470680223109
0.00477927627772967
0.00705750924014126
-0.00595793125792543
-0.011524643596375
0.0112769364691871
-0.00152189809788084
-0.0149474488233752
0.00545006251097035
-0.00256646880870814
0.00714814694921984
-0.00297911238745829
-0.00620285270962384
0.0295599186131357
0.00774348026516769
0.0196605907556968
-0.0278924404398628
0.00615731774226269
0.000304039794110089
0.0112115558092487
-0.0164462346448628
0.000583376492405918
-0.0124735243523677
-0.0138648149586578
0.00679993982539706
0.0113642987341516
-0.0144249664548113
0.000491563110563753
0.0187719385577978
0.00760141137864334
0.00494459010994941
0.00116061727471628
-0.0056622712236658
-0.0150452770014811
0.00137819086740976
-0.00260851410634455
-0.0254665456051368
-0.00945085039266225
-0.00642718761111993
-0.0135900038246035
0.00449912407144559
-0.00407474113380601
-0.0110234598738694
0.0110960726695453
0.00243778252795668
0.0045683138871091
0.014937710982136
0.00492509309561839
-0.0170577573097219
0.000830991710141227
0.00394102792363427
-0.00815873653839727
-0.00250592924209769
0.0127601156509503
0.0051376076728058
-0.0115203650030544
-0.00627990661811495
0.0348698459033487
-0.00398087871343211
0.00849399273692431
-0.0181364622433238
-0.0163923982095389
0.0195654033810397
0.0172246962165126
0.00662481255067604
-0.0145988957780503
0.0134608807794114
-0.00309172178651007
0.0010354582051848
-0.00657726632910549
0.0174393367429087
0.0155143990245952
-0.0074435712874239
0.00255385092443117
0.00291159774285088
0.0165247254167529
-0.0253378009045768
-0.0139390740307714
-0.0110320470834244
-0.0185830671116474
-0.0128162276600374
0.0164809621336524
0.00162189693542913
0.0128749586740202
0.0133497091821582
-0.00267065726539872
0.00875762042643835
0.0060899459935646
0.0143217428255715
-0.0169245376356928
-0.00853384156649373
-0.00846443091120364
-0.0134234058270568
0.00314023207630676
-0.00543173319051249
-0.021758995257608
0.00953264801895592
-0.0207789508044032
-0.00884410831513982
0.00962405880504491
0.0145114587917323
-0.0221855912530948
-0.0186504793342568
-0.00597046638402698
0.0127419104147135
-0.0170003171981046
-0.00207409645879064
-0.0142098874796766
0.00563557351370036
-0.00654407402533597
0.0111632739560008
0.00442101959742391
-0.00244727995827176
0.00295665567327497
-0.00418050802484871
0.0316712851166852
0.0205434693977278
-0.0185081382153331
0.00703790609239885
0.0109815519478822
-0.0155797498605201
0.00222828600076141
-0.0110102076894476
-0.0109931225590278
-0.0084319536586106
-0.000534875991782258
0.00531665218325195
0.0162355225141582
-0.00596572447049581
-0.0109813164554131
0.0173033255243542
0.0108087819973965
0.0149974985750232
-0.00164744091223934
-0.0183978250209886
-0.00855450792462431
-0.0220065264255336
0.0068905938479471
0.00192154337936046
0.0195317414932035
-0.00329401863275613
0.0112097107094131
0.000645766297898476
0.0026295326903627
-0.00800495840870408
0.0142700200074426
-0.00161265676065891
-0.0181127247389625
-0.0194840604391784
-0.00102400427459504
-0.00767548877072954
-0.00145860421508726
-0.0183937153380214
-0.015519100641411
-0.00302021313210243
-0.00851776701622242
-0.0086254387311806
0.00305627162278199
0.000682844281885586
-0.00443319015628685
-0.00854116616145895
0.00553268237039362
0.00597125086611427
-0.00553741312874134
0.00385561061673112
-0.00423628060191827
-0.00440830639486656
0.00538364564784377
0.00900329887190932
0.0205500487950525
-0.000214304310443225
0.0133683548094341
-0.00429212450878147
0.0114608644951675
0.018097094615996
0.00345805093464779
0.00318262428379246
0.0175690063721916
-0.000172263690621399
-0.0049534202927255
0.00236650717690701
0.0326975513714611
-0.0306047870473005
0.0168658070988652
0.0214647835448565
-0.0164692069576073
-0.0255726780597731
2.34253700615028e-06
0.00197246557046515
-0.012074749231914
0.0127099799102863
0.00864037466504985
-0.0196481042534442
0.0139739119684075
-0.0071037569587844
0.00498976620135583
0.00265981192107922
0.0146908777450161
-0.0278635730517021
-0.0133879974267535
0.00546719502055915
-0.00458301628496294
0.00336844527215696
-0.00962097488265101
-0.00407518511111427
0.0225143652370514
-0.00158513605341604
0.00772866144915785
0.00245535405208219
0.00965023612053351
0.00215964644932054
0.00369128617467052
-0.00102381255444772
-0.00193810356338098
0.0053539644183962
0.00492420994694331
-0.0184137462873997
-0.00586845333028307
-0.00862970741057012
0.00636982792245711
0.00271734568324522
-0.00903031856097858
-0.0238417910671753
0.00679484077998183
-0.00257549770289245
-0.00369097056036694
-0.00091427457287363
-0.0309973838822533
0.00550638558551686
0.00297850034095237
0.00738171272233679
-0.0033213068220137
-0.00999144319603484
-0.0188092316267134
0.00373766078807947
0.00233909927042397
-0.00721145337605389
0.0127444761390985
0.01575960937791
-0.0128767969358137
-0.029465133815135
0.0181524692860897
-0.00578433363512509
-0.00983301790388591
-0.00610108502631679
0.0145929797200255
0.00605365577163219
0.0233994378113209
0.0247695779032355
0.0113906386350715
-0.0148626675864003
0.00423437562618378
0.00412520652142323
-0.0144496366724933
0.003685735678566
0.00602868936306944
0.00362792025258241
0.00740578023505645
-0.014363459585784
0.000932292848898619
-0.00173403479615519
0.0127382360628117
-0.0218560232236449
0.00387983837831563
0.00372591136325795
-0.000456091846448459
0.0091805443672035
-0.0148194872650382
0.00944700943984156
-0.0275930100985242
0.0136910455561248
-0.021885977593759
-0.017340359336556
-0.00401913089255235
-0.00476113812360079
-0.00554582321044261
0.00562239731389269
0.000405197395696888
-0.000798909873513942
-0.0072895277689744
-0.00244033981985936
-0.00185258818435408
-0.0121759744787981
-0.0051435099668895
0.00906094942325097
-0.0295405862024136
-0.00128418179520651
-0.00286025362787079
0.00234417909062401
-0.0162780888132499
0.00136615732067291
-0.0159381110386319
0.023632385686132
-0.00701312705841861
0.017974349765062
0.0276999063914483
0.0273540298198762
0.01816388504235
0.00637844758347228
0.00932326664640026
-3.96117256125095e-05
-0.0156199887783481
-0.00210652594707561
0.0056121032970875
-0.00846355888542227
0.0198734447232196
-0.00341262743169235
0.00531845897183647
0.00421262889363039
0.000748092336809947
0.0100121911493565
-0.0065410193871287
-0.00250951053829596
-0.00147027362713814
-0.00325966790020082
-0.00649323586596129
-0.000127296705450419
0.0340207533614256
-0.00645686804406331
0.013698462684185
-0.00417585973954715
0.0111265784394448
0.00814088799608026
0.0204296288005716
-0.0253362300638766
-0.0149297974902645
-0.0230898839959366
-0.0171106393207721
-0.00942334177241033
-0.0118918306828553
-0.00707813571295812
-0.00707549172928434
0.0122326417319627
0.0104020027706886
-0.0147453946055549
0.0171896279049992
0.0044980307938518
-0.0135468818271436
0.0174139360659264
9.04911617247706e-05
0.00257150755177538
0.0259160204837263
0.0021302435204742
-0.00124000718985062
0.00112423514153193
-0.0127315291455101
-0.00569551137232605
-0.00173569133746998
-0.0109074847434982
0.0142301323227754
0.00268492120327668
-0.0112748047579085
-0.0157544693799707
-0.00526985749532205
0.00743975235827232
-0.00345445223953877
0.00218737058382956
-0.00390469999623999
0.014192188767451
-0.0137584252102148
-0.00152279807950517
-0.010540878512141
0.00802995648325755
-0.00443184361873605
-0.00783282580786882
-0.00429008877695303
0.0159124956912784
-0.0198708307739448
-0.00929459513024078
-0.023950032708747
0.00643651387576849
-0.0123958603759489
0.0029993971038218
0.0105405290718803
-0.0063123937707017
-0.0088699334496054
0.0157425203244435
0.00480085229149996
-0.00947483652328174
-0.00993022712290781
-0.00051826819094547
-0.00485081374964569
-0.0286253325047436
0.00024288376649384
0.00347881844287024
0.0155457793880673
0.0151437461475243
0.0166099235006936
-0.00780344980007719
0.00220560624929877
-0.00906757373142586
0.000177404801614323
-0.0134251220493278
-0.00725939794923658
0.0102070329620831
0.00748912493020182
-0.0136474447739419
0.00487463200547555
0.00378281476945475
0.0238833484399512
0.011350012523371
-0.00404360794373115
0.0249124154147617
-0.00246983963153102
0.00681642363687818
0.0139692028737102
-0.00512965214385019
0.00191828578080599
-0.00430553022771196
-0.00092661097098734
-0.0211987466674488
-0.0135129001459777
-0.00549596329111512
0.00788805895074152
0.0278313939090511
-0.000411955781169482
0.0159882554556576
0.0087404389766661
0.0138200639642072
0.0315898870086313
-0.0123292446875132
-0.00771679585834217
-0.00750155884413228
0.0201571178891786
-0.00888418630749843
-0.0031185461616321
0.0312960011016985
0.00370364261210288
0.0155151969790097
0.0283404934487823
-0.0120953602280407
0.00851021856727918
0.000695952159305513
-0.0264797773726952
0.00685018351579991
0.0140520275148051
0.00945564649897523
-0.00171744568694088
0.000538571521328635
0.0108846754251815
0.00426895334508171
0.0210894764077576
0.00239686081801782
-0.0128331034105749
-0.00369477325068424
-0.0212037406534433
-0.0126127566381884
0.0167011740373306
-0.019598973156147
-0.00161069400627767
0.0129772259807126
-0.00290736085071064
0.0109164374749442
0.00431589689726941
-0.00627159902451968
0.00323366883337783
0.0135000967144379
0.0148522521301864
0.000474022276123698
0.0119319823267654
-0.0136949674792763
0.0120746322726388
-0.00761214727090476
-0.000943083062424854
0.00433367544139251
-0.00172285454219878
-0.0271494471518468
0.0116260104871104
0.0169464933898222
0.00624716890747212
-0.00322864499754516
0.0279066161053905
0.0019278958647897
-0.00791580758886301
-0.00424437033380709
-0.0183997314063555
0.0113941779012929
-0.0105087737487999
0.00662876047124339
-0.0168414222227362
-0.0077286736215072
0.016577195952193
0.0152623517286852
0.000815371480066496
-0.00923433159643405
-0.00618519879282697
-0.005425588875279
-0.0119177258088223
-0.00375004131960921
-0.011872101061388
-0.00396574818741424
0.00498708975343742
0.00670539013294125
0.000974296012009823
-0.00727986583251017
-0.0135250801850635
0.0105676987929035
-0.00602830737015037
0.000873812775834537
-0.00517850146095267
-0.00851488004015977
0.0031063808706131
0.0153201330601211
-0.00329473781782408
0.000723886350196601
0.00867323622023353
0.00372145988163108
0.0264531303755255
0.000270655887354643
0.00499294708955933
0.0175568049668104
-0.00375715912434949
-0.00171796573643768
-0.00312704861971547
0.00149627160245736
0.0134008493742543
0.00270154884193907
0.0184180356922008
0.00441294284955163
-0.0068839319078009
0.00698093758295038
0.0102603774802112
0.00365186227147429
0.0160251013052521
0.00412443801318663
-0.00411280518611878
0.0116454944977731
0.0294844749589531
-0.00922877703708735
0.012740683449497
0.0044317385528867
0.0304468302704164
-0.0125857133719069
-0.00309206676622331
-0.00827721075609933
-0.0118880573667397
-0.0228585997491404
-0.0164755694877687
-0.00404367680183437
-0.00332141484579029
0.00494891894790062
-0.0195210889162158
-0.00637242636504887
0.00645341536363109
0.01035549897564
0.00764155139563538
-0.00654391701641011
-0.00524798700667262
-0.0028434290967132
0.00441811918363566
0.0176955426742973
0.00669768477321497
-0.00191553057476135
0.00660817367617828
-0.00966960637238223
0.0174501563761762
0.0028723906490864
0.0066157085270202
0.00233358306338172
0.00995960557670017
0.00725502889623098
0.0138982006497113
0.000403312933163313
-0.00156799404116725
-0.010623565759925
-0.0280067884801758
0.0243290807446801
-0.0131165975271621
0.00676219734183903
-0.00537183723332202
0.0149559322691273
0.00621204882120363
-0.00855800673417573
0.000527765693028037
-0.00243168091898216
-0.000511208082011549
-0.0102573775126089
0.010430139986819
-0.00577490411920323
0.00650496702566805
0.0319650837602055
0.00576756715827287
0.00682524750094959
-0.00148256808879133
0.00315631992115151
0.00298012164836425
-0.00401082504627492
-0.00850208659591001
-0.0106570323607285
0.00872855358912084
0.0057852032155159
-0.0193656441397074
-0.00192017315758441
0.0181675508850816
0.0118836076291533
0.00328936880297359
0.0193537258204248
-0.000338146516974724
-0.00932713673565644
0.00597487132876129
0.0152203939861275
0.00215013545687803
-0.0131591777518709
-0.0204391596643987
-0.0201922765394906
-0.00241798611207678
-0.00942443487215705
-0.00105173168422024
-0.016378467647729
0.00461218996408519
-0.0069093807728553
0.00892832422289569
0.000424293087982974
-0.0176389594158657
-0.011706771020112
0.0146874617622563
-0.00520828093978754
0.0179179750283485
0.00584004802120486
-0.000914616046459038
-0.0119758380236084
0.00187335336356043
0.0119810780083309
0.00657634775256355
-0.00587973087831273
-0.00237505155980156
0.00803979286197087
0.00296486721653544
0.00457435066377343
-0.00208613957397041
0.00434777123127805
0.0191173668164595
0.00572494298854842
0.0160376200993415
0.00941471779816716
0.00959851306682147
0.0142897931158839
-0.000269825042196636
0.00104051326555599
0.0232863504921106
-0.00832593469058107
-0.00834335520857898
0.022627492110483
0.0149107332769125
-0.00833789385102968
-0.0181241730643746
-0.0145615241826507
-0.00360464842010888
-0.00115144999066885
0.00663399881497373
0.00186281837507352
-0.0152491669937476
0.00785513278874461
0.0126463640560237
0.00726956224120023
-0.000975161242239508
-0.0136231320499718
-0.0129967990380813
-0.0276044315380135
0.00500916204786073
-0.0156556428658954
0.0134058434089157
0.00457238781476565
0.00612705505003852
0.0234902304210172
