-0.00374558871282193
0.0149903906393583
-0.00530365269541999
-0.0463544955496804
-0.0170324304502225
-0.0130857606438202
-0.00230546480518523
-0.0636498657659548
0.00291551001474932
-0.0571304601823046
0.0199412963189731
-0.00182080511293581
-0.0396478459203795
-0.0035677360885833
-0.00519205005477286
0.00234194672894894
0.00197236263285205
-0.0188863261652825
1.21200032250357e-05
-0.00419959874132481
-0.0365422393174306
0.0174629286877117
-0.00709379840409596
-0.0297640773167913
0.0151810709772349
-0.0218105684627217
0.00770078140984953
-0.0224738111230671
0.00177829915096073
0.0128020502125636
-0.0842065639606968
0.0112256426928807
-0.00840011085258752
0.00378223742570327
-0.0114138621671795
0.00763356447973162
-0.00942406932203443
-0.00572330600624404
-0.0196870236904854
-0.00463967074767258
-0.00472863269757617
0.0100388433638612
0.00469488994876954
-0.00910339058947773
-0.00773188733479291
0.00311992096234803
0.00261246845284901
-0.00645347180652678
-0.0486698404885342
-0.0265852333530754
0.0125092362410744
-0.0344554097678813
0.0122785425393888
-0.00637074401087201
-0.00803265551671206
-0.0267577633631975
-0.00515565583967792
-0.0149222019759856
-0.00970887049391056
0.000712567522717755
-0.00686802097106654
-0.0197005583487657
0.00259334425583546
-0.0589541042055739
-0.0757169364942234
0.0115112249838543
-0.00379763116403087
-0.0173893658581372
-0.00704081560630687
-0.0271923457645533
0.0100452581401376
-0.00667017882033161
-0.0151564450761352
0.00185561592337002
-0.00396832809823788
-0.0234099716072507
-0.0311025279867456
-0.0159109330141689
-0.0117519587241768
0.019555762332085
-0.0102835448244676
-0.0221395418534982
-0.030504918648588
-0.0239035115028399
-0.00402805398804151
-0.00771095600574956
0.0165503527608264
-0.0163571006772205
-0.0146973394657177
-0.0192575066364213
0.00665126324250043
-0.0138313079725485
-0.00853814566071076
0.0118454108050754
-0.0245034647613034
-0.0273064881735596
0.00658213890661852
-0.0197363735917859
-0.0187169163118686
-0.0233301163865347
0.000761618472618686
-0.0203541158021459
-0.036200120043671
-0.0389312090590241
-0.0418050072060083
0.0131309165991746
0.00318273739513586
-0.0401517993099834
-0.0126107827964947
-0.00678279904979817
-0.00514193662502382
-0.00705265487500739
0.00140030470714336
-0.0040459220507767
0.00479838692497125
-0.00202831556393956
0.00934133187384401
0.00265005180230027
-0.0309241966706377
-0.0779219180640647
0.00609786999266504
-0.0334100564491884
-0.00420239319992444
-0.00696073936856045
-0.00036059960272361
-0.0038618901691585
-0.0157442715237881
0.0022252174235069
0.012554354052833
0.0132249023112712
0.000779763274569412
0.0139161100573881
0.000740852344008225
-0.00439140229620349
0.0118879634159246
0.0187746215201656
-0.0256093795466175
-0.00798020277647193
-0.0283971741208706
0.00117065111176995
-0.00467525848865336
-0.0233071538130183
-0.00750562901289964
0.0107954042141971
0.000870862647969872
0.0129552931254144
-0.00590461126286268
-0.00107433810416424
-0.0100564521697004
0.0187167183570347
-0.013187359355622
0.0239075737391765
-0.0153314637089252
0.0187880434347969
0.012405179924686
-0.00290955334711196
-0.0169842193448186
-0.00278371202684635
0.00215810227883217
-0.00063759933484242
0.0196296440714745
-0.0155098115122145
-0.0175373777009238
0.000553824139629455
0.0130103780257231
0.0129025010309363
0.00871231772377712
-0.0116486781843488
0.0099447142772604
0.0276574822881424
0.0108428720225042
-0.0172097762072614
-0.00322461574899879
-0.00220621566224288
0.00458971381684314
0.00266088754211857
0.0160907965849733
0.0365138136865077
0.0220179223982626
0.0316174819609021
0.00295854744239143
0.0069886198498823
0.000423880867074011
-0.00425983045979805
-0.000497112408712752
0.0073744422653732
-0.00613941720161115
-0.0153864333534441
-0.0145645065870923
-0.00614957464776467
-0.00355847697860234
0.0052221617630499
-0.00532898271739324
-0.00599455081540867
-0.00517244070976997
-0.0148530540913807
0.00479583492354774
0.0179687593716515
-0.0161009869452835
-0.00121545278376622
-0.00611259192996982
-0.000463801922823137
0.00905230188125827
-0.0065740177777025
0.00363682762496964
0.00833611337922147
0.00903685594763282
0.00746075792121381
-0.000623720361782709
0.00218639322599667
-0.00631916658222487
0.0142511445614275
0.00201841912486334
-0.0142813828758346
0.000410745853539396
-0.0149114323415676
-0.00854346558145558
-0.00933199021276199
-0.00504558350797968
-0.00530999998441484
-0.000647497995867496
0.00467097748638423
-0.00299654109624292
0.00236823333419611
-0.0128422890327302
-0.0109550626155528
-0.00123176393511404
0.00897809908913683
-0.00457343173819336
8.38474690159074e-05
0.00616580730874006
0.00913806209625001
-0.00899618076902975
-0.0266437985522137
-0.0115740017697821
-0.011297604524426
0.0211109717769729
-0.00664502220505181
0.0114489444267161
1.4707017188087e-05
0.0124290846745509
0.00885525059238379
0.00249318856664349
-0.00472549296498936
-0.00306607215165222
0.00378036325588571
0.0169537846130181
-0.00695348282277486
0.00489850308222728
-0.0131364967363181
0.000589006242915247
0.00661952364017537
0.0197171495460644
-0.00202606340698708
-0.00828288259445653
-0.0077417607378667
0.00955694835639065
0.01469455355703
0.00460317386142162
0.00527556666634066
0.00425226032476722
-6.26319183778534e-05
-0.00483013084651773
-0.00357233888101671
0.00491991793307189
0.00250299769278062
0.0140575758703454
0.00183268368836931
-0.00886531341009
-0.00229684949347764
-0.029516433112188
-0.0082841873303181
0.000684038662967623
0.00114294416745331
0.00724255508049421
-0.0196181899317072
-0.0110293617509205
0.0126091447023722
0.000390008092574057
0.0105439855042189
-0.000979211033994787
-0.0165027329732768
-0.0109202260715096
-0.000213826135057715
0.00545568779229733
-0.0138239460514624
0.00954859799978625
-0.00202972452612915
-0.00667525208907449
-0.011212444709737
0.0106106502892374
-0.00283208007737734
0.00191335523373759
0.0183703120949081
-0.0204634396257655
-0.0137946600533478
-0.000543773117008151
0.020084278185152
0.0141879918987824
0.011394129578405
0.0221792733289581
0.0060998428453054
0.000688387483444686
0.0285721463649899
-0.0178238067766037
0.0169373962949217
-0.0209780473937569
0.00920472694404584
-0.00308702286879114
0.0163095279784482
0.00689016513231966
-0.00211332581031165
-0.0163257408030653
-0.00940951785939248
-0.00397583574062033
0.00547894497598111
0.0376294413964224
0.00884578697879324
-0.0081425751793649
-0.0110301072165671
0.00691826137795282
0.0226427963337157
-0.00384902820828703
0.0108818551803145
0.00354111444892613
0.01102994669733
-0.0189062137357174
0.00873402081383823
0.00503303216632567
0.0251807771690782
-0.00275366937093757
-0.0159023288192497
0.00221400555199569
0.0192463343741025
-0.00396982921204714
0.00392104909591584
-0.0131330839861388
0.00856433768309017
-0.0131204498145445
-0.00385149767391013
-0.00750371257073645
-0.00605310061137221
0.00838210919339932
0.000830907701424799
-0.00947272386354481
-0.00115996353882775
-0.00124429174800422
0.00349368251401838
-0.00741234977366378
0.0176147707029939
-0.00455635852677538
0.0236319861485264
0.00340164902095985
0.00940571902157128
0.0063843172376794
-0.00504339796840991
-0.00237468477722391
-0.0107059044116484
0.0150935220543404
0.0301580536997772
-0.00623686824556557
0.00579929165212256
0.0102812059252804
0.00377963344840371
-0.0198201567629583
-0.00166750888141998
0.0127186590909378
-0.00162410741475139
0.0263181675082258
0.0122172375324539
-0.00306764500217316
0.000524660745706562
0.0294081737888119
-0.0106992981232112
-0.00901102581113644
0.00666895079246554
0.00678715409362418
-0.000616337930566146
-0.00936814758927529
-0.0105844449114674
-0.00171344379688865
0.0191900029400927
0.0219410152189194
0.0135607418918733
0.000300490569351552
0.0128203709418546
-0.00274763271534173
0.0185580622104116
-0.00623264779251542
0.000574390306331551
-0.0361528853649906
0.00226220751004647
0.00217186821753224
0.00296301338612892
-0.0103779708688858
0.0101636302274315
0.00516806339458498
-0.00653287172259009
-0.00721179469511135
0.00398541943560016
0.0163126669120368
0.00244790234664016
0.0180219731904439
-0.00542103980091824
-0.00647520253929379
0.00234196533671049
0.0115604709308279
-0.00910913313172745
-0.00635659371476027
-0.00621762210249965
-0.0269908255740043
0.00597997155383911
0.0043061030241649
-0.0105152041559737
-0.0112228752841794
0.0167939833850861
-0.00200743839010986
-0.0234786122504245
-0.0125925547635202
0.00117545279834808
-0.00273557456886664
0.0319633646378934
0.00674656560789266
-0.000879285076240244
-0.0125163459608642
0.00446259614709277
-0.0172720060309777
-0.025999920760424
0.015260849332388
0.0173316677686204
-0.00434023526221594
0.019094503010276
0.0108236410422888
-0.0089749623897335
-0.0181025141757374
0.00975076695584765
-0.00478905964766962
-0.0022108736785178
0.00616357039706816
0.013778470768159
-0.0112365195275865
0.00375582695281551
0.00514312690190799
0.00667458442732194
-0.0379102971564702
0.00150763917120056
-0.00673622267826168
0.00832244454296127
0.0114236477216387
0.02522962689478
0.00352509295254588
-0.013037954030553
0.00613448167909691
-0.0117423516291026
0.00712371239810938
-0.00802290662874316
-0.0169634636312814
0.00481203860887458
0.00668902485409362
0.00862864777156247
-0.0129451588588649
-0.000773306218464498
-0.0359392805812258
0.0214329120247436
-0.000784185133831272
-0.0003708921012473
0.0266935560061858
-0.0160077204145468
-0.0059685934724989
0.00297048660859112
0.0327055003946342
-0.0129168180417114
0.0284258848612087
-0.015854205459612
0.0118722934755819
-0.00399222397888366
0.00346553893150059
-0.0120126290788596
-0.0150053799815284
-0.00180369782038614
-0.00535480812825462
0.00356638368043427
-0.00735596982034092
-0.00390333456513581
-0.00601301154545819
-0.00756178116333217
0.000506002085714385
0.00365988950305862
0.0110301723141868
-0.00432465523949421
0.00457838988806003
3.18961556926567e-05
-0.0124475839001708
0.00590918101846682
-0.0124889175335055
0.0137170416100583
0.00852557679899402
0.0112603738149026
-0.00204802705416718
-0.00447345311323311
-0.0138400148517901
2.13097921095695e-05
0.00300124128099633
-0.00126363153234976
0.00400198866335355
0.02113447060953
0.00978751639815911
0.0114580874069095
0.00444109294342265
0.0144053228968071
-0.0055723248028805
0.00406502160499311
0.0161873847738372
-0.00139910644551478
-0.00200401224691049
0.00120359670776082
0.000371804263323838
0.00841337892490213
0.017354143703777
-0.00608465635948185
0.0031853913782518
-0.00994773837698482
0.000552644682297654
-0.00231982171146061
-0.0208071329752313
0.00931146077515344
-0.0225842905580418
0.0214970590431962
0.0174456377036405
0.0124146728373473
-0.00331175317738541
0.00839727798049683
-0.0021023542998293
-0.0034438085558639
0.0265199958462894
0.0137095993458853
-0.00279994537358697
-0.0120214048562115
-0.00310241676398881
0.00295753657790332
-0.00430383514722887
-0.00882281620425918
0.0139749986795028
0.0358851034261054
0.00694962885376782
-0.0065798876027694
0.00668463404756903
0.00374354766527407
-0.00248178885011452
0.000688540063557674
-0.0254901621413044
-0.0136874779537708
-0.00717255750651624
-0.018856593489355
0.0090503886086637
0.0104203732135817
-0.00970233200782644
-0.00385387703133055
0.00206211144339186
-0.00965636825964022
0.00698981807534427
0.014173223091781
0.00628161928988469
0.00487426897136345
0.00379098775825426
-0.00375300810013446
-0.00831747553845474
0.0345794886905093
-0.0075898775319363
0.0168926313417597
-0.0274722807545196
0.00303680519772609
0.00277338650707204
0.0138188721529762
0.00261159203270811
-0.00858888022531623
-0.00534279792080739
-0.0103483933252262
0.00156092997878154
-0.0157022032818288
0.026927939676181
0.0357407266140948
0.0112008088982636
-0.00298542914184896
-0.0145323107690665
-0.0101894354756897
0.0174853712574565
-0.00459865043669527
-0.00137791554488853
-0.00896279770781394
-0.0049826243165354
0.0200728753666546
0.0152358382740845
0.0151431447338135
-0.0129889799966225
0.00287934285536906
0.00385750852673805
0.00200855724533433
-0.000858681320156762
0.0032951770598233
0.0110677075257826
0.00848281333600198
0.0370124815017618
-0.00654180121698378
0.00793247032345334
-0.0152095345009382
0.0188806637579466
-0.0103467618439517
0.00394898926192333
0.0104382140926118
0.00882655999241599
-0.0133870664548077
0.00425652618454908
-0.006769772889343
0.00483265755471418
-0.00567125112940836
-0.0281841569405321
0.0142907180301579
-0.0064072247052902
0.0211367720959545
0.00652952202808965
-0.00892689128398061
-0.00257314781957163
0.0236271579163043
-0.00474861765344059
0.0102371659082943
-0.00732245198024373
0.00155099526766644
-0.00344791780511677
-4.52393636738435e-05
0.00126783655328833
0.0106733915076971
0.00851015072361694
-0.0120716041970494
0.0118682488294652
0.00439633005148909
0.014838732191043
-0.00136537834839068
0.00859937694224744
-0.00245577766080451
0.0106397542812866
-0.00861166277413616
-0.0111261328848462
0.000128653738232565
-0.0109033723580509
0.023696525590692
0.0243763488834476
0.00342977444264836
-0.0117768922598893
-0.00845514577166728
0.0139385328753496
0.00660209129768763
0.00330528434224409
-0.0234050011604863
0.000969801210808363
-0.0108972505527163
-0.0216567233448588
-0.00321260253142075
-0.020174394751141
-0.00214749283779092
0.0179598767962927
0.00103190377376183
0.0139028709724887
-0.00965678495348321
0.00236482516212
0.00153260143297373
-0.0105267133434719
-0.00398471338336126
0.00096419410975912
-0.0048422086328257
0.0048496331116894
-0.0155220912955549
-0.0253915453727398
0.00406414579234049
0.01538303409815
0.00707444925575551
-0.00605588781432065
-0.00271877605997428
-0.00470810088752582
0.0101042197997403
-0.00140664923563794
-0.0028907883990863
0.00711004653319058
0.00529145543878684
-0.00929987474477301
-0.00541831360208
0.0293385200949956
0.0051629748410118
-0.0057716229445699
8.48333184491068e-05
0.00762202195653838
-0.0109059008196315
0.0186232027683726
0.0197003379560288
-0.0158553374496151
-0.0191491833450046
-0.0089400321427977
-0.0106918509104457
-0.00909835995226516
-0.000163879673817036
0.0110673738107545
0.00185020815223691
-0.00296377993708141
0.0184707354052644
0.00811340355470591
0.0213889850135542
-0.00290757653546159
-0.00426375344436813
-0.00241696203920938
-0.00741858389018901
0.00284164096263773
0.00176848340904012
-0.00168408357763994
0.00745063120456813
0.0149679519652093
-0.0198126314746796
-0.00143181083139066
0.0126498652215954
0.00601827968376689
-0.0154383517257966
-0.00597055554353165
0.000626017080851859
-0.0102563336003785
0.0054117371496103
-0.0081703105087545
-0.0154824428609626
-0.0241592779648858
-0.0238600743835793
0.0113518643013224
-0.0131557866986887
0.00577269586922657
0.00757873675772203
-0.0144859625377665
-0.00524040814773574
0.0155844767351221
-0.0169128081783958
-0.00733168752516988
0.00196994010802864
-0.0120207510950792
-0.00375458403907381
-0.00937933219169018
-0.0051076795802194
0.0174521205605522
-0.0116700421550879
0.0180449991175831
0.0203515336655151
-0.0144428572495983
0.00628354954731147
-0.00916680212542076
0.00874025459752126
0.00506230865620516
0.0143158568564248
-0.00221086801436332
0.00612046323325632
0.0120159178231036
-0.00204567955746615
0.00655603921748149
-0.013637093829832
0.0176254413325907
-0.0152398318223508
-0.00491804230569226
-0.00256328165202202
0.00185027628181977
-0.0025891745184321
-0.00203862269350452
-0.00859645551383181
0.0265713524859299
0.0199177563338795
-0.00126472194319849
0.001648510207378
-0.000388103678448104
-0.00975296494252831
0.0260389562792049
-0.00831672792195182
-0.0158327201085644
0.0030139376214855
-0.00657214926204031
0.00259778286603218
-0.00487606403223317
0.0107720340216675
0.00757587216351663
-0.00136517354762411
-0.0172922488024394
-0.00928473401462249
-0.00121464190818887
-0.000467263381909611
0.0156723145704456
0.00329612449467742
0.016666241311353
-0.00192541581663175
0.0145321518666153
0.000419018943133231
-0.00960255319388903
-0.0135437575254951
0.013505627660007
0.0107029267596008
-0.00334222404192097
-0.00754955695163151
-0.0157511610082146
-0.000268429334047582
0.00321085756772277
0.005185027055985
0.00352127479719755
-0.0115518177672946
0.000967062881803926
-0.0104175357710359
-6.28165126190794e-05
0.00130980323375329
-0.0156000775636045
-0.0138397136921782
-0.00449879552827515
-0.00293792621661204
0.0156207841945433
-0.00870158667062704
0.0151235221533668
0.00797701559035513
0.00354759263840787
0.0097904677592231
0.0127901367417236
0.00152969852440332
0.0025913204789445
0.00790575409412764
0.0104805725759292
0.00112272306263606
-0.00263264542787844
-0.0189522488415008
-0.00939322427445255
0.0132431959813779
0.00514808036788406
-0.00513000112774264
0.00295647082629369
0.00629561111818244
0.0127426476128063
-0.00290429523391733
0.0111682811552321
0.0141821749006823
0.0186453656520484
0.0132327591324639
-0.0125058841375099
0.00638250127345064
-0.0161993096759661
-0.00878687513614818
0.036223174541762
-0.0087855401967003
-0.00132348056525711
0.0073567462168791
-0.00629008195223069
0.0152154295238569
0.0164801411296924
0.018023362606626
0.00696938270633929
-0.00724791710680783
0.000558882213640643
0.00234667540809941
0.00075852296042811
-0.000619372419347286
0.0125273478156434
-0.00460685543910699
-0.00670612036699048
-0.00884656593689392
0.00121549980891711
-0.00746581926505652
0.00182056126966312
-0.00660221523655391
0.000206944422937561
-0.012354350597132
0.00180672644886215
0.00697803415810139
-0.0188067578265176
-0.0095194503938103
0.000828664752567043
0.0127742113807257
-0.00627233479246758
-0.00396363600690641
-0.0111021693802851
-0.00679252545158082
-0.00936198551871925
-0.0229462074121667
-0.0164500076046936
-0.0167921120381607
0.00649535646082899
0.0133475184634069
0.0166796971401899
-0.00344611884528145
-0.00678336604546015
-0.00143301686888808
0.0103027967433427
-0.0136689464868009
-0.00648393943261105
-0.00664411803436149
-0.00478745079688281
-0.00504756171532872
0.00880868699287518
-0.00325528610366543
-0.0595342975479598
-0.024137825165119
0.00999263796482897
-0.0276162360533654
-0.0159813805706603
0.00829935048683605
-0.0165562172303506
0.00228612297387976
-0.0247432575199067
-0.00533039362604892
0.00137715368115288
-0.00272927472585049
-0.0156604456576037
-0.00369286093387711
0.000367607998013497
-0.0124380817856018
-0.00650474934777989
-0.00757193282083346
-0.00670437046598327
-0.0183190153531392
0.00628000679426055
0.0155797748795159
-0.00747235828771942
0.0173490145182233
0.00672701353490535
0.0036488812933726
-0.0121488327303965
0.0276389675434157
-0.00142777969972041
-0.00589593832050461
-0.0180140200163503
-0.00092874565855805
-0.0111622891454584
0.00430726347564114
-0.0190427657148327
-0.0101516781667792
0.0126139652646176
0.0164645054851542
-0.0146740281193143
0.00940303726858538
-0.0368067532283884
-0.000401463847406802
-0.00840720646804183
-0.00337659776345856
0.0058588475292698
-0.0169525729168898
-0.00132327354700834
-0.00476564448966865
-0.0299262931793098
-0.0126801651683373
-0.00737739791311931
0.0162373774889657
0.00143739195317583
-0.0129416949946997
0.00497399866922166
0.000458691516703524
-0.00397057225467989
0.00910754837517214
0.00575456903105032
0.00458451763952361
-0.0102865305744047
-0.00343209523682564
-0.0176665075063047
-0.00490222282654518
-0.016234307121807
0.00558609700271795
-0.0047795505458339
-0.018016642013392
0.00873568873234376
0.00423212195583389
-0.0140037496151875
-0.0142453271149625
-0.00583912767476669
0.00725713089849744
0.000716734219384563
0.00733949352293628
-0.0192067121179136
-0.0122272436604431
-0.0102771930770995
-0.00520998574321219
-0.000385523793427822
-0.0038462118314504
-0.0134196232845722
-0.0184372151948438
0.00689505720870454
0.0044843251626121
-0.0168614405998078
0.0112458683602217
-0.00431295952047073
-0.00307396593877929
-0.0125239411242779
-0.01838329418523
-0.0165043316459821
-0.00742713373610826
0.00965720226977673
-0.00695733630897344
0.00873283462918018
0.0149578494763363
-0.0099514832855272
0.00903219203499361
0.0173469420908505
-0.00281324504537839
-0.00397036736612666
0.00169518279251868
0.0163113242660087
-0.00395293313751299
0.0141583296619547
0.00968078081613211
0.00828689851299291
-0.00509705547954642
-0.00469173490342367
0.00399814668244769
-0.00774673003923265
-0.0149579265909754
-0.000240850062581899
0.0080835756610611
0.0524544901207165
0.00507498502835357
0.0053455144124479
0.0184016200787278
-0.00429104635715305
0.0103875551536934
-0.0079247747461908
-0.0130954639447349
-0.00871657177188467
-0.00372217114166951
-0.011952735060321
0.00754061534767203
0.00100402941445843
-0.0145998383241386
0.00900395625538497
-0.0159697517650725
-0.00860494704923198
-0.00408417887931023
0.00708376752937223
0.0173171532037735
0.0122462665709016
0.00801034979578752
-0.0102916671065527
0.00953539441271101
-0.016010089969142
0.00215309564207544
-0.00109576553500013
-0.0125747496126971
0.00898007471568452
0.00883905567385312
1.15312951818325e-05
-0.0217794538528819
-0.0073581244679195
-0.00477702877926678
-0.0156421304505834
0.00155991980262726
-0.0134153760157734
0.0293983261726058
0.00136454649216056
-0.0428141293290247
0.0158172559758727
0.00525250296203694
-0.0105261959636591
0.00494238245983958
0.000278038445631346
-0.00658870646987797
-0.000626954660745582
-0.0105517467972573
0.00442946709400971
0.00982616397001301
-0.0123248065195929
0.0101433847765158
0.0253743635618218
-0.0108451784995438
-0.00128663363309123
0.0122898652372321
0.000255426135328918
-0.0153540327251518
-0.0090660421440738
-0.00888605499629058
-0.00781072171291086
0.0015073117192328
-0.00469339681935566
0.0039968654476974
-0.00634955951282645
-0.0121213963718816
0.00129824508702203
-0.00854814632914991
-0.00822858564432405
0.00841756128928495
0.0126982232404673
0.000667407250650065
0.00765722721611173
0.00619742286317404
0.0261870640034196
0.00201027081407723
0.0100528364329273
-0.00272999777380356
-0.00119212923005207
-0.00484992462404499
-0.00629255544641172
0.00422766858673551
-0.00685967847639635
0.0270276795445712
-0.00444324535143803
-0.00713772666060386
0.0129214042633272
0.0175120699007767
-0.00639979039914262
0.00751568232626543
0.00552488875772728
-0.00930001091556498
-0.0169663043996966
-0.00302985416802581
-0.00909807703596854
0.0128627458624244
0.00452328674033708
0.00811232441156839
-0.00936183263430568
0.000934731791411458
-0.00280503888222139
-0.0117288570626775
-0.00251840541696069
0.00782349032908503
-0.00470595370403881
-0.0370257715182714
-0.0157160556743614
-0.00844902955336657
0.00151576756765248
0.010593647533307
-0.0241235718011454
-0.015981649981506
0.000293929866606923
0.00152652428857714
0.00168709192212901
-0.00892023634240324
0.0123351689845448
0.0220239210864719
0.00760352951616738
0.004196554098014
0.0201924546833157
-0.0163350327078104
-0.0183841912477636
0.00142562509014699
0.00656097127870758
0.00663543440969594
-0.0218328195186315
-0.0186880218702337
-0.00665926058187072
-0.00718435199775946
-0.00617224435801322
-0.000383135099079723
-0.00611997956544386
0.000949443903593306
-0.0114148928539253
-0.00402287723619743
0.000439299900358847
-0.00669897937660924
-0.0128378215211642
-0.0100617962103344
0.0254065971399644
-0.00371566004872026
-0.0167233911299975
-0.00445245945736961
-0.00715966538384905
0.000126005254764472
-0.0101921945284822
0.000882512355129705
-0.00455742202447418
-0.0133046052553922
-0.00769669246925897
0.00375011533016512
0.00792047001386909
-0.00514152270913648
0.0195515414537732
-0.00190693423313881
0.0187144273210382
0.00602546100326773
-0.00870831852624132
0.00166851239091947
0.0135450253817293
0.010161140718969
-0.0162667140165542
-0.0309509184406291
-0.019567798808696
-0.00813011146924225
0.00574872400929038
0.00676002057699954
-0.0451043730463043
-0.00416380880484901
-0.0052992002146679
-0.0181644652057509
-0.00233180967218605
0.00422314857595918
-0.0124955261363047
-0.0199546410943467
-0.00153122905783132
0.0286125032235365
-0.000215661141805157
0.00641390125530616
-0.020855592461146
0.0268899038929407
0.0053312400311869
0.00667357877966523
0.00102696868480212
-0.0192230729556169
-0.0130231085141936
-0.0168848814392213
0.016507828377514
0.00541612808302894
0.00522274940430378
0.00959703230957754
-0.0253837630644016
-0.00911577915780359
0.0100403585217572
-0.023165182830045
0.00322252083168006
-0.00826842692315477
0.00889296955536789
-0.0120067259439054
-0.0207351508733211
0.00319937652460389
-0.00472543323277819
0.00044035325320646
0.00635578612707821
0.00499581825753381
0.0206121284218259
-0.00608402226088245
-0.0161505426330075
-0.00966188225480114
-6.5478247106121e-05
0.00161668860385777
-0.0153284956904987
-0.00667091098647887
-0.0106446784223051
0.0189182019861578
0.0327648989948175
-0.00512673144624287
-0.00638597914821482
0.00319364310197834
-0.00988804164797141
0.00896640990127207
0.00303138221554455
-0.0206173442202386
-0.013950381233947
0.0129077990463875
-0.0106718250954847
0.00515781749876698
-0.00219237345187739
0.00858820243172076
0.0200034812785583
0.0100956672336263
-0.00116939818954176
-0.00329082499147226
0.00486529089299559
0.00984720792917404
0.0149837157150507
0.000940458067441696
0.0158478749417359
0.0022782069859284
-0.00339439148814247
0.0113043454299175
0.0133405332655405
0.0222023116263506
-0.0180540906564337
0.00744540648333292
-0.00461523306186962
0.0185184967357026
-0.00252790885513576
0.000100568492462649
-0.0119419000500764
0.0280602013211455
-0.00810303476908558
0.0356215680432665
0.0032134262919028
0.00326024885781173
-0.00908974436995535
-0.0195497224291552
0.0166546736918063
-0.00392834909206563
-0.00682813478437705
0.000228516104423981
0.00996408340333765
0.00477673583087501
0.0148044505605958
-0.00121432514034492
-0.011117843659191
0.00791316926430508
0.0186579693718389
0.0164035589374993
-0.00278019886040237
0.00632384783613738
-0.00573162611293387
0.00245134395200086
0.00569523151065798
0.0274986240828436
-0.00318421434012617
0.00710910804572062
-0.00235537517945605
0.0038706152619481
0.011363562055319
0.00533107265102029
0.0151422983606908
0.00981867791603364
0.0108985853461681
0.00679626687112123
-0.0142654560316053
-0.0139361289723805
0.00443316971389773
0.0133042388601954
0.0223973478161827
0.00147524538206412
-0.00848481741731799
-0.000497734301957209
-0.00447008665368731
0.0134115566281237
0.0158592643515236
-0.00884893523716013
-0.00195407913771906
-0.01032418123759
0.00825272440825309
0.000392028922122201
0.00107901483408224
-0.0019000994663072
0.00453630882447875
0.0104706369687051
0.0112338501622684
0.00744763536846982
-0.0184226130122012
-0.00403608078513074
0.0218423781726331
-5.54434153352545e-05
-0.0134457837393347
-0.00557693735591869
0.0285949275096558
0.0108735181202526
-0.0113462378585591
0.00444353255294239
-0.00506662420347226
0.0396948691534611
0.000299005924740747
0.00902232136327008
0.021585353683431
-0.00875436869432367
-0.00793649433428367
0.00019092236504914
-0.00164677841745942
-0.00413751106973947
-0.000921288590292058
-0.0176960389743552
-0.00146507434635623
0.0038602630714939
-0.00884606885146244
0.00983806118123276
0.0148508882762881
-0.00402933514368353
-0.0115788378803563
-0.00252892395876003
-0.0213351601181904
0.0194476923268558
0.0116747747377968
0.0092018949877728
-0.0108654921436946
-0.00382300983936723
0.0177455840577077
0.00100944341831077
-0.00209724650689136
-0.00637939519794273
-0.00164176779234548
0.00799104485139335
-0.00338954343476949
0.0112732898133752
-0.01408000323738
0.0125185797320144
0.010355245512061
0.00316832374020759
0.00765461049124649
-0.0020074578702074
-0.0188975912801359
0.0117004445667295
0.00793289681403042
0.0129800424377038
-0.00857171360102793
-0.0205691845211984
0.00462384442694397
0.00139049929114776
0.00696483451917551
0.0107093461261218
0.00518386251959946
-0.00833732735151305
-0.0142784439743719
0.00706903019883409
0.00701330437407321
0.0010787117038431
-0.000333787713021394
0.00710614147433475
0.0178657113726448
-0.00590758053420526
-0.0163772929292119
0.010515921723524
0.00132047992551332
-0.00464321251492539
0.00233251814427415
-0.00718720955698782
0.0107039828439817
-0.00343039493629149
-0.00736119987286887
-0.00150114737541607
-0.00592955690458297
0.0115663270242035
-0.00137708277024906
-0.0126809161338635
0.00578887545536055
-0.0120858758373146
-0.00916872003724301
0.0111774644138913
0.0121718618712823
-0.0272613491834406
-0.00288304976357878
-0.00804488269186976
0.000334343635441492
0.00370197232264413
0.0147317291313938
0.0192935255121158
0.0144224232942944
-0.0107311807272623
0.0160674983378764
-0.00967037385258607
0.0254016060741984
-0.00971984216332
-0.00647729983757195
-0.00672324342563346
-0.00799105132613853
-0.00414868833418591
-0.00232721499580979
-0.018628664284897
0.00047661345915273
-0.0040830552758413
0.0200944408701362
-0.0068864254724188
-0.0163247050251725
-0.0124440158927941
-0.00343015109726341
-0.0056012144081139
-0.0201402535790578
-0.00387341207770575
0.126082887848925
-0.00699059448093919
0.0251028049754316
-0.0146027686215078
-0.0159234133248427
0.00884160889958263
-0.0268044917617045
0.00116773439586204
0.000350895184994648
0.00513673794930725
-0.0212744269818108
0.0154450900644081
-0.00754508319915637
0.0179836044951713
0.00380050695503709
0.00324015087004526
0.0113606147085887
0.0111089236530573
0.0178184580005345
0.0129166227703053
-0.0028659333983132
0.00170802471977805
0.0135684409608228
-0.0218090677906613
0.00910143721388135
-0.00461187023577914
-0.0101077727032264
0.00698341158399707
0.00532836515868418
-0.00800298849061587
0.0225663244871726
-0.0145010449620946
0.0169915721466447
-0.00443150740254072
-0.00287906815990979
0.00852733355356872
0.00898682189019784
0.0134738250616255
-0.011506855180702
0.000525577822381607
-0.00562123249598123
0.0170426375225103
0.00936317104594497
0.00101009435744093
0.00699460539381125
-0.0122254630244569
0.00240746296234562
-0.00816878403105736
0.00526706091400353
0.0314038694329346
0.011863079199383
0.0136665765697472
0.0299661768671848
0.0154193041749995
0.0225187072394704
-0.00487756521574312
-0.0117791556019347
0.00527157639006148
-4.38067124335362e-05
0.0268980424858611
-0.0177518622013819
0.00690196472902382
0.0132778258930815
0.0082946150320895
-0.00893790132068784
-0.000714307352409627
-0.00853876159017108
0.00479204575314984
-0.00431049361979685
0.0114429491847021
-0.00660244626755091
0.00693889449603358
0.0256426124445426
0.0120793265006469
-0.00577204847306945
0.0179290093688182
-0.00364200015581773
0.00639115787950661
0.00702482021865336
0.0124084521961914
0.000521352535567843
0.00829598161977518
0.0268626879687259
0.00256674585788286
0.00678169002354334
0.00902347014861338
0.0037908297520346
-0.000482488320505681
0.0399810250186619
-0.000375220028388412
0.0195499951049039
0.0152002357984076
-0.0015967152187315
0.0103245770581388
-0.011773934385932
-0.011687235382098
-0.00572340150388406
-0.00967407617670624
-0.0252586502515237
0.00268957962370742
-0.00250125273368162
0.0161533264923355
-0.00511396597604818
-0.00363696748989994
-0.00558709134636626
-0.00311489688935129
0.0138234944079638
0.0110979522704628
0.000704027323210177
-0.0199934979624521
0.00599857155392947
0.00041808918316022
0.0338583259046628
0.00323163676321947
-0.00524663946970172
0.000387884648747949
-0.00223667017028539
-0.011877767634795
-0.00960097131391713
0.00556590282313785
0.00752855972611499
-0.00397382133100521
-0.0115218605423184
-0.0146168387595367
-0.00450071420172016
0.0184497578153309
0.00514260073694306
-0.00301000868506041
-0.015249711646109
0.00709685602211518
-0.00590771497854448
-0.0175029616897264
-0.000938552961429195
0.0024763568018713
0.0139549321695034
0.0231009742831372
-0.00461656633941754
0.00283835874915539
-0.011174593050483
-0.0116410742765725
-0.0131769800574837
0.00868532632595276
0.00989350840996828
-0.00337639605166906
-0.00306866463936384
-0.0171174957826183
-0.00917790677036034
0.00691397598091381
0.0028592986173912
0.0135080290127982
-0.000937693687729002
0.00832917423800961
0.0019121514592344
-0.00415555095539499
0.0111896410301116
-0.0123426413669581
0.000957822655175633
0.00192447260970496
0.0128710294145247
0.00334039036242029
-0.000635087005564472
-0.013629081864881
0.0050849333710552
0.00385187731989056
0.0216684317760425
0.00389335289934678
-0.00153059346855677
0.00820061907864922
0.00971618290090426
-0.01093862195341
-0.008401702294071
-0.00669542701803216
0.000741037352491425
0.0158948132168248
-0.00455245450502328
0.0084349687920291
0.0106388262698411
-0.00684799329277652
0.0196555719793912
0.0513365311032787
-0.00135927740073516
0.000121720779408641
-0.0190360113427559
0.00999166480787217
0.00282849862121459
0.010856155212613
-0.00529222854814826
0.00711085142689605
-0.00276077018726184
0.01745889848329
-0.013132538365749
-0.00342342533654438
0.000499459497607546
0.00341458087386215
-0.0019718643698079
0.0004856562971014
-0.00167651970199589
0.0235171815551514
0.0213454727303208
0.0246365242968665
0.00546812497853466
0.0226479460322588
0.000639949261950434
-0.0201542663813985
0.00156297862306953
0.00940947816452642
0.00831694760687274
0.00246043687966768
-0.010713247206005
0.0192519490078054
-0.00233421444868487
0.00100740801300336
0.00154460236072218
0.00748234490718058
-0.0193778415676542
0.0200036296078911
-0.0253024383789793
0.0104186292132606
-0.004901693790198
-0.00799244128166432
0.00446313086343242
-0.0139547350399676
-0.00268792202972357
-0.00368186054225461
-0.0215577679076775
0.00688888562268808
-0.0205947852226824
-0.0115873712495498
0.00554886894338225
-0.00243049839593024
0.0212464555846514
0.00105144857412931
-0.00962051271742315
0.0209108646747698
0.015759655179334
0.0239894893253831
0.0133526798659158
-0.00785971457794421
-0.00546873204049714
-0.00291543541428041
0.0172402776272937
-0.0457689900230545
-0.00143886784875669
-0.0116539456707807
0.0142754618323897
0.00844311296560551
-0.00592960203563919
-0.00481543495285841
0.0128132776476209
-0.0112639238746786
0.0148542854582354
0.00542029301474667
-0.00817561465467076
0.0141671474718201
-0.00458917985681584
0.0107103260584971
-0.00367403742435268
-0.00180053779665101
0.00731983045708784
0.0311412955192303
0.01340737519714
0.0173201358365018
0.0159590490652075
-0.00757483098696543
0.00863139769126686
-0.0150263419306187
-0.0193226535306525
0.000185876068172774
0.0170931474928873
0.0134416906721597
-0.00740766053071695
0.00598333903787474
0.0107813170006992
-0.0138017468652514
-0.0247825401598973
-0.00859844609756255
-0.00671108039593094
0.00620456225871724
0.0142003458754179
0.012256080157675
0.0028102404588779
0.00706545849929796
0.0089646660082856
0.0182727978550972
0.0107302858538363
0.00923309369660252
-0.00485075143277491
0.0165990009135841
0.00905052326068123
0.00179196326268993
-0.00727381576423269
-0.0143232628303744
-0.00377277425756262
-0.00359771650993945
0.00452859323859744
-0.00321369383268166
0.016774816578466
-0.00499759023862012
0.00692470456499183
-0.00151651653447793
-0.0135290093238689
0.00863630163156515
0.00355553733056446
-0.00127015503695826
-0.00023088461647891
0.017433081725887
0.0116070407431428
0.00827301738137365
-0.00109319803947905
-0.0136578509492695
-0.00924657772714177
0.00493585468763058
-0.00909447768592209
-0.00516391892802659
-0.00870036140757513
0.037958543068588
0.00966653967020825
0.00553661424656493
-0.0135924315345122
-0.00534181680763357
0.0240006421274437
-0.00662070076972565
-0.0157604795502442
-0.0128134663391366
0.00852285051674873
-0.00268263090408372
0.00118441060974739
-1.82629392266875e-05
0.00289646770595908
0.015319046038373
0.00710303878972507
-0.00747134670559291
-0.00147676937713381
-0.00958577739577482
-0.00528549640795273
-0.00912376643883839
0.0114283159817914
-0.00167385273781662
0.0123065194185346
-0.0035746795433047
-0.0206643718118382
0.00658017710174619
0.00830911970257109
0.00279453471106361
-0.00725348990382457
-0.0161740787590299
-0.00872629463979457
-0.0100362071736733
-0.00347241403052667
0.00279636563125418
-0.00608081779002045
0.00832722663672758
-0.00441307972241844
-0.00685607586187054
-0.010780977412459
-0.0161940392834348
0.0127515985941402
0.00672972917016956
0.00173882602830044
0.0108464636943957
-0.00367282854405016
-0.0132529942769031
-0.00071631218564594
-0.0131002433148639
-0.00605783570220986
-0.00192010983908908
0.013309713817959
-0.0115227521783368
-0.0129366705919587
-0.00367378772097471
0.0232945061546959
-0.00874607117995208
-0.00229134977295686
0.00576262948812101
0.0236456700486052
-0.0128328863341265
0.071133868135413
-0.0223013799056133
0.0172049904434859
-0.00805725893391784
-0.00872058607842519
-0.00573575687041128
-0.00871292691159731
0.00025636653313299
0.0062334557526702
0.0918414779101973
-0.0232876905121424
-0.00805272437291293
0.0050618021358142
-0.0188210779674209
-0.00353405376256077
0.0253314856876488
-0.0191118818144345
0.00634750135290041
0.00778668365291413
-0.00557155179912705
-0.00617968936771351
-0.0191110215999304
0.0087687013103368
-0.00757409016268529
0.00169834743711572
-0.00590487052910404
0.00517488822701839
-0.0220298452765135
-0.00646872860901038
-0.000578234084480655
-0.0162571826044431
-0.01585429156325
-0.00606846012332873
0.00833581155801788
-0.0116288162684794
0.00450583362033985
0.00915366797544781
0.0123201212548887
0.000928121761747391
-0.00605382183115477
-0.0233854602151853
0.0159839313568959
-0.0042186547719627
0.00566246340742715
-0.0160451893436502
0.0321398888942914
-0.00847833919249563
0.00233687061494248
0.0057129605983155
0.00251527092850079
0.00107735878748549
0.00905457881726157
0.0114982117692968
0.00395360601441119
0.00937331054833646
-0.0131882829004635
0.00521558906796749
-0.000210595901430466
-0.0177377816275008
0.00686040668378229
-8.65448243319022e-05
0.0132581326649879
-0.00963711834854752
-0.0100031751875234
0.00413041358740873
0.00470260881663442
-0.0142103489232861
-0.00950960445793037
0.00351738707677907
0.00753576977461989
-0.00553736598852073
-0.019140060817735
-0.00783939737062322
-0.0112089429402742
-0.0160324374486018
0.000124054040568033
-0.00281082077908223
0.00340551662906474
0.000594596174383177
0.00535163059545685
-0.0160662690332263
0.0091242688420996
0.030195966386545
0.0218767507991942
0.0115927788218295
-0.0176134345578367
-0.00778960404515061
0.00601819048046792
-0.00774783054231776
0.0143880168802601
0.0178836179752917
-0.0115066512687934
0.017767644567634
-0.01286987603065
-0.0244199381099666
-0.0367669817056671
-0.00782811782595427
-0.0133811746722037
-0.00606930595738664
0.0108231355193773
0.00478528698894909
0.0106711509967576
-0.00160167218788931
0.00808792849415951
-0.008214012641103
-0.00305062833592373
