-0.0183565665749601
0.00619170825803916
-0.00329764602163518
0.00543832810645739
-0.0193570459343304
-0.00154572969858524
-4.02544039372899e-05
0.0315302056691635
-0.00240214754326296
0.00304014196993307
0.00947735831995278
0.0034555480369356
-0.0168561869064909
-0.00891060421504708
0.0034296583157758
-0.0105025538551997
-0.00726368232471497
0.000180061940113774
-0.00727561838331336
-0.0112626181432107
0.00712754724064801
-0.0061592246770239
0.0124050241220903
-0.0182035364159896
0.0124266917776641
0.00635922598874483
-0.0031038218030055
-0.00362787637123319
-0.00153136191918879
-0.0173556080554933
-0.0161737559478778
-0.0147971336980639
-0.00841745438662933
0.0151848050501986
-0.0171063047925299
-0.00949478924735025
0.010748937112087
-0.0136658785901433
-0.0179355809250836
0.00669498648727096
-0.0324465758424557
-0.0227397472816433
-0.00466268495070388
0.00634113903695877
-0.0143318593002837
-0.00247619488246098
-0.00885803417547937
-0.0135951172821738
-0.00363452354150251
0.0264963557048237
0.0219282264281286
-0.0109686013751054
-0.0322767044608812
0.0017850853837631
-0.000333811710586218
0.0177222318462027
-0.0068099638402872
-0.000306925017454773
0.0124016893688941
0.0193912629756481
-0.0071446367225354
-0.0154030374794489
0.0246218382838537
0.0091864734457987
0.0187521441725078
-0.00621299406056686
0.00204924179904076
0.000955368669793621
0.0117538780992419
0.0156588650356282
-0.00192559622396082
0.0107147443225619
0.00418426056487231
-0.0159428554447105
0.0137931504885431
-0.0100043000683767
-0.00285261256539027
0.0117638737633694
-0.000324816857879107
-0.00717048482510396
0.00547359946738979
-0.00572072771888266
0.0252759779084029
0.016987144216273
0.0297604814491201
-0.00661619021407489
0.0193336323787436
-0.0106852027000306
0.01982820145557
0.00726968515974935
-0.000100021060237765
0.0111970217982531
-0.0118535854074899
0.0064705277561572
-0.0106179289896433
-0.00383507674341743
0.00678481275401577
0.00934005402422144
-0.0228390831379439
0.0286022164164343
0.00411823657667743
-0.0268176171467687
-0.0119023045081486
-0.0112505705252985
0.00712019492844806
0.0181222189896646
0.0209492317993396
-0.0180022778897859
0.016629844189314
-0.0110121647903112
0.0374582604513591
0.00178476816882878
0.0274016859733219
-0.0101905701744505
-0.00752857602905266
0.0040966053556275
-0.0141625039940365
8.32248065210095e-05
-0.0106367779837662
-0.00843782530575243
0.00135701726831083
-0.0100966077413327
-0.0232452198676123
0.0236505628936081
-0.0129823849750696
-0.0114439148058798
0.000348778217701629
-0.00724472195394199
-0.00366900962382744
0.0179483007427699
0.000580498383415673
0.0088513276328932
-0.00964071973368075
-0.0104476020047768
-0.00599081562637593
-0.0181773926337891
0.0255217418196674
0.0130504715205815
-0.00950560544186629
0.0080398899219416
-0.0105953041866114
0.00789958679951575
0.00363429806696658
-0.0117946250441268
0.00977409896648851
0.000873222854192335
-0.00511933116130869
0.00444519848172753
0.0132120549638293
0.00904954423461657
0.0165824000049017
0.0084106509379609
-0.0299850271592499
-0.0101845954960638
0.0372459726120651
-0.00156637565415441
-0.00642601706412904
0.0228248868642913
-0.0179173099328329
0.0126986658559405
0.0194054538255797
0.00154637989534034
-0.0152034830199881
-0.0171735005584654
0.00211601378458681
-0.00408921757011793
0.0133156707161337
0.00675751595019225
0.0130074401768736
-0.0178740480180188
-0.0212843255957793
-0.00385756616548782
0.0263833486349903
0.00240877041499754
-0.0135117295058667
-0.00399949239738362
-0.000360541418648275
-0.000274449784042119
0.0284665587267217
-0.0044998068276394
-0.0229953583102542
0.01669330627651
-0.00105026848130496
-0.00419026958182389
0.0203795906449313
-0.0114541643519228
-0.00885323629186985
-0.0105737972106947
-0.0248172557503077
0.000842067875153063
0.00813841739842758
-0.0004137868051588
0.00412440759550758
-0.0249316242905238
-0.00854177168075498
0.00303861194803012
-0.0212824683263086
0.00659450120670435
0.00601072029047511
0.0124089688825828
-0.00257018122315067
0.000346549318035905
-0.0071223662895088
-0.00812212966894599
-0.0129821747763303
-0.00227124611781448
-0.0124148232105394
-0.0073279206641006
0.0241761227189317
-0.00227104521090737
-0.0235855552622208
0.00116849176422829
-0.0224992676047719
-0.0125189396011605
-0.0293912731134682
0.0097841404922816
0.0119153574392135
0.000223980851887795
-0.0133820301441894
-0.0102864362290731
-0.00988441218621983
-0.0198203223470861
-0.00363141765109809
0.0154536969069552
0.00599217859117473
-0.0227754436155969
0.0129188813934018
0.0151739604078776
0.0336752744505944
-0.00921731814576621
-0.00694868621402378
0.00470247661461176
-0.0108811647146405
0.00104641932359328
-0.022405325075769
0.000223108342821021
-0.00309951326947644
-0.00816330587894498
0.00874176939899129
-0.00416528469899902
0.00638291485598508
0.00732376409530122
0.00216570890832379
-0.0140443719136085
-0.00360578435688108
-0.0181937104755328
-0.0148740980249675
-0.0070208701602672
-0.0225454901266033
-0.000612509792210503
-0.0147270383610225
0.00616533687535625
-0.0162884140881685
0.0196244711596716
0.0151495018030445
-0.0114368389629957
0.0184068393694172
0.000690987401588572
-0.0041032129530203
-0.0125506874488357
-0.0137869960606594
0.000287939088291722
0.00764104622690365
0.0162624354415719
-0.00264143188953891
-0.00835296652001372
-0.00169586278249145
0.0189833712429719
0.00901000354711456
-0.0159742508752805
0.0141322522312306
0.00373872737557512
-0.0119532927424295
0.00685358883305831
0.0158925876610549
0.0109974215859978
0.00946200826086052
-0.00471593872284082
-0.00973483160556565
0.00131704707316871
-0.0133468215498249
-0.0113430260052239
0.0102571881385254
0.0115333740375991
0.00615784497070226
0.00967164257249387
-0.0141835700766206
0.014104838129632
0.0137537873563387
0.00510781315602937
-0.00512302151373056
-0.00911188526879503
0.00952003505522825
-0.00446156192567226
0.0217530450626393
-0.00566916090873182
0.0251294130989033
0.00825389340107652
0.00505842658386779
0.0120427325362886
-0.0100157762313886
0.00267293939717561
-0.00223352885373718
0.0204318450137135
-0.0144912924109946
0.0126961913917292
0.00258510025575998
0.000125950457243285
-0.0119746868105244
0.023498699005736
0.0177119942422346
-0.00498195263191548
0.02389910191593
-0.0010668249146546
-0.00138768578841475
-0.0114153913247286
0.0289140494006928
0.0108814114642577
-0.00223905184964757
0.00550049965358657
-0.0226181195181123
0.00734739475230128
0.0227570128198833
0.00124389105431444
0.00572983731109655
0.00528477743363887
0.0240053665625188
0.000437313419112684
-0.0229855457337473
-0.00876265130040288
-0.00132761279149118
-0.0181982702890515
-0.0197896565737956
-0.00223458609361682
0.0197911435555191
-0.0104562732893534
0.025627907131307
0.0325002645346437
0.0138279917168402
-0.022192947556344
0.00912682263527032
-0.0263678923365971
0.00448074016825917
-0.00347009733433445
-0.0310455356905841
0.0126167472294831
-0.0122523928031688
-0.000527524050082384
0.0236888286199131
-0.000829507081927083
0.0164630882841177
-0.00127771531196696
0.0152446272669557
0.0143659408913575
0.00427160893221945
0.014691940732134
-0.00678620329037738
0.00489664752346108
0.000972721945250221
-0.00710761252764236
-0.00939882726447916
-0.00445180731738137
0.0113644779192192
-0.0241771715903969
-0.0210581799854008
0.0331941560510911
-0.00657567292684913
-0.00504065770902962
0.0115816750171769
0.0070107175095373
-0.00071047334201868
0.0414508701221363
-0.00323945828457362
0.000972773826199536
0.00160941140952087
0.00411465976523928
0.0218952472587928
0.000943890966108363
0.000784667970370911
-0.0102087860002271
-0.0256764134596237
-0.0167868998350036
0.0174377084331621
0.0152361733633288
-0.00479838110868069
-0.00999584229003858
-0.00357008898344979
-0.002871777046491
0.00448448376454191
0.00908251988174857
0.00306301824132404
-0.0269180015481059
0.0357607756694343
-0.00671228251082123
0.0100006496720617
-0.0244434030008014
0.00927700585798874
-0.0102408807256671
-0.0111300790804743
-0.00575041818900601
0.0106847491224977
-0.00254971072678778
-0.00433385181503532
0.00459147180639352
-0.00660823612428629
-0.0336141249163244
-0.0014584468212675
-0.00231636969523397
-0.0159668431552848
0.0297324422190357
-0.0131180819308359
0.0276386847245771
-0.00205696615355855
0.0191645269348433
-0.00536573320921097
-0.006160611422386
-0.0351175625024691
0.00217989405651764
-0.00402275275557784
0.00777033868353705
-0.0185703473213623
-0.00123510741709509
-0.015851783416803
0.0153254693203415
0.0111102255501221
-0.0243602333210058
0.00606891677275723
0.0079651634269382
0.0172174646969321
-0.00539490468156867
0.00528696341112322
0.00848575929553252
-0.00640443105977084
0.0270184272081924
0.0129947998987392
-0.0167026297383153
0.0059466359438316
0.0136678922506155
0.010912878449969
0.00950911691719281
0.0144099388772627
0.00837662549503637
-0.00572598864513019
0.0038143654882159
0.0161382766211426
0.00577765453839874
0.0221789756271615
0.02056719071446
0.0148830999817902
-0.00317812386811767
-0.0161704572318113
0.0095341442650172
0.00685638863896632
0.00372377580080929
0.00218855046012667
0.0259948392792442
0.00372508905018876
0.0099295560059236
-0.00729402844311267
0.00398904455224613
0.0134437601529278
0.00930025072549423
-0.0252582377445068
0.00468234350588315
-0.00449979996266947
0.00453460621768009
-0.0222258282352703
0.0062937452687768
0.00766771086349305
-0.00518196066721188
0.0243410191521773
-0.0143481096566909
0.00701080092858319
0.0121596895605993
0.0064574838460274
-0.00538466361398982
-0.00835847128499001
0.0179626370820802
-0.0467087124337358
-0.00500214249029263
-0.00830005125629807
-0.0123035725105236
-0.00743856898631545
-0.00794411720870691
0.00174234419463826
0.011418570430731
-0.0294276738725676
-0.00334181503845254
-0.000980327223198074
0.00605578248668959
0.0109318492676156
0.0118217781964489
-0.00158891424088914
-0.00133545768910981
-0.0023805880434713
0.0139483348880418
-0.0052287175359842
0.0103070258291202
-0.0014600803125191
0.00264362837987342
0.0345136087986155
0.0039871379362646
-0.00933644419330903
-0.00208646551719838
0.0230824955455589
-0.00443194185332185
0.00287712547113816
0.00540357485209153
0.00669612301416045
0.00582167495350561
0.0215662662831164
0.0241607943409088
0.0125830176902548
0.00920839323517608
-0.0166017762344808
0.0133104789353453
-0.0104166187247579
-0.00877500012251797
0.00192034027689303
-0.00818632758905657
0.0129225941717594
-0.0226542651748742
-0.0195468215427406
-0.00369712958900781
-0.0232101325751657
-0.00279186279433308
0.00986184480319352
0.0019657556639201
-0.00319430426497291
0.0129857204264034
-0.00980727313848195
-0.00167362138283611
-0.043390482507041
-0.0181463399021426
0.0180446926872477
0.00453294047626063
0.0254485247786196
-0.00983470646361795
0.00934789225379706
-0.0188899672484251
0.0117563026477754
-0.0178614229268703
0.0286902659862216
-0.0055118651176187
-0.0339921306581292
-0.00520047014978609
0.00337394908467381
-0.022602394044652
-0.00417636435979851
-0.0152670277261509
-0.00791293644755697
0.00274278838288566
-0.01657488226948
0.0129153296102027
-0.0238478277671357
0.00540144873140136
0.00225202661605461
-0.00519745917906533
-0.00251185126805176
0.0194409912688087
-0.0151052214270271
-0.0119391049901907
0.00935210927219376
0.00865167056268223
0.0181238960959131
0.00637153607488816
0.00421903591232642
0.0132243895201851
-0.00693522954296544
0.0280991087847449
0.0143167169796996
-0.00668816221533586
-0.010683439048158
0.00729359274362817
0.0150250618908476
-0.00454968758429075
0.0154770437020595
0.00675169752824001
0.0131847763300961
0.00637787274867829
0.0107977957233967
-0.00382114730348704
0.00223399563087412
0.0277718781861989
0.0100915177620573
-0.000131462313347264
-0.0202636454112408
0.00310377447320409
-0.0046483907768442
0.0100276261817722
0.0475074096218133
-0.00693645587051694
-0.000474479924920779
-0.0121118905322239
-0.00886004195390644
-0.0111756294633478
0.00162543596190634
-0.0198072968053067
-0.0106167854443608
-0.0197809838520557
-0.0317633476504309
0.0248582666253263
-0.00543188311700149
-0.00450707753334445
-0.00879512351261358
0.00436343696768571
-0.0129273411434632
-0.00954210495647612
0.00542372110090206
-0.00585728548319953
0.00748642029998337
0.00875173122430084
0.00177931009538934
0.0147008734451184
0.0044418958779735
0.00318340835475261
0.00715502352418529
-0.0137764119892401
0.012669612090459
-0.0221495496572439
0.00453560291645871
-0.0112265698343181
0.0163575631805104
-0.0134083265367408
0.00583410532282524
-0.0149169694117317
-0.012419806944834
0.0112545927371981
-0.0138292854900222
-0.00805105159719588
-0.006329847759039
0.0289578773814601
0.00445599384617523
0.0179790844935512
0.0320471483345832
-0.0146241906395526
-0.004114699236343
0.0231584890709948
0.00184159715361698
-0.00734592407747314
0.00188983889116923
-0.0152149006243336
-0.0140247767304329
0.00325452433190865
0.0102862767093939
-0.00143664537917054
0.0168047233212887
0.0089886018037566
-0.0100676129606772
-0.0230122711380751
0.00503092683210671
-0.00637719242717427
0.0151746085103666
-0.0098559281882995
0.0076788328967794
0.00662546672324105
0.0149208081145771
-0.0164569781232213
-0.0141386325831743
-0.0195704523343823
-0.000989905849079875
0.0113707417933764
0.0118483397744109
-0.0161293194557048
0.00685995618595392
-0.00610216836454303
-0.0199522145760787
0.000807260583473024
-0.0043378182482412
0.0133624647951098
-0.00286441866003528
-0.00589318572124942
0.0151977080318915
0.0095506897399904
-0.00350900706434132
0.0117581499332893
-0.0106703952198259
-0.00921961602463028
0.0258301648175472
-0.012773098391099
-0.0269310252022352
-0.0184495000502665
-0.00989488044878328
0.000137719043944884
0.0135008787482835
-0.0148900914853911
-0.00650420417184527
-0.0181818028146754
0.0167597569078257
-0.00424004172247106
0.0114398208569995
-0.0082930564951349
0.0234122575428444
-0.00542186570218028
0.0218073851406739
-0.0113313571877907
0.0199864820384805
-0.0109767159055929
0.00282110028767057
0.00913083109244095
-0.0101019973156591
-0.00687893808305251
0.0117375175233843
0.00916165886922116
0.0135750504947918
0.0348844938674633
-0.0170291819957411
0.0126335464581073
-0.0159297841749604
0.0195018565980751
-0.00525952726590173
0.00560500644725526
-0.0105051532567231
-0.00994187738386909
0.00859051383414045
0.01458193008731
0.00680020686162042
-0.0130276325285488
0.0145258593658069
-0.00769408230372015
0.0117562594450584
0.0261111742203219
-0.00410544699604909
0.0195566318793672
-0.0053710591175653
0.00478759966236897
0.00149039748600721
-0.0134521674426304
-0.0107348555368292
-0.00449708111393399
0.0105741946312712
0.0145237826658926
0.00163888809660673
0.0041692620074878
-0.0124983029804611
-0.00305909095015711
-0.00467784651075753
-0.0135649151852952
-0.00647092893831669
0.0387332836293446
-0.000513182895385711
0.0212465330911993
-0.00678517463805228
0.01204591635911
-0.00853748237208585
-0.00419580139238018
0.00346270222340284
0.00935373895573299
-0.0145985684060763
0.00896699137007584
0.00712378079444331
-0.0128879662234063
0.0168791422505352
0.0366085946989099
-0.0130576553060049
0.00296584810821354
0.0142840129737518
-9.00256006337585e-05
0.0211976675579084
-0.00511485983709203
-0.00268594167819458
-0.00746124573523765
0.00347787320075543
0.00562472742524456
0.0011351077510886
-0.0245619475073591
0.00573614618844243
-0.00124580851670153
0.00829986443311004
0.0103296699411786
0.00831583199327213
-0.0128353499549148
0.00995296581642791
-0.000656857364998764
0.0104583088527059
0.015157258343347
-0.00687587257777977
0.0193588483028631
0.0113329486789491
0.0105076027379436
0.000163465181161726
0.0178367780800617
0.0104076154219763
-0.0102072530344719
0.0038869254577989
0.00465894003312073
-0.00592785139579988
0.00118280524990055
-0.00902599771367196
-0.0212671891930984
0.00610944163287375
-0.0345732482719541
-0.0162034358069807
-0.00829371184655248
-0.00827674233699227
0.000364263413375809
-0.0103863217422155
0.00942324460303201
-0.0108920363980269
-0.00243180220712524
0.0238460688767619
-0.0066913270278226
0.00974522809849443
-0.0248006337907754
0.0107695590008774
0.0212131254498704
-0.0214171159000136
0.0157543825539914
0.0119194473749156
-0.00823215254927412
0.00550053879787971
0.00922941138288813
0.00347027738984629
-0.00587739545614419
-0.0128589057198516
0.00376877613560733
0.00804564709361699
-0.0128773561275644
0.0229501850804184
-0.00050615617194083
0.0091154324046494
0.0399196024819028
-0.00520095668212939
-0.0132538001591245
0.00496242823157544
-0.00360143557203596
0.00386856539952962
-0.0122343108351117
-0.00573266642243908
-0.000714930922377732
-0.007576768612088
-0.016140616434579
0.014212839012389
0.016110507140719
0.00513868954102659
0.00221082889372859
-0.00736643323358965
0.023238204292289
0.000737863269979933
0.0172708279988409
0.00467827188906789
0.00635049758127693
-0.0100450629891231
0.039885068588922
-0.00330688784489297
-0.014627146814715
-0.00740992074442914
0.0165286735707859
0.00482266602183579
0.0247311441206737
0.00454065548115423
0.0262565345407895
-0.00755144456455614
0.0238893861196994
0.0081235830927131
-0.00312054660519046
0.00116212975446039
0.0100501960067003
-0.00656405095193957
-0.0159137631755799
-0.00543190337465749
0.00878676574492143
-0.00751895584245332
-0.00534346788251572
-0.0114942861369052
0.000140712956013367
0.0214905353825223
-0.0243253070536156
-0.0239768000521119
0.0516229771264731
-0.00676486755768391
-0.0014374486943014
-0.00641350750621683
-0.0130075011317512
0.00302278916194076
-0.000971982065468779
0.0256322457338696
0.00148629842621872
-0.0122834331142201
-0.0182712424040874
-0.0388078217348511
-0.00274530742677737
0.0158540267407536
0.00947988028861513
-0.00393206572869609
0.00800325839053695
-0.0092620058440831
0.0032131119003731
0.00296600847158057
0.0219393442087652
0.0108032319141458
0.000507594184643523
-0.0025445327509912
-0.021283734211865
-0.0296281012317063
0.00675829775555936
0.0071417107202576
0.0130441532021903
-0.0224258689032402
-0.00997017922684407
-0.0294767914041687
0.0272862319511677
0.0115483551358446
-0.0122905387318735
-0.0212693810036804
0.026642625613702
-0.00821306555427359
-0.011347246283977
-0.00442233551516935
-0.0149614425906544
0.00375153364161829
-0.0223728870610529
0.00153246631832094
-0.00407584918694504
-0.0383516614716326
-0.00652454670930425
-0.00842921122740581
0.00405423615927969
0.00687333472789309
-0.0103082883493286
0.00458166466519305
0.00742594673400543
-0.00299869605588743
-0.00198954072337099
-0.00927290429309036
-0.00417231984171984
-0.0201774022551975
0.0945415947962926
-0.0135690190854678
0.011263496780364
-0.00244001970925378
-0.00337230773432129
0.00396999774351769
-0.015704127918247
-0.0147156440825214
0.0100091405919391
-0.0111356190863292
0.00517448195347647
0.0120182635681942
-0.0183315593744524
-0.0319724071721472
0.00978091986621799
0.00437050031241526
-0.0165179538219569
-0.0263517841904299
0.0168950698391424
-0.00824218719531267
0.00276339441525408
0.0244337529365755
0.0256582671274819
0.00222378313757066
-0.0160381979758899
-0.0140365172635164
0.022116753144986
0.0120138933174507
-0.0221041904598067
-0.0247270858080473
0.0167645513949326
-0.0136491209915572
0.0182260056849248
0.0156462089399065
-0.00368308988363619
0.00935427878802741
-0.00802292357834755
-0.0170039916325253
-0.0146492894534251
0.0101856816423584
0.0110994249320466
0.0193079162622398
-0.00968829602267629
0.0086309574139749
0.0231989937027599
-0.00759006954579888
-0.00614580835810941
-0.000652432932045421
0.0162070006700246
-0.00350705665165929
0.00754182645740187
-0.00261765713145046
0.0114159135241962
0.0334075825457374
-0.0214975008598426
-0.0111719436921787
0.0106691540475286
-0.000779852816825688
0.000384151291723533
-0.0413923790272985
-0.0125865085282779
0.00506673776898925
-0.0143947287915038
-0.00512458634710278
0.0171392460440112
-0.00401404271123162
0.0113028189654765
-0.0067672748622627
0.00813215067609008
0.00419165166097901
0.00592562255652052
0.0155113263451634
-0.0298050160110099
0.004880652929379
0.00620609581842757
-0.00836150370656785
-0.0166067530660907
-0.0125004693893924
0.00631271756027196
-0.0199776504069682
0.0295574389585269
-0.0187223050729459
-0.00682497295206641
0.0146533442779502
0.0192907640717221
0.000866737202227519
-0.00973104509344402
-0.00893116317832021
0.00937413928330688
0.00572437423281524
0.00134928806174717
0.00237082594988358
0.00937404125642161
0.000764308030151817
0.00660821663760025
-0.00783130394207721
0.034576656826439
0.0296597957272215
0.00127084295855351
-0.00227227733779678
0.0116537057302697
0.0246739323776639
0.00618389329949665
0.0170462848861845
0.0771971534835885
0.0020083459439757
0.0381659285459923
-0.00899472234491139
0.00920227893842895
-0.00733988358847526
-0.00491969425997496
0.00278222806384498
-0.00356218362422478
-0.0199593711812609
0.00573111101790946
-0.0144426696804167
0.0401366373575271
0.00414900404226959
-0.00023272034602595
0.0253295547764463
0.0336290384011564
0.00634929881351276
0.0144290750519493
-0.00189843984406401
-0.00825444716803769
-0.0126227160117471
-0.00276471230134945
-0.00929409429544314
0.00356049237683376
-0.0109480952160821
-0.000541623614586761
0.010316109149052
-0.00295224070926992
0.0143522936366089
-0.00169622298245642
0.00898804069349612
0.00233635113808361
6.88141461200331e-05
-0.0188973286411249
0.00162686859992167
0.00581959611534622
0.00950098909448105
-0.0131951716495031
0.00477068028295147
0.028032106859694
0.0247737208496197
-0.0037391309427246
-0.00764750346364185
0.0171061777131589
0.0110558581897555
0.00882175014068398
-0.0103715555929389
0.0017646149664623
0.0255146631151382
0.00136916741951865
-0.0175829719383946
0.00435421862448049
0.000697515990069064
0.00775314861642507
-0.00366410536517314
0.0316481244844251
-0.00430512956300877
0.00870384990689388
0.00253887022364196
0.00985070992479375
-0.00767229167982997
0.00444927039180509
0.0296848654044695
-0.000770463620751727
0.00174041918018908
0.00965740406801974
0.00792580695934841
0.0107118496446637
0.00488987259029816
0.00210788084452762
0.0122355911878156
-0.0132114631614133
-0.0120326175962084
0.00392876836252043
0.00627120244774826
-0.0102809205696168
-0.00965025328696445
-0.00481381625114885
-0.0224194012422334
-0.0250412749213291
-0.0226615769228431
0.0114179116024271
0.0135839453377047
-0.00613042973793831
0.0167434791628747
-0.0058399674254872
-0.00708564306607062
0.0179996518573251
-0.00423416654399045
0.0187518626377283
0.0454322608397728
-0.00320360137344267
-0.018036198100992
-0.00680302823014056
-0.0230583996725517
0.00970196115758082
0.0205791344603758
0.0127705876726525
-0.000959727664810117
0.0114849264053438
-0.0230930725964757
0.0189766432473899
-0.0298900387920966
0.00302816047229637
-0.0145836467544216
0.00035056780981968
-0.00626386202906648
0.0372202373977846
0.0345905411640022
-0.0170174826024532
-0.0219502567810732
-0.00164739420182514
-0.0013827344309032
0.00811682654580359
-0.00223996281202954
-0.00321975088358073
-0.0138513097576878
-0.0231474716468352
-0.00501130153092966
-0.000914608171639131
0.0203703994470965
0.0282555241685509
-0.0171299893311341
-0.00307517545522007
0.00866109491770661
0.00838059924359325
-0.00878204255411941
0.00273841602505787
-0.0157915137546132
-0.0159240820261983
0.00458887862172208
0.00113712161962631
-0.000436300733776207
-0.0170757404399504
0.0238130445563138
0.00114681929104421
0.0152293572820534
-0.00227295956566298
0.000399918487352657
0.00725083462856801
-0.00486862356937579
-0.00270983892345544
-0.000953767678141482
-0.0100548294105351
-0.00384784325544363
-0.0050604691237055
0.0057600483072795
-0.023495186886616
-0.00353803637878158
0.0197870809005822
-0.0138851718915785
-0.0150465273626379
0.00629983550404045
0.00874568794143293
-0.0154542463400018
-0.0387158882198966
-0.0145872422386342
0.00212174639762264
0.0105719227847922
-0.0183606914724352
0.011283483752595
-0.00755017743624542
-0.0233732179419013
-0.0172524096736346
-0.0559021477091468
-0.0146512831479644
-0.00944447186128983
-0.00350965272377035
-0.00892421198167614
0.00349198517915639
-0.0216433197341068
-0.0186553082872516
-0.0023944867889556
-0.011937684836079
-0.00688548324485883
-0.00494881447891515
0.00702403749235447
-0.00203688627600318
0.0291636342307209
0.0087842746502389
0.0150067238808527
-0.0161885555482364
-0.00717102067061504
0.00517874195498003
0.0346014567243316
0.00776097600676007
0.0120191691259484
0.0265015412244276
0.00625053414270837
9.3944067960372e-05
-0.0189352020128419
-0.0242811600077086
-0.0206031103300282
-0.00751514280224441
-0.00320126884789484
0.0162250920926619
0.00509865508306007
0.00328737081354724
-0.000522613115802706
0.00101730623569463
-0.00302269264007915
-0.00535095106429129
-0.0065860013897554
-0.0417579794333047
-0.00623462489246318
-0.0204448604397989
0.0220736525460383
-0.00441093576368345
-0.011286337583245
0.0123797584881125
-0.00365637961504195
-0.00260705014876361
0.00402038815572237
-0.011977675742803
0.00114754730439781
0.003934097880534
-0.0131879322438646
-0.0244355696956129
0.00180304771914308
0.0209909558968926
-0.0101505188344575
-0.0305283232676254
0.00013006211699107
0.0265589499630536
-0.0075578250765922
-0.0270134642766893
-0.0110049040268905
0.0130708949314338
0.00343170758715239
-0.018833629472546
-0.00398756211476847
-0.0250082983856714
-0.0207483149989507
0.00469870695193553
0.007120584393153
0.019593237716732
-0.00415206616237018
0.0113682985329184
-0.0208444958234857
-0.0239283258823075
0.0169641677134962
-0.0020230838235209
0.00709980909418917
-0.00832484417193413
0.00352295934004498
-0.0124670448194797
0.0069853691017725
0.00669072526832881
0.00249561023288347
0.00659404793117435
0.00285819290110911
-0.00892555685014962
0.00548579219820411
0.0236274493605535
0.0166604232018832
0.00163174376376585
-0.00291523399094906
-0.000725716464959447
0.00210755581628419
-0.0178402005703795
0.0122406131440211
-0.0121278199692618
0.0113581200208595
0.00473500993087583
0.00205681798298585
0.00139870910334672
-0.00210552124412189
-0.0115293351805033
0.00183093806623802
-0.00189275743635697
0.000108091777785368
0.00921510061524344
-0.00404802566055995
-0.0021341490722202
-0.0148414313204341
0.00207278756878093
0.0168314334262822
-0.00954968049990867
0.00225010747567023
-0.0141329703032609
0.017896199364416
0.00784437087025669
0.0109360458545673
-0.0173681485555921
0.00089556645941169
0.0260816256843057
0.0165363623400534
0.00183846491076345
-0.0211044662265483
0.0149076300329698
-0.0139180278917612
0.00778486262587386
-0.0147914797055426
0.01722151398448
0.0126242935725323
0.00645713436830864
0.0431719085622575
-0.0113273246349861
-0.00362827146938027
-0.02034040783282
-0.000228254874851785
-0.0208662748746598
0.00748839849718053
0.00236898053766232
-0.00576825525327607
-0.00743283928231797
0.00628334606275072
-0.0285521619630789
0.00683345417726766
0.00395392167137398
-0.00631895941517158
-0.00389382523110449
-0.0648924974905993
-0.0305112000344128
-0.0230106849356861
-0.0198811392920195
-0.016566081294128
-0.0290959353897549
0.00290649033937829
-0.0152490312587243
0.010081676456136
-0.010134166885357
0.00151788638029071
-0.015230943905375
0.0142691446603989
-0.0225838026815586
-0.0257658352598957
-0.0221076120850539
0.00833766842005357
-0.0111865263345745
-0.017704759370865
0.0030718575442874
0.0181576493297335
-0.00448239421116625
-0.0377550575526726
-0.0102433688057237
-0.00460207890100861
-0.0186917038679555
0.0219529843828372
0.00250721826806011
-0.0220306542522373
-0.0383280596709668
-0.0369150975783041
-0.0136965394692643
-0.0147030397134369
-0.0109835341689806
0.0154500080660531
-0.0035756110911942
-0.00624520445807253
-0.0088887795131587
-0.00586641052190195
-0.00462804931563365
0.000227754979364114
0.0483586240953402
-0.0150196831574902
0.00142023584546713
-0.00489978964677373
-0.0200956061920357
-0.0111191805103914
-0.00784717810312063
-0.00772676748877377
0.0217573197021323
-0.00212282181287193
-0.00385508439186655
0.0104145736589381
0.0166434762836847
-0.0221246745944761
-0.0097048043192558
0.00563638989702309
-0.00165689638121513
0.036173650099915
0.00545649359542999
-0.0107073298227203
-0.00370513186162125
-0.0080569822473695
0.0205413064738611
0.00643929889346762
0.00911385319311364
-0.00950049759052529
-0.0117340265308004
0.0055485888331841
0.00970165915512933
-0.00416551994709113
0.00440794154382562
0.0152681233742058
0.0343075469636309
-0.00704423175762336
0.0351310303286771
0.00198033642075668
0.0152197146688007
-0.00199469013304565
-0.00724984259438166
0.0139536512244947
-0.000682733526198298
-0.0117362449458884
-0.0135947556951805
0.00666983181087133
0.00475050221267548
-0.0205243196224503
0.0138977637013049
-0.00647056146573899
0.000174458397174782
0.00669361477912656
0.000446134613109272
0.00032808162550868
0.00353489117466843
0.0165010767697513
0.00093242165902474
-0.0196980791236481
0.0126950448802576
-0.00950426306274732
0.0141892974311979
-0.00551973506437697
-0.0123263036572778
-0.0137050339595017
0.0167163183005989
-0.0116896249591321
0.0127447233920313
-0.00113738209772585
-0.00324219099000356
-0.00557611055782115
0.00890718684290004
-0.0144925537051961
0.00482369430719487
-0.00685896141510156
0.0132670698488724
-0.01276228902955
-0.00363534043743563
0.00763502659451021
-0.0150956961618585
0.00439951949385264
0.0040799707984398
0.0151919485352501
0.00447605754443803
0.00428087516131281
-0.0066879403117337
0.00846183651877652
0.0129212725885202
-0.0073548565861401
0.0387739040825998
0.0167109878656051
-0.00736036809626217
0.000489685771146497
-0.00605302975674871
-5.90071865982367e-05
-0.0174237277851104
0.0138549725085459
0.00567043400860001
-0.0106488523952821
-0.0165366440299621
0.00333901421143512
-0.00361065338681321
0.00384919626207569
-0.0305343881677933
0.00942227861759815
0.0105147075481415
-0.000427448707192468
0.00773231257585216
0.00389390851284865
0.00463309574455195
-0.00858180157329169
0.0242143610886387
-0.00954367566853875
-0.00697893230188207
-0.011787396653169
-0.0176461882035976
0.0048723076973296
-0.0128372832755952
0.0119059547008318
-0.00146715928141283
-0.00465930027559924
0.0110799848294256
-0.00852331842771559
0.0160911412199285
-0.0254481004205145
0.00790676813402236
-0.00255507906590413
0.00653668805196972
0.0208668178714193
-0.0168328814004743
-0.0181079316702579
0.00303742902186777
-0.00837458813293335
0.00536918806101649
-0.0223488843562434
-0.00193095502095808
0.00847074397033776
0.0128915157608169
-0.0107056358905462
0.0214188021002135
-0.00226757204699179
0.0188575125301034
0.0128814956415502
-0.012688399990008
-0.00972216958045458
-0.0210176753507607
-0.0189662741333576
0.00104546256372906
-0.0126437840230542
-0.00543982588595338
0.0204020609768021
0.00510711960959842
-0.0032678277328051
0.00562590272965391
0.0152418982001796
0.0205975104483782
0.00731517244870794
0.017406170354592
-0.00771300290617116
-0.00581333395500572
-0.0129591210501037
-8.49922431429562e-05
-0.00450743150765476
-0.00273640803494146
-0.016162123377093
0.014032675176769
0.02004630092447
-0.0212611001816327
0.0092461747691468
-0.00601682153888294
-0.00496116353275067
-0.000273931732420962
-0.0184638298958397
-0.00469133502952168
0.00648632563325258
0.00822652986175587
0.00139638512882101
0.016486853937316
-0.00104773931394142
-0.00129768037023048
-0.00356228932569636
0.00627594192881631
0.0105819197678247
-0.00440485158024195
0.0323821618977824
5.27698269010557e-05
-0.000248034104812334
0.00750942375687025
0.00775086591649554
-0.0207019314347381
-0.0208150841189836
0.0108263556233901
0.0167308727441968
-0.00946515138294668
-0.0132531094685344
-0.0173434822166234
-0.00269868687876684
-0.00717327813364044
0.00819595868569678
-0.00360166846691001
0.0137690663782424
0.0393218327360874
0.0212848052582757
-0.0116266524024997
-0.00261302112441353
0.0131883823348202
-0.0105925509546285
-0.0300189889396663
0.00948308783492724
0.0177240932425953
0.00719408137012412
0.0246185880432481
-0.0223224589847684
0.03631873416695
-0.0121202558121984
0.015441006125732
-0.0166714602601772
-0.00145203496558377
0.00303034016890624
-0.00959624729538433
-0.0103271758362231
0.00455044135764737
0.00205000588507875
-0.00500052892099223
-0.00249043942910365
-0.0129925295627551
0.00241562082638769
0.011820671549752
0.0201704674376151
-0.0087269797978573
-0.000721549338472016
0.0251168553198635
0.00766273910485094
-0.0121909669767204
0.00801649485147848
0.0175632296668491
-0.00138536274321677
0.01169669750319
0.0012253891437739
-0.00187156783354681
-0.00839472140245245
-0.0154259008628559
0.0108939580455996
-0.0156063835570297
-0.0043280789897171
-0.000350545111184708
0.0106439614056244
-0.0121790602772265
-0.0290631698979009
-0.00767850419834382
0.0301760717221837
0.0190591481380222
-0.00605808234828498
0.01524792970344
0.0189638223258415
0.00585913450394226
0.0229853480969835
0.00177078605339176
-0.00378768588759559
-0.0109252914654654
-0.00871269957938292
-0.0158718012295509
-0.0114807215713455
0.00362500773581331
0.0129316772321317
-0.00163587197026782
-0.0117950284860493
0.00468409337573217
-0.00928606191384418
0.00119543487219254
0.0493315606825355
0.0171681483774258
-0.00641415809967416
0.0222693302418975
0.0170943308085132
0.0173277948719903
-0.0221792354016515
0.00813817267818795
0.00695336596895224
0.00286196365195135
0.0170305056878188
0.0253464434859856
0.0012550800706892
-0.00370038898154856
0.00231441599307569
0.0130119336492287
0.00862427904692264
-0.0149059247988026
-0.00283268342843535
-0.0134634218654686
0.0290844930715499
-0.0031339406661921
-0.00899043920913023
0.0330668488176542
0.000527852968562392
0.0226778407771553
-0.00098981125075337
-0.0121682226046769
-0.0181137463467262
0.0112678506215147
0.0450008516823868
0.486671200568143
-0.000267824609006873
-0.0173986844255829
-0.0291149420785457
0.0142849697158436
-0.00660397742168861
-0.00295422445904414
-0.0112067591878064
-0.00283691511855633
0.015422558242868
0.00238443225558793
-0.00692037453323913
-0.0113051140000611
0.016175254419851
-0.0197529588221315
-0.0149146386960002
0.0227084630355749
-0.0115156078151717
-0.00135892127027759
0.00616397549296011
0.0170012870597382
-0.0138972960163306
-0.0182912310134107
0.00368458672105376
0.0265861028666574
-0.00663443797711771
0.00692219129180316
0.0110183497477792
0.0111307302643722
0.00520889298755378
0.0148420655730463
0.0109729007933899
0.00754745181953975
0.01767152692564
0.0119756869839431
0.0274008354986188
-0.00127265743170923
0.00122764817080512
-0.0129747267628604
0.00360258364498733
0.0127186834374182
-0.0180319583380273
-0.00156094127270467
0.000506148558178765
-0.016241153720129
-0.00522520215735867
0.0050051260258952
-0.000767647902291557
0.0025002805733978
0.00496636924627047
-0.0260379450912689
-2.69596758206703e-05
-0.00973600860259793
0.0105419418950996
0.00168178333267033
0.001884068843923
0.00332966874059437
-0.00670172914987788
-0.0230399731472506
0.00424602473181768
-0.0262912856207818
-0.0187066886185585
0.0193769563300101
0.00859929972663132
0.0113712633750795
0.0060464649880938
0.0154148853127474
0.0164441713655794
-0.00391372620839103
0.00909739609643001
-0.00415670008763414
-0.00320102395982502
0.0180757903665505
0.000518075418701969
0.010979819031637
0.0225837353949485
0.0150837569922651
-0.0145876396610172
-0.0189360328928956
0.0216620100759508
-0.00196666462683215
-0.00348954456986661
0.0160833714725435
-0.038017399409255
0.0100460918383476
0.00740929030097348
0.0054336279441296
-0.0152214792250307
-0.0159633842382574
0.00634393501517305
-0.0161333001296802
0.0161411497815829
-0.0223588749246018
0.012888679752475
0.00504226873090285
-0.00468086322433425
-0.0160244807712804
0.0187140868776279
0.0141485005861446
-0.0053260057368405
-0.0318093240452342
-0.0226142865103744
0.00528388925052958
-0.00913333343267198
-0.00457676294054998
-0.0145272053597427
-0.0161936107459049
-0.00591732532272449
-0.000310892066151425
0.00834249745058102
0.00163797318622727
-0.00113211389072809
0.00265295169402435
0.00531748874909521
0.00359511711231963
-0.00210777604085877
0.000648583379415868
0.000734434191527633
0.00731963731089369
-0.00377161466217313
-0.00772302862208107
0.380983767739223
-0.00605114892610636
0.00338443339657157
-0.0157102409295486
0.00372150317452391
-0.0140931532028752
-0.0255953830621429
0.0632153249330818
0.000901358079586245
0.0307731174692307
0.00441218188810311
-0.006171438780739
0.0246716690990079
-0.0314771842922053
-0.00668524348431099
-0.0152936124497325
0.0089343002230553
0.0103420674068557
0.000568956072799054
-0.000763041291145683
-0.0238652596097984
0.0234168675199173
0.0172385718694281
0.00924460446568087
0.0169711930221599
-0.0116531962017987
-0.00259186935968803
0.0028141660692711
-0.0221021001531447
0.00785397190040005
0.0251969720259559
0.0101621811063231
-0.010132208622295
-0.0108906636362507
0.0229138322213611
-0.010657353890771
0.00630640445888453
0.0119397843361027
0.00612944667810655
0.0205556125696775
0.0068306333285113
-0.00481931541660874
0.00221381393151709
0.00885962027372322
-0.000254022886011285
0.00632306254361303
0.00772105655862276
-0.00648430922887488
0.00636273386691411
0.0269062903877311
0.0312031306786569
-0.00588618589987
0.00270230388311976
-0.0174574118122237
0.000887945192378226
-0.0130480546158527
-0.0084891377085885
-0.0109733107611811
-0.00260911082075754
-0.00262429359592087
-0.00214770075327841
-0.00621132302155392
-0.00241317457143175
-0.0110589293502015
0.0108287431267433
-0.0107226031675287
0.0245715534519109
0.0011990240437969
0.0128618631663526
-0.00361260172862377
-0.00593359854546094
-0.0225632922274377
-0.0137267710737188
0.00997124519404213
-0.0105841040165391
0.00791244998748297
0.0243330688861825
0.00188414117610147
0.00782394756086546
-0.0126232263519146
-0.0323138556531379
-0.0100124264276609
-0.0276873603489944
-0.025165796925589
-0.00828015247107139
-0.000318257313389303
-0.00538820386530325
0.0206234006003374
-0.00921653922338095
0.0185528009051339
0.0107312806824353
0.00604623161452977
-0.0279508637227854
0.0140013773847274
0.00690391196446338
-0.00646552947339174
0.00775807292375141
-0.0143169637498479
-0.00146703527987047
0.0143055348827756
0.00959344513175076
-0.000843032295937185
-0.00890729829086379
-0.0052122850844194
-0.00319125739344894
-0.0193414999890402
-0.0105886763001548
0.00547950462327584
-0.0023405866334576
0.00694304370564058
-0.0029263652896816
0.00223666968532843
-0.000485768956709265
-0.0527717146911533
0.0236304515832302
-0.00890230929730595
0.0147663169728967
0.0166914577717572
-0.0106784653267296
-0.0101329655292526
-0.00901225874194189
-0.0103500780804024
-0.0177818461721468
0.0145902952042922
0.00530891644670017
-0.0180316049519682
-0.00320639973769943
-0.0165458845692781
-0.0100065227318025
-0.0283415253248158
-0.000492186500765435
0.00203117908616424
-0.00586622469136255
0.019223757518688
0.0114501506988853
-0.016493433133669
0.0146551581735288
0.00813471776209695
-0.0151921211560264
-0.00591762915537508
0.00730608602708127
0.0103523412717248
-0.0239452367548623
0.000961193304653385
-0.010792326593962
0.0311113754707995
-0.00169948599798531
0.0110821684883833
0.00150501648475387
-0.0110188186753053
0.0187332781593339
-0.0246519053823517
-0.0114839398258821
0.012771053645273
-0.023683727211874
0.0136576580613674
-0.00938300048518492
0.00162954077050426
0.00663281719300457
0.0136410633190156
0.00617439279480703
0.0220781868474198
0.000393397936386819
-0.0121241134351004
0.0203544329733498
0.015019802728359
-6.91923064035649e-05
0.00861169325937272
-0.00117300672337084
0.00559124111681619
0.0064219575255029
-0.0122006964523322
0.0143453386721992
-0.00629809404059323
-0.000719059621009599
-0.00810217546616698
0.00815543838483013
0.00193719132529591
-0.00594465637407637
0.0188534844573098
-0.0165279417676469
0.00658078132478312
-0.0124454293882446
-0.0031217241754149
-0.00408362351961422
0.005381943566098
0.0270192897110277
-0.0170107750347963
0.0147019006955205
0.032623768897615
0.0276207942429227
0.0320780614483649
0.0308185924661055
-0.0384957289039889
0.00161532261782327
0.023516131414226
-0.00309202521641172
-0.0137501935314974
-0.00775810054866621
-0.00020453259304265
0.00839204820363726
0.000828633611114071
-0.00457206066385307
-0.00165856743594528
-0.00400197614728359
-0.0140288738073844
0.00805459101395023
-0.0137638863344263
0.00859262329980393
-0.000593878062743691
0.0175592533899742
0.00686593626485354
0.0075888709504115
-0.00684322996144804
0.0321374803773553
0.00202577081177768
0.0168474334044717
-0.00203495828550171
-0.025119976671081
0.0253716178359582
0.0107419859974698
0.010486310259572
-0.00432681709659111
-0.020901196679536
-0.0156105253802235
-0.00526733985591044
0.00820931047953444
0.00889513347349258
0.00396961910590132
-0.00654192266090448
-0.000505572362450302
0.00291907506352196
0.0291882802579542
0.0126944114802079
-0.00537901569623855
-0.00739033870583494
0.00051612427987191
-0.00051757259454277
-0.00247754762090757
0.0140011281515644
0.00569773127112772
0.0037556525162934
-0.000853317284765787
0.00960793552285466
0.014259796756189
0.00277350285339928
-0.000287535070603084
0.0118912855878461
0.0121461704957149
0.0157936273699635
0.00412390849844257
0.0158748086909002
0.0212256847482655
0.0124964354619941
0.0197213853778466
0.00102391263610269
-0.00601045468091499
0.0121610627680653
0.00524347115135093
-0.00635539798919371
-0.00165010477938932
-0.0190372379897088
-0.000748684733631322
-0.00246459525571563
-0.0130687129595621
0.00404465252910224
0.0194225832574402
-0.00989278377316261
-0.022651317504816
-0.0106255957680368
0.0123832552321854
0.00502409237467383
-0.0173331433781545
0.0109861668440159
0.0018340347640402
-0.0180417034968032
-0.0020275744788858
-0.00769606053380656
0.00946317658585905
0.00407208729712139
0.0163012886420688
-0.0176002979207546
-0.0110311648907144
0.00450833873831691
-0.00580469967029273
0.0185462024081549
0.0194609033749478
-0.00741829731504939
0.00107551914315529
0.0179561980479255
-0.000429765455264075
0.00603777987374521
-0.0101088805825311
0.0234158075296111
-0.00420974684194331
-0.00787245895437305
-0.00974240578321606
-0.01414991960963
-0.0239547261330078
0.00640700326745769
0.00648013324920704
-0.00588720430264811
-0.00157123897471578
0.00104620653919696
-0.00628918976436221
0.0033713426431552
0.00095859991659708
-0.00167505980422522
-0.0132033455947305
0.00410365845670402
0.0146073417855215
0.0334592928371649
0.00119441075169657
-0.0135240556349432
-0.0160468705338959
0.0170458769544197
-0.0112202987170518
-0.0271747145359926
-0.011483942325027
0.00575715159070178
-0.0193830662745649
-0.0246025237063039
0.0194344358967999
-0.0192055070815176
-0.0094597144573072
0.00586013800044149
0.00214576456948734
-0.00102736856326135
0.00778629831731781
-0.00157041050247386
-0.00574828185536713
0.00637435212641346
-0.0144466373519192
-0.0171862515605357
-0.00584947111534362
-0.00342557257722209
0.0124372770371552
-0.00163308098561732
-0.00479152585693399
-0.00901041385393864
0.0215748122465556
-0.00209624150004739
-0.00245702963411443
0.00428164066863168
0.00375453483326105
-0.00099312799756035
-0.0109351464731828
-0.0213435091599665
0.0230855237685095
0.0105727548184191
0.0096291279314018
0.0279115015208689
0.00885977681059469
0.000969437661672679
0.00889794106863029
-0.00255221575235787
0.021052694912739
0.0035347813874731
-0.0164193715000414
0.00532721378377765
0.0161498887639819
-0.00293369666233723
-0.005541516472511
0.0017097081321289
0.00694307757728119
0.00312920328448119
-0.019624082123566
-0.00755783808013977
-0.0164996078361801
-0.0110396116624019
-0.0101396669300859
-0.000894038705196998
-0.00861782846739789
0.00417463359225412
-0.00820265722942537
-0.0110160648002706
0.0260456298109224
0.00130202424526082
0.0131588505396616
-0.0215915807938432
-0.0028767294223373
-0.0182145393649931
-0.00359421731520193
-0.0163511934747778
-0.00455454614185147
0.00778401406486218
0.0136918373739068
0.0130451730858763
-0.00220624749103493
0.0149116097558455
-0.00499919991425113
0.0081064787243994
0.02352560676972
0.00725430101193325
-0.00829949521905338
-0.000903950787999541
-0.0125206691502227
-0.00486532929953043
0.0258669404196308
-0.000710922430089411
-0.0075323556548863
0.0234282439956237
-0.0062532100375563
0.008960255360833
0.0154854513100284
0.028795167887977
0.00331927819202082
0.00979564168673708
0.00436247377636789
-0.0240681589289045
-0.00117355389656115
-0.0338584886583524
0.00660697302307867
0.00589743294970724
0.017010905090868
-0.0180898974588075
-0.013102407767609
-0.0220317889992607
0.00769244808628944
0.00748757062017713
-0.0429789001491558
0.00321792656077857
0.0117301460012813
-0.0202136387148943
0.00750669723620057
-0.0194073481100219
-0.029135708289818
0.0170846314272151
0.0259624577690447
0.00806104272019237
0.0106991804512306
-0.000318713353723687
0.0168436915602488
0.00362142405072508
0.00370620001942523
0.0021722205860959
-0.0238567842688227
0.0111914383893224
-0.00575181715324202
0.00171749560529744
-0.010665517146685
-0.0169040308127695
0.0174618271418483
0.0167533493290142
-0.00904752741378889
-0.0123733146070384
0.0316023549628541
0.00846148040272343
0.0198552189668328
-0.0199229839532356
0.00693159843910163
0.00369974461775957
-0.0180029047511026
-0.00614717582637692
-0.0687726018018315
0.0234648039074683
-0.00199582600419479
0.0448109980920854
0.00158733563399593
0.00934637601705024
-0.0214279603083458
0.0564641879082979
3.54181980775081e-05
0.00178450094350868
0.000475816432663478
-0.0176692220667727
-0.0164320228391972
-0.00252396039664493
0.0171254600202486
-0.00621892175956429
-0.00653850619399954
-0.00431683177968445
-0.0175988786262522
-0.0150325082761267
-0.00997135013400285
-0.00828192704423092
0.00740111984097691
0.00879827581474046
-0.0302511965219008
-0.0202448972591531
-0.0280221552664237
0.0170330965311019
0.0211997874747505
-0.0180268074869598
-0.00724337474402414
0.0098419663411109
-0.00378173463191089
-0.0157273177384525
-0.00433653690956337
-0.00785039831934231
-0.0294114633124876
-0.00812297276292639
-0.0134614378287372
-0.0160643798245097
-0.00110888318892499
0.0158941737467151
-0.0239468992807703
-0.00556181089294405
-0.00128668369626794
-0.00237049574352355
0.016185233272906
0.0215047682995442
0.00889253542828783
0.00847773162909604
-0.00779386502644108
0.0146690082321506
0.0372031036009544
-0.00551508239718146
0.0195927265455662
-0.0236919080451585
-0.00211849815123166
-0.00996190875383718
-0.000512902386490488
-0.00198260513359205
0.0121114523986945
-0.00895386934815967
-0.00631025597413792
-0.0249086582728939
-0.0133812050484545
-0.00192644694641153
-0.000206503271074965
0.0212975591072473
-0.0147555439430009
0.0362504972876891
0.012338095830251
0.0195068396100808
0.0274079409553121
-0.0290285409543278
0.00043054323108116
-0.0014723899383462
-0.00115004874536773
0.00886918031065953
-0.0269875856314243
0.0129616876738954
-0.00081980245043578
0.00194558796604127
-0.0151103278294089
0.00864536326361698
-0.0230028986243482
-0.0180630396633559
0.023581841173776
0.0166867043961325
0.0212996984083631
-0.00101831259393048
-0.00119678562654801
-0.0115285837244192
0.012011198825995
-0.0101403342405
0.0230978340777348
0.00171696251513254
0.00813218640910041
-0.0117950502545465
-0.00570204939935071
0.0171844443788869
-0.0220070743154155
-0.0125095509102779
-0.0106638332458413
0.0166923802922891
0.00562710938311017
-0.010153116274993
-0.000936216767725817
0.014821551121182
-0.0128981688309837
-0.0018763713943466
0.00661471581323791
-0.0167358470397536
-0.00216799111161947
0.0275297344196463
0.00851855971017201
-0.00809558401395982
-0.0201768341595834
-0.00649052397963867
-0.00259803695488525
-0.00711182239932828
-0.00111394505482476
0.00706243893033331
0.0131758332399219
-0.0010588923079089
-0.0179319037141656
-0.0251532662498137
0.00631611092443229
-0.00688964807237014
-0.00934495189298534
-0.00853132304246529
-0.00723818029343093
0.00900611316773148
-0.00278780375332666
-0.0154087075361247
-0.00917072911143801
-0.000907835989594652
0.000865578382645005
0.00938390611187323
-0.00666235500848966
-0.00771413646940466
0.0182547154437867
-0.0102775934384427
0.0121654130017657
-0.0010482256516271
-0.00232011633326668
-0.0194568344301187
0.0116644225392912
-0.00295944296979211
0.04398761819425
0.00718783240963106
0.0129369367231806
-0.00195899948226064
-0.00360325490660607
-0.0220081327424451
0.0115640643168158
-0.0133288505886924
0.0198875400819238
0.0280124174773242
0.0049420042432029
0.021347295134869
0.00213058054681703
0.0299973343221716
-0.00627637595681563
-0.0196974038656696
-0.00046016694907447
0.00223350939542488
-0.0313625917099971
-0.00585263305051686
0.0314006923263586
-0.0177603693196566
0.0186946261734207
0.00417648228341339
-0.00241099579624038
0.00106188408736596
0.00800800225036991
0.00121934493971843
-0.00332209092544655
-0.00315330938613023
-0.00138050616834384
0.00884305571977251
0.00395193089885737
-0.00890282373527729
0.00847353796560846
-0.0235529141365021
-0.00378506218509145
-0.0188481582313011
-0.0289086656037822
0.0162059510709689
0.00662442737998781
-0.00274499203809153
-0.0128620734563079
0.0480997842633828
-0.00316399622613961
-0.0372134483943753
0.00776967088839697
-0.000682983780486701
-0.0196682761008393
0.00931493830118857
-0.0312325244299263
0.0111536649094033
0.0135501608305706
-0.00320046523239093
-0.00692672668095007
0.00789817840113294
0.000695541509157849
0.00562596576675389
-0.0275212349696714
0.00445322128824888
-0.0188910712718915
0.00782254060053766
0.0180936765443356
-0.0354749205777365
-0.013538997115484
0.0402575601494588
-0.00219030042553303
0.0280767772418518
0.0238838403171471
-0.0252632908127195
-0.014423852634712
-0.0139280280592944
-0.00528519296064633
-0.0157722449939826
0.0119369307976003
0.00412988758560129
0.00218978640085776
0.0215438756627249
-0.013815691169297
-0.0312556567768683
-0.0193888411546901
-0.011356895891514
0.0106625222684844
-0.0302446375677512
0.0118423781750803
-0.00988238104478789
0.00394356856839906
-0.0126723219531044
-0.00969387445488401
-0.0131148444932787
-0.0213001281823741
-0.0421379201457839
-0.0425722411389025
-0.0146668684594724
-0.0192705745511876
-0.0100785867257391
-0.0288569935868859
-0.0401371026305446
-0.00150836969633161
-0.00720056299398752
-0.0139990711892501
0.0213912262615787
-0.0167384822971925
-0.00179815231468439
-0.00238305502566494
0.00752568253466368
0.00128531217646799
-0.00274025879091599
0.0125139836829931
-0.00670498216941517
-0.0237945195365974
0.0328593014949403
-0.0146649028406145
-0.00852404275454077
0.0260084249048793
0.0344019516774727
0.0132993873132508
-0.0180346912558598
-0.0241889920443201
-0.00531151216676484
-0.00811426357117995
0.00483100269343595
-0.0180851990721349
-0.000882836154565858
0.0286290920019932
0.00440390209400299
0.0253040447425406
0.00487201971106721
0.0136294995168988
-0.023517080766057
-0.0270245272726717
-0.011517107871331
-0.018527235931173
0.0218873911072741
0.0203600577540302
-0.00585029279811078
0.0173258098137659
0.00146375660828468
0.0039114599015635
-0.00514339918949602
-0.00408060193711357
0.0168993694052046
-0.00650270330884428
-0.00813892709311848
0.00263008117393593
0.0135381437360333
-0.0314624218764381
0.01655117186806
0.0122600581526155
0.0183406736689742
0.00484729325784983
0.0253223153130975
0.00998311267832452
0.00272272137060714
0.0187157934525279
0.0201412620265859
-0.00848313052837657
-0.014736789004405
-0.000527349461683535
-0.015945176921317
0.000517193504893321
0.0108749660565559
0.0182352263764116
0.00550572657339288
-0.0035962001903318
-0.00517676145495116
-0.00955475576175147
-0.01966244919078
-0.0150208502289217
-0.0140681326944785
0.00160103071675266
-0.00187417348457242
-0.00267569473088436
-0.00934653040345079
0.00305830848009059
0.0185592507721788
-0.0103709483392418
-0.00707806942241618
0.00771018286023928
0.00993723492649856
0.00798350028143346
0.00317561579014036
-0.00270550718007279
-0.0172372794133793
0.00223162469413207
-0.00638885757930918
0.0149108322871481
0.0305326379534554
0.00251053952471558
9.41415864232908e-05
0.0179159191022285
-0.0161707814786007
-0.0214659979317613
0.00161318760480178
-0.00748043341533577
-0.0108970771554215
0.00910589187862865
-0.00562258473844057
0.0242783100694934
-0.0015891192047004
-0.00692160921685137
-0.0160442193297534
-0.00519353017129554
0.0426682047820242
-0.0128222249024414
0.00340995624915852
0.0144407252796492
