0.0101889676723754
0.00526544863357348
-0.0121669289146276
-0.0307803145551278
-0.00657517539572794
-0.00385746407214338
0.0294161131377173
-0.0184767367302232
-0.0130156260614793
0.0131272677923482
0.0088585225548643
0.0189350671971367
-0.00400286673854211
-0.00800540808736905
0.000433178946845914
-0.00465970430809293
0.0138469192126536
-0.00251704724664048
-0.0150213869971729
0.0245080395314821
0.0102729740610181
-0.00039920969415963
0.000978570169254844
-0.00988015943114373
-0.00582861682381619
-0.00717250755523668
-0.0112477476059558
0.0142839691189183
-0.0194608007085586
0.0015013417241363
-0.00126585547559444
0.00651745438142726
0.0134632856528771
0.0141666681667516
-0.0332721084449048
0.0165792543318757
-0.0173588089845067
-0.000536429474360389
-0.00237774197567209
-0.0236728096729122
0.00413619435268675
0.00729541297522385
-0.00717801171033283
-0.0124574045005099
-0.0244159441001717
0.0320002201430114
0.005267536359713
0.00226968490243706
-0.00112270778972068
-0.0071930129954989
0.0135965224778385
0.0135342417915956
0.00209369655627523
0.00237231774343538
0.00397500855890254
0.0124845130660445
-0.0288310238271903
-0.0075473896151621
0.0100484915956942
0.00843943589760077
0.0299727477941003
-0.00251288897162905
0.0203885092731619
-0.00623747954022846
0.0113210460417648
-0.0204249700273778
-0.00188502857415518
0.00350436538294563
0.0210218436108818
0.0249457106387583
0.00974104679842558
-0.00795734930567527
-0.0122747242979457
0.00306784735022525
-0.00840584842775538
0.00291690703846204
0.00172204047790636
0.0112098770770457
-0.0132917063395324
-0.00244569691943664
-0.00468375106647656
0.0033615559606508
-0.00304832243715936
0.000938652713454502
-0.011728129139974
0.0123932079411269
0.0101691581891119
-0.00146761240404647
-0.0102353866834042
-0.0221560849059905
-0.00856218796772801
-0.011478212827166
0.00550584528738973
-0.00975081201093531
0.00538434147635058
-0.00718583997734612
0.00763517544548886
0.0138792630990041
-0.0175658047364875
-0.0193287408340135
0.00547381663794599
0.0153289184346237
0.00791502762327756
-0.0319561356181586
-0.000479644586730998
0.0038720114501789
0.0129537811584557
-0.00583188513360433
0.0114593971291352
0.00193193026684302
-0.00279324535661463
-0.00244520796494108
0.013381609059028
-0.0163370939041529
-0.00766764409025456
-0.00785153585335241
-0.0197093920996245
0.00979866667393026
0.0274582406975963
-0.0069830511113036
-0.0113462559485731
-0.0004070297587635
0.00873461402943843
-0.000979034099915843
0.00574374235428365
-0.00559201870178772
0.0135836523693351
-0.0102312054387035
0.0116181809624463
-0.0130966638462686
-0.0046268270192833
0.00677663271248008
-0.0253520514503842
-0.0039964979330902
-0.0024850262903966
-0.0128756728156629
-0.00154370754387134
-0.00618157929546648
0.00417627916342589
-0.0118979029309836
-0.00849740201640703
-0.00323157821214082
-0.0224238982995999
-0.0223544960111726
0.0118496147402336
-0.00745651129626346
0.0203632978545398
-0.0186183055918949
0.0109464927443916
-0.00852822609225257
-0.00369175677599731
0.00476154887826397
0.0261753952505224
-0.00674989379157864
-0.00503947230600676
-0.00744445277387573
0.00329275787089323
0.00529272711546547
-0.000983705386477851
0.0025488807166747
0.0208244022846769
0.0333427962191752
-0.00314244329152391
-0.0220001512463393
0.000516788710257288
0.00560772337997495
-0.00747623232747507
-0.00717220188575141
-0.00755568664526063
-0.0116670636057661
-0.003303935530659
0.000233182234010698
0.0166704574674785
0.0249165395064583
-0.0104757738800556
-0.00246695694651322
-0.0246826953484316
-0.0104901545504656
0.00736944665672556
0.0202433726345532
-0.0155511824605554
-0.00665859968271132
0.00707851355977684
-3.87859065034135e-05
0.00446704746482673
0.000166227425601129
-0.00640974723019028
-0.00783327496188502
0.00999203839105434
-0.0174842222036977
-0.00422153980341289
0.0117444459323508
0.0126444529810099
0.00496335362744027
0.0152489550656014
0.0262998888002652
0.0142176743146631
-0.0174728363777028
0.0222672717115362
-0.0083274906696662
-0.00537904871006489
0.0193028032221543
-0.0013213935484977
0.018451990834274
0.000696848907948855
-0.012597373431209
0.0140753114764971
0.0337459869764514
0.00379080067484328
-0.00067928496878622
0.0113120513280984
-0.0120890530342352
0.00396515565456657
0.00868524466644249
0.0016935493741066
-0.00598793776921802
0.00576996920060502
-0.000106278818901018
0.0127867625810554
0.00483849934124247
0.0114550920175667
-0.0165217954278658
-0.0181051149966551
0.0321037437622103
0.00783673727990042
-0.0141594554406694
0.0321327160128364
0.00858243673116021
-0.000209545945095257
-0.017527638142445
-0.00630146825760747
0.0110005315765145
-0.0181409488579671
-0.0100673346635176
-0.0086361307092826
0.0132007388740849
-0.00287368577288927
-0.00115366095051694
0.0159602971006612
-0.0109714608049378
0.0149961570987962
0.00804068747904196
0.0110514817409664
0.00407625054597371
0.0126200675543195
-0.00292844660860325
0.0127316795911021
-0.0125347375698199
-0.0173387892666739
0.00789610065374902
0.00251896399418783
0.00442661553241752
0.0180518522533548
-0.00471274766634444
0.00967008639122646
-0.0118605328375772
0.00864336495075158
-0.00623752753695861
-0.015771553567383
-0.00995042233225973
-0.0163806705882763
-0.00791774339968221
-0.0270659321792248
0.00136062785747537
0.00327121448229217
-0.0134091793751425
-0.0236434202417808
-0.00928131741767579
-0.0144926390458178
-0.0044386231934963
-0.00456117251895982
-0.00656391035829884
-0.00439434987292842
-0.00805613709327169
-0.012842086832519
-0.0200267029464385
0.0216848194880086
0.00513446300627418
0.0328458022352036
-0.00737859309481692
-0.00149557697986591
-0.0102552648417884
-0.00394788493743548
0.00760679719561974
-0.0058982987655245
-0.000797786325779093
0.00133689407723825
-0.0110435668445135
0.00504639842431853
-6.61927215404035e-05
0.00131426612678709
-0.0028978009616667
0.0131312907347318
-0.0322213275729117
0.028791471021786
0.00298865452031905
-0.0104645697963335
0.015203822579366
0.0114076051588521
0.0246023612874966
0.00664565517051496
-0.00741953345129875
0.00684320984264097
0.0162199655896496
-0.0111294900572929
-0.000194956141526426
-0.0164632826285276
-0.0105684116882054
0.0155007126918054
-0.00495965021596856
0.00401932254406301
-0.00199876233082108
0.0352374367221628
-0.02362623752283
-0.00920947727511123
0.078129621965549
0.00742480667285061
-0.000109299768378257
-0.0138342183087055
-0.00936200791026565
0.0107078911447749
-0.00684556825343474
0.00637316948954858
-0.00246135444649287
0.0164551050642272
-0.00696670128137633
-0.0223509036608336
-0.00343204464229974
0.00503919598363289
0.0123791183754767
0.0302171961431368
-0.000708432262170433
0.0234555817151696
-2.74163207754086e-05
-0.000223477803048766
-0.0164018173440743
0.00326748708058666
-0.00983414783918057
-0.00113802903526672
0.00654523519265204
-0.00598552957381759
-0.0067082755115182
-0.0135830199917732
0.00853332374971227
0.00172708775290964
0.00605518295603602
0.00538269691777771
0.0129786937706227
0.0164356944895045
-0.00241634352502018
-0.0200858571467268
-0.00947927943135518
0.0124929654295345
-0.0143833578913739
0.0110599592015097
-0.0111492171388123
0.00189857650717506
0.00957219811589294
-0.00433812462265148
0.0014387504468738
-0.00446963783604115
-0.0140923674185842
-0.00753943554476688
-0.0267958753916693
0.00975738781967816
0.0111476251864833
0.0170905556477825
-0.027167378295732
0.00580960229113092
-0.00908563970695919
0.0145972522939068
0.0204036944398238
0.012510594315577
0.0044180414033228
-0.000740099191450128
0.0115707747138636
0.0146631869133094
0.0141454298916877
0.000999525249864242
0.0150047556972117
0.00526183370424693
-0.00340178808283831
-0.00572580122096333
-0.00474968286469402
0.00955989158394388
-0.038644506189053
0.0231108163548051
-0.0137979899832885
-0.0137987712558578
0.0215046461849058
-0.00761306918796922
-0.00676892032660792
-0.00284492702418593
-0.000514420333742827
-0.000698044358194316
0.0045816898536124
-0.0091218606002359
0.0133846043994108
-0.00256632161544523
-0.0154121139325065
-0.0156549514571012
-0.00327324704049925
-0.0142778968833941
-0.0125371789167916
-0.0274156614245857
-0.00552434825667092
-0.00852673014424266
-0.0113611892351662
-0.0101212822065575
-0.00651045921420046
-0.00199999938410489
0.00608334193391791
-0.0162593431593834
0.00139418439751893
-0.0095806202377533
0.0171229015404482
-0.00145924280161136
-0.00751635472893586
0.0134718371796785
0.0029700643416275
0.000187190008938742
-0.00705452491855496
-0.000899471541575991
-0.0225300410434022
-0.0173724872822119
-0.00358938680571619
-0.00634468168269908
0.0252369737530795
-0.000760077451128716
-0.00670735426975799
0.0118745796772215
0.00611945732937702
0.00336869371004589
-0.0128439323133467
-0.0186148155572363
0.00834510817201917
-0.00311518462609239
-0.000762595304697022
-0.00804519101844647
-0.00308652731564596
0.0175108784974416
-0.00307230042195528
0.00161138784233916
-0.00597428140591205
0.00755454442727377
-0.0164517326069413
0.00673433802224199
-0.00235091830687839
-0.0113703689998648
0.0176678016186775
-0.011079580538321
-0.00080193273006568
-0.00606582205878414
-0.00250729002524697
0.00866915482288988
-0.0137483511606362
0.00763225166633852
0.0151268672612632
-0.00286166432835877
-0.000281880601248119
-0.00209239228469826
-0.0131508298648937
-0.0063123365019786
-0.00242609652170245
0.0105238829009799
0.00594452055310679
0.0156971010451379
-0.0124544224710466
-0.0181874884014288
0.010806786213216
-0.00206827965517764
0.0112561370633042
0.000145959450418509
-0.00710112242724215
-0.00997310394968132
0.00458546093765477
-0.00565637269420716
0.00487188113767978
0.00573583002733091
0.00117356497070276
0.00859469961167303
-0.00848852478885931
0.00465468209211206
0.0432845903034726
0.0146585818074358
0.0142527258664353
-0.01400931275976
0.0356845310666136
-0.00343833685135486
-0.00727621161436165
0.0014142219137927
0.00752052628590949
0.00722581022575053
-0.00451288714472486
0.0123273634535765
-0.00630009686734034
0.0415965322159471
0.0109330412783288
0.00644032380045267
-0.00881170412652565
-0.00199281868462187
0.00230974336094558
-0.011355662020236
-0.00179842391426455
-0.0166579743710864
-0.00262228667811648
-0.00258644887289794
0.0105446945504744
-0.00620861205469936
0.000724714253793834
-0.00138603490202538
-0.0201852758426373
0.00547085651389079
0.0193923531972047
-0.0160767227052734
0.0131685418436609
0.00512148844560034
0.00286029664924392
0.0116910761779669
0.0105600624868467
0.0407128582797274
0.000272794275050892
-0.000378087344037326
-0.00884617156399781
-0.0130917626569627
0.00114025836494225
-0.00813949588623419
-0.000263584339872835
0.0109337056194612
-0.0177370044618295
-0.0148555326881512
0.0034119631261138
0.00624977268581617
0.0198350509425991
0.00273561427670543
-0.00613268012873291
0.00604946811488905
-0.00597095599813002
-0.00426308517020946
0.005448462615111
-0.0130087670966272
-0.0273149907309911
0.000370392369519301
0.0251445783790114
0.00781760069515247
0.00097476551826059
0.0208623887878137
-0.0146159689207064
-0.003900280458077
-0.00362577399272634
0.0076322715487116
-0.00821738379940218
0.00617509787732118
-0.0168694025739748
-0.00162835667276884
-0.00941942014140373
0.00540086577399634
0.0234373899702867
-0.00496118303741522
0.010136697915935
0.00546034446409216
0.00305669454671609
0.0129206219655753
-0.00265216690570291
0.0007306670832401
0.00639972347182027
0.00745063358071008
-0.0109322483473919
0.0309042216383508
-0.0224899590271281
-0.0177752219060228
-0.0193060084589005
-0.0232548500998666
-0.00176707405548449
0.00453567579267755
0.00904232912398939
0.00805735519513284
0.000721679842465406
-0.00097962671520424
0.00365473365068336
-0.011351635769449
0.0211957271051419
-0.00466182010813299
-0.0124283553345679
0.00989604662396637
-0.0076883005265973
-0.00326155129696826
-0.00244308822357908
-0.0308035663998414
0.00264962735171714
0.00970983368168632
0.00686512013003515
-0.00835887200921093
0.00405480467060304
0.0164366448535196
-0.00134152149974831
0.00668503561593603
-0.00127898856876119
-0.000833688992954329
0.00875174168446957
-0.020497022134677
-0.0052540959653129
-0.00145697446434134
-0.0169134952647108
-0.0261812045826577
-0.032332051064266
0.0156583850455716
-0.0206075876872989
-0.00809545100935516
0.00274810441009166
0.00540782177635357
-0.0226411075767201
0.0284709228131756
0.00550348640158038
0.00251639970905781
0.0010332821021688
-0.025767647501346
-0.00623572757851143
-0.0228756792464839
-0.0269434154620498
-0.024305184455045
0.0026204891858761
0.0180229512634345
-0.012324711778513
0.0239264892165139
-0.0138944661159357
0.00553562712031486
0.0078620275147383
0.0095855967708669
0.0111562456398451
0.00369024835259335
0.00787168392837145
0.0184159277377773
0.0014837130002876
-0.00462101402653037
-0.0116038219199606
-0.00136848319638894
-0.0154288910394103
0.00560562163721912
0.00868158677860631
-0.0060124772014829
-0.011489303191512
-0.00378563108222885
0.0194211051287967
-0.0100007045161759
0.00416423660491017
0.024093320663062
-0.000946018370501456
0.00376731070900416
0.0109708914257709
-0.010894756884217
-0.00950897743549284
0.00371557543886869
-0.00848745415463181
-0.00505250569773974
-0.0102689459347598
-0.00743912499631261
0.00415646922249913
0.00232572944914011
0.0204907130563869
-0.0182572921831792
0.0197164821224867
-0.00973707731534379
0.000763817715633053
0.00893924547860081
-0.00381356346566442
0.0213274555590131
-0.00308948891329575
-0.000216676008863992
0.0220254865029696
0.0199347641799195
0.0245674704616956
0.0133738186704395
-0.00909877662441438
0.00105623657197906
0.0104171820779086
0.00445569430480397
-0.00584067624879481
-0.00598367666779342
0.0103078018257703
-0.0093647375678696
0.00737144505107423
-0.0254681970371307
0.0182605861565648
-0.000320282379039583
-0.00771694034170167
0.0123997662358191
-0.0211039428855226
-0.00192025532167417
-0.017126314182212
0.00194375914170219
0.0119865053107766
-0.00139414864552734
0.00660376637819571
-0.0177266994583123
0.020150469318768
-0.02656463941433
-0.0308800451594902
-0.021042397218376
0.00223359695609915
-0.0144005088085448
0.0399028930445917
-0.00785617854659382
-0.00672371535376115
-0.0070000730173021
0.00896606841784031
-0.0129329012896795
-0.0153130035546951
0.0074685524616136
-0.0296573502488142
0.0188374695410065
0.00831517861517383
-0.00655398708909782
-0.0218074608648262
-0.0183525242969456
-0.00407973809295736
8.84276434494069e-05
0.00336864140663895
0.0227272358758688
-0.00580304576079982
-0.0262847888362172
-0.0304604740962064
0.0178123357029811
0.0113457689829808
-0.0176839969037648
-0.000698280670851759
0.015745008213198
-0.00844506224270702
-0.0147149987439485
0.00252277907485166
0.00219223691387693
0.0127989323572262
0.0162213378583154
-0.0129152247500439
-0.000961950116470156
0.00753307376392343
-0.0192517743703338
0.00450594150206651
0.00327343502420341
0.00243526794498283
0.00111678067619181
-0.00462673936765423
0.00247343146091872
0.00975179964373218
-0.00117905197406376
-0.0186710196846862
0.0102783837770106
-0.0199587204640723
0.00910160662371418
0.00548347991230003
0.00661213719077569
-0.0135239098833564
-0.0129285127552388
0.0081986720302849
-0.0101295529502332
-0.0117753538595942
0.00251663360640375
0.0192531427810314
0.0069955240938544
-0.00267567665821655
-0.0143806809156439
-0.000345468652418468
0.0275471303240735
-0.0199384678644341
-0.00266808420534836
0.00154250866917227
0.00134683010359726
0.0158143520623613
0.0204676686832128
-0.00445770928576827
-0.00689398196414182
0.00680279034401465
-0.00436871440232878
0.0121008805381191
0.00788490607555747
0.0031508358520993
0.0127007621231812
-0.0155057246304509
0.0170960819715065
0.00177771719612885
-0.00334923812506904
-0.00209178260137488
0.0104597618690194
-0.00512352480953115
0.0119523175066814
0.00899252751337087
0.00165492282056157
0.00861092869998892
0.00475085041619483
-0.0239469831062022
0.00401518127049272
-0.009839061948691
-0.0107965094196114
-0.00032918130790982
-0.0190336245996283
-0.0253305077109403
0.022632068801828
0.0153057623241368
-0.000782266561547118
0.0109743341732864
-0.0129868603612202
-0.017268511358056
0.00753854048874913
0.0188349479605385
-0.00789673580646699
-0.00809417851177052
-0.00262169181534855
-0.00223215957487177
-0.00895075645710275
0.0211208318080267
0.0112100935169606
0.0339936720939038
-0.000560225932496827
-0.0202822345695983
0.0047784897411578
-0.0189054206885002
0.00123567904303545
-0.0109578804924171
0.0139945567462458
0.015519607477863
0.0158625626776079
-0.00295067873060884
0.00122297283399053
-0.00251079355120609
0.0129929409324587
-0.00479784588033638
-0.0146733402056203
0.00640078206732486
-0.0189901519132309
-0.00887952370618628
0.0101820296137642
0.0184213624619254
-0.0165539602721232
-0.00534039759046667
-0.014739923255175
-0.00761203027513435
-0.00554258802958429
-0.0108391630626592
-0.000304930452942109
-0.0350399818712024
-0.00396552945631079
0.00659654783680086
0.012040209160058
-0.0104254920418203
0.0314560415771679
0.0076686781466071
-0.0267930011482118
-0.00629247452217818
0.000210627599671831
-0.00408499680937613
0.00843819678774427
-0.00614929773627004
-0.0206514285682999
0.00193341195870289
0.0196865084403264
-0.00602421096998551
0.0069211058096279
-0.00496049225931561
-0.0182024109793639
0.00943669083865473
0.00469338415418541
0.00377887944862376
-0.0218961946619753
-0.00807449009485417
-0.00889391505644266
0.0418433378038756
0.0193892794380623
-0.00096523495101053
-0.00298940167661144
0.00504226665386742
-0.00429754167564145
0.0154440794090513
0.00018172300369379
-0.00503436337088647
0.0172632369862225
0.00672028298871741
-0.00834219810304138
-0.0157480214971253
0.000953376342504697
-0.0120417798612165
0.00628949173810511
-0.00288335064432044
0.00808096780643996
-0.00313591620015163
-0.00337480237469201
0.0047960329543093
-0.01751602857252
-0.00496799507824708
-0.0191480799564889
-0.0172233397685888
-0.002807923245566
1.33570067264444e-05
0.0182113067799019
0.0150134584780099
-0.00120662124705451
0.00954762703334833
-0.00279591193896334
-0.024381399240001
0.000111065259794429
-0.00667980195636808
-0.00950591947344925
0.0153422022073908
-0.0255142636369889
-0.00482561308759788
-0.014925278408974
0.0115637563298741
0.00680579949418902
-0.0186699278972959
-0.00391951951757896
-0.00651474681507391
-0.00710364537723773
-0.0194545467694383
0.00535105356094334
-0.00554216592345291
-0.00572653776860754
0.0245654593201587
0.00773654545303959
-0.00963789033640339
0.00408672935554666
-0.0242623128703832
0.0267607803929977
-0.0032055992583766
-0.00245866501144842
0.00880367849932906
0.00904518266423171
0.0103042695542142
-0.01244534754104
0.00521851411002405
-0.0176368037905927
0.0247479505640387
0.0147871735512997
0.0148630158764895
0.0131663026596751
-0.012957260839908
0.0181204009498952
0.00112604876804845
0.00579739199649243
0.00247483869535525
0.00218593818463564
0.000434878016924323
-0.00233765106290562
-0.000898381677169269
0.000865771689888994
0.00118333710015683
0.0258416185517376
-0.00282107288096256
0.00451840636158174
-0.00852733520825133
0.00256487054939392
-0.00868571015400477
-0.0160070302388329
-0.0119686656566582
-0.00930224936502455
0.009066732114694
-0.00338762455525021
0.0133402329334062
0.0148898982023091
0.000444094519486349
-0.00888116047139142
-0.00544048505246053
-0.00221482428998421
-0.0206202176262966
-0.00437635797861535
0.0596623304364661
-0.00148912298823056
-0.0168914535749591
0.0127288619329065
0.00260688318237712
-0.00724064622165344
0.00790141105747111
0.000124651660488695
0.00974848066625533
0.00224744717301917
-0.00202045617108837
-0.0141501503184589
-0.0149857379809948
0.0135431749134778
0.0171538526749657
0.0119119993749894
-0.00701602960714354
-0.0208564464832044
-0.000597427368201231
0.00808519619686621
-0.0274510437997773
-0.00766442542611934
0.0185329466205504
-0.00359562370350197
-0.00490478484676782
-0.00848670105441141
0.00779229188743003
0.00816386095330568
-0.00461946898103616
0.00301222881288066
0.00464631772783886
0.0302242404653965
-0.00217740377360975
0.00462498521655963
-0.00643858984451828
0.0115265607694903
-0.013241684881935
-0.0199911815320997
0.00754631195287736
0.00245567457205098
0.00329274760873233
0.00129435856812865
0.0343038916648899
0.00522331482674598
0.0067622202849158
0.0102933033105455
0.00231950773545275
-0.0174819930097447
0.00166092197992729
0.0105250582070262
-0.006877373196021
0.0182680987298509
-0.00345224388231458
-0.023009407638134
-0.0162345212232111
0.0178437972610235
-0.0106157719629083
-0.00802805757715319
-0.00550428836648287
-7.08779619884581e-06
-0.00448879224695187
-0.00379465742376084
-0.000585914571867185
-0.0260312203019124
0.00775773218563902
-0.0111794287465656
0.00299725411776919
0.0137487157281928
0.000695497203473394
-0.0127099489796176
0.015680262249032
-0.0121334212320168
-0.0292619492871644
-0.0156095627680388
-0.00446911644026482
0.00408783609862517
-0.0371863346438426
-0.0128292265506502
-0.0207170973686628
-0.015491328363102
0.00674372815801405
0.00438408079842478
-0.0108355422931581
0.00695507824559094
-0.0124227587062729
-0.0020128127001362
0.0183051058424777
0.00377584121526198
-0.00760032909768693
0.0190030262050183
0.00964183287381015
-0.0121489447582928
0.00452519669589613
0.00710444516356912
0.0100311857263993
-0.00496507876600916
-0.00322853060545469
0.0126910507154285
0.00428824038238496
-0.00460436217555049
-0.00071044119252317
-0.0105531039087801
-0.0268636680504803
0.0147635457663116
0.00326966574842835
-0.00649494965531705
-0.0214060226702379
-0.0012824397847071
0.0104051239229337
0.0198207625696609
0.0221973949433298
0.00979033439342114
0.0081034253312593
0.0015974192773589
0.0267308293130482
0.010817684206069
0.0098540947920398
-0.00901236822195273
-0.0257796358427642
-0.0267699483190906
0.0230431327599367
0.00879774877492068
-0.018150836601726
-0.00666441094104187
0.0110817021548559
-0.0151691807766205
0.0124738260361799
-0.00532074336616439
-0.00178421112277594
-0.00110967330286904
-0.00941645452475193
-0.00950363936175869
-0.0205823594750338
-0.0171068873002858
-0.0253045765378808
0.00998199061329252
-0.0210799580367533
-0.0247360586471856
-0.00599558161244929
-0.00710862941789525
-0.0154927937969243
-0.0094868917645643
-0.000862373127583638
-0.0026897179306351
-0.000933660202118602
-0.00402258420766355
-0.0016228544768504
-0.022683875831305
-0.00755210961786634
-0.00573955036775597
-0.0106994701565437
-0.00653848110852984
0.0282077418048576
0.0204763159815355
-0.00347833309627266
-0.0158629142865969
-0.0193443275136307
0.0299494041064072
0.011484281403896
-0.0293110033342243
-0.0219936063003559
0.004901095332289
0.000512190885925357
-0.00472757919899802
0.00117843810335927
0.0368235354004591
0.0120051521355915
-0.00876818120909295
-0.017489045027359
0.0141953962959818
-0.00226918408304755
0.0124452334638026
-0.0113154242777478
-0.0140333031319457
-0.00311203918371472
-0.0191480085858409
-0.00283048877202585
-0.0127500496330644
0.0156219707489207
-0.00647240096388568
0.0108369905974923
-0.0269328214399041
0.00946687310929661
-0.0270855685994524
-0.0211844978237643
0.0331312361059393
-0.0080020001474459
0.0106615583626963
-0.02027405917105
-0.00224799348740135
-0.0228133370704429
0.010145064356351
-0.00145801788004274
0.000660557598725298
-0.00947615888201092
-0.0121622598525386
-0.00385573480006318
-0.00428821012845049
-0.0252945144177215
-0.0129162165131227
0.0315887021388592
-0.00564046723010403
-0.00718922965201862
0.00578403241319414
-0.0103024908133538
0.0122215848125418
0.00254352953843018
-0.00859234802864517
0.0138389969742816
-0.00338822644624859
-0.00749576327073775
-0.017009006148351
0.00909297417535626
0.0092848783130286
-0.0100531846889504
0.00162779376198863
-0.0113491706816458
-0.00273600879802682
0.0108362282594427
-0.00508939889040239
0.0213447692893158
0.0245072248147729
-0.00720063848103969
0.00520119092340821
0.0254469742935122
-0.0115818169261894
-0.000779757699477024
0.0185386989072365
6.40214009210993e-05
0.0046041826485359
-0.00381754734908935
0.0145150205635618
-0.00210972856497715
0.00542653563354367
0.00785164391458792
0.0105145138173039
-0.0106096025866362
0.00781938270564986
-0.00417104607357821
-0.0393997960517227
-0.00284173737304627
-0.00349949530812133
0.0137337545801666
-0.0275627930436073
-0.0125692822603618
0.006810339874189
-0.00286837436455833
0.000793873210287899
0.000840796370306762
0.0175175974805608
0.0202579100644034
-0.0087651556227577
0.00664892228771929
-0.0290137348792268
-0.0010360161735079
6.99965877339892e-05
-0.0118324614438201
0.0434202070261716
-0.0292084958758156
-0.0274620769684093
-0.00323130527601556
-0.0146438365997215
-0.0229533497429522
-0.0137776946982973
-0.0142880116483424
-0.00819354980503206
0.00874258382941928
-0.00319518606385927
-0.00326346960684454
-0.00241442873195741
0.00108744664009297
-0.00100619684352843
-0.0134906710157789
0.00789330489045259
0.0253353760204247
0.0140701145618181
0.000472816201413373
-0.00815278678862441
-0.0134378112481972
-0.0183256688812854
-0.0230075489579846
-0.00713860166022151
-0.026332007985193
0.0177247698370007
-0.0166861882746394
-0.00297442796739578
-0.000442642146333938
-0.00274713019043293
0.00214038398235594
0.0062811876846931
0.0110112547366716
0.00337441714774567
-0.00992235465260194
0.00663798947173255
-0.0121238392176997
-0.0108190201657621
0.0154182785118397
0.0224770463347799
-0.0105262433293474
0.0234844558852947
-0.00198260594021704
0.012483909468763
0.0152841593997932
0.0165072331307687
0.0195980505102016
0.00627133767253252
0.00374495635888916
-0.00920411476778327
0.0176520955301509
0.0151012543752032
0.00544343571597139
0.0140427463138542
-0.0229827488790724
0.00611143574591377
0.00304667078479248
-0.0173133804749703
0.0159730876540936
0.00559029940477007
0.0225992129313015
-0.0168219328530377
0.00717184874770815
-0.0482206960937672
0.0230879897080003
-0.00626899616487364
-0.00320094709902463
0.01310900061124
0.01344084106303
0.00532769185855564
0.0374739387699004
0.01954185071558
0.00207437544299793
-0.00193562309996143
0.00274352940453504
-0.0138304343440021
-0.0150737734503661
-0.0204232087594249
-0.0118733073821602
-0.0119378376793744
0.0110560079495841
0.00829796272520067
0.00142977029936997
0.0118944329111867
-0.00363252656096957
0.0156788046457779
1.17860691100091e-05
-0.00202115391133706
-0.0219192119683607
0.00678635023229024
0.0150103246881761
0.0259217639957408
0.00265887058186109
0.00961719124144089
0.00523926898065419
-0.0231085172278451
-0.0153306201152654
0.0104280400142054
0.0364128135440067
-0.0270863565537347
0.0240365506860938
0.0126384279478646
-0.00608749797135033
-0.00418496028397186
-0.0180725444940233
-0.00966298358884998
0.0167421941453192
-0.0128728738885453
0.0338042213834724
-0.0218210568951616
0.00525202891444287
0.00648250381669158
-0.0110843881121232
0.00579499464612088
0.00127719765989642
-0.00699075542063543
-0.00367249982550621
-0.0199502830269829
-0.00490930653815536
-0.00154541577695433
-0.00757333886982181
-0.0132874446525886
0.00183577476547025
-0.0171483040502949
0.00716594079803468
-0.0136931975889132
0.00234297082151969
0.0104776318941378
0.00394224710613056
0.0142790094532472
0.0125819353399681
0.0109507533437831
0.0100265633611425
-0.00556840070842757
-0.00820267025265409
0.0170732230106623
0.0151678899042009
-0.000895836627313074
0.0256735646953423
-0.001651557581277
-0.0172362178383034
-0.0208633819559783
0.00908450514579773
0.00433917359442493
-0.00117298709316138
-0.0014646991902163
0.0363699828425474
-0.00433259500606109
-0.00150455542103067
-0.0138224550867916
-0.00433516847220794
0.027180951955633
-0.0114922477923933
-0.0105247768942691
-0.0138718347233535
0.00293854032942953
-0.00525582567349758
0.0052401926019181
-0.0103985729490965
-0.0103253950484774
0.00392226067986545
0.0056367984799488
-0.0210745090313873
-0.00466912675706421
0.00534987413547316
-0.000418451089789329
-0.00751835661969213
-0.00348739484970473
0.01250186131095
0.0149199081175322
0.0440765076920799
-0.00159709676852593
-0.00548417715851635
-0.00539125320225153
0.00270640316851711
-0.018970702178855
0.0156991928608949
-0.00508440233316509
-0.0123220475687145
0.0298720465579123
-0.00576976275477303
-0.0109077266939392
0.020936031790237
0.00568562858913513
0.0161880402946686
0.0061114555493349
-0.0148756622464568
0.00742365185693306
0.02063900154746
0.00495992544590873
-0.0101755135375514
0.0239311080864333
0.00589215083921868
0.00403650678094536
-0.00713078679763424
-0.00223029360453797
-0.00827012171439279
0.00685711207142514
-0.0125108907974694
0.00464633390539237
0.0217559610172922
0.00392204275275354
0.0020033583073058
-0.0189481496773194
0.00771084756312135
0.0132505904614364
-0.00596621534035791
0.0093016898886944
0.00803159501482575
-0.00347480756229235
-0.0120033683408725
0.0127544380956159
0.0103927025830215
0.00878121657920872
-0.00316342523530899
0.00643460669973717
0.0210029546074351
-0.0117511903274989
0.0056951267210037
-0.00318446903632541
-0.00337411839420021
0.00670608586474319
0.0112286777946169
-0.00604704622242203
-0.00364700965470899
0.0186780434918958
0.00986477297916366
-0.00599601073330192
-0.018695751975466
-0.0103974622010581
-0.00612513388558344
0.00240158705428328
-0.00213822368933325
-0.03071739347586
0.0167674980302426
0.00957167006003345
-0.0357757987239404
0.00796825680057722
-0.00641252573863671
-0.012455474385618
-0.00333519077298572
0.00838902983023804
-0.00259710884023701
0.0147208793736855
-0.0047139758602377
0.0208816286460607
-0.015320738032683
-0.0187748793245692
0.00729379257346796
-0.0104873880671894
-0.0151432326100487
-0.0209460816599618
-0.00717968099881094
-0.000864284252845238
0.00886927946965965
-0.00750320340618149
0.00716771892963131
-0.0212190230579177
-0.0114295159486701
0.0248017676686425
0.00657776780096331
-0.0026418504710719
-0.00312814088251923
-0.0130895518036089
0.00376155334591388
0.0168413997742842
-0.0222424852666645
-0.0133276998888272
0.00966705538223422
-0.018021306945184
0.00167847690918688
0.000121748657869958
-0.0093891666579129
0.0275043704496563
0.017386007509967
0.00396667877829859
0.0207522207560604
-0.00178121751627547
-0.026834968519279
-0.00622708416374707
-0.0010083491770958
-0.00554121690002329
-0.0193680714451689
-0.0108160413407576
-0.000441943120015331
-0.004881603039534
0.00442874708135044
0.00809070558925029
-0.00812969465564706
0.00086410904393297
0.00317796751102062
-0.0183277672683309
0.00505043029544261
-0.00163928226539412
0.000734976741118665
0.00450583822976292
-0.0193923963137816
0.0150188947096606
-0.0039848184376936
-0.0118395487575089
0.00816524705007815
0.0150267081893345
0.0150247952541864
-0.0068484821191559
0.00131740002164005
0.0034256141181519
0.00740997823561163
0.0108919595778874
-0.00696638169520991
-0.00614291697349323
0.00529352144495299
0.0419670323363599
-0.0156388167310695
-0.00999196565317817
0.0202800741233498
0.0201422341801258
-0.00953328329650738
-0.019378591762317
0.0120365773970388
-0.0225475317249648
0.0215442455216719
-0.0243633355795234
-0.0207286597608523
-0.00281782556013077
0.0181041307230032
0.00552421294434247
-0.00539972196653338
0.00586257857088501
-0.00919085082485172
-0.00138441849941628
-0.00691862182768865
-0.00153283321762565
0.0190424762697843
-0.0108676506912371
-0.00695456338588318
-0.0161462015413747
-0.0139226094701588
0.0150218428766138
0.00277672065747403
-0.0162630962194834
0.00177907676050904
0.00348496948705623
0.00271755056100975
0.0348844739280914
-0.0113624027757693
-0.00556291211353699
-0.0192713852847533
0.0135355604109204
-0.0193544846738156
0.000799331678186022
0.00804092539377077
0.0175996607654545
0.0241103241800662
0.00505354642989086
0.024525296139152
0.00560752578744594
0.00846681712529396
0.0122959622068617
-0.00576494291612661
2.67171478380845e-05
0.0132245286779362
-0.0145653078938563
-0.0114666758972142
0.00855892174897654
-0.00514268508096283
-0.000129695382014461
0.00116037914112255
0.0115604486940253
0.0017052767114496
-0.00580915907092194
-0.00633555640752537
-0.000982949211440598
-0.00718893479408145
-0.00404711978284311
-0.00185313171824486
0.00905791002567469
-0.0353159767746769
0.01651879374083
0.00742950877123771
-0.0127089172056616
-0.00859644919419811
-0.0147931070570735
0.0118397221719748
0.00902753060355366
0.00512929080009172
0.00212621262847268
0.00107082783490942
0.00235188559374944
-0.0254633108615101
-0.0245555824531385
-0.0131261835031129
-0.00617440645582334
-0.00443705827399121
0.00531587549577139
0.000282737450865156
-0.00502100061959432
0.00101762615162837
-0.000525767722363568
-0.0207448861744597
-0.00099077186243246
0.0204996035923779
-0.0125628291486795
-0.0099742398007292
-0.0178292636628674
-0.00722281612658637
0.00135898304952242
-0.0113300918945205
0.00463847173063492
-0.0201222077629959
0.000758698573044114
-0.0270260360937957
-0.0229447952385877
0.00957823431437888
-0.0101053236041064
0.00262243894493785
0.0251378771306312
-0.000637552952773568
0.0100251383949947
-0.00224714688550343
0.0023682457009313
0.00890086081176733
0.0124460174105634
0.0110105876760498
0.00117873397353385
0.00864238535675632
0.00657235126159961
0.0039487708858843
0.0200122783673145
0.0377519178614243
0.00743510957303872
-0.0100787160947604
0.00905524887613751
-0.00770858031543309
0.0254551089915722
-0.0351749631140237
-0.0111756394853
0.00247386982863063
0.0124251363356711
-0.0123093073181604
-0.0146786461958959
-0.0134038862370396
0.00369187372362489
-0.00155911323071045
0.013232322611862
-0.0136217866097184
-0.00253499486254682
0.00633769840642096
-0.00950517770824177
0.0115382412392604
0.00395379071734769
0.00937693652826344
0.0104976100516421
-0.00248651220630247
0.0124207300761583
0.0234062789339893
0.0108627386522571
0.00659483780806092
-0.00278038468812625
0.00736667928313572
-0.00562069748754901
0.00138067529342756
0.0130121246645585
-0.0104945882449909
-0.0059301661318818
-0.00327071812266855
0.00574130293397701
0.00521306611812111
-0.00171951042794394
0.0139523633397536
0.00493269600109425
0.013289326188092
0.0185722967578759
0.0136418790136421
0.0011785684250718
-0.00982010262435296
0.00835830262623283
0.0255617622551947
0.00924288121191896
0.0158342887884384
-0.0580159566642013
-0.000519817890063834
0.0196698523413374
-0.0180171399118656
0.00442839592660693
0.00853687402796766
0.00331917859831332
0.0105550805902528
0.00499326425109015
0.00532228358843501
-0.00211931215556849
0.0313994389887791
-0.0101425609470809
0.00979185762157897
0.00381555125569921
-0.00704476286888589
-0.0136298361550038
-0.00591119177878419
-0.00687489419577414
0.00108752970765202
0.0119334619513989
0.00362404405712713
0.0207326908844321
0.00366865649954029
0.0129795802621491
-0.00424086045869831
-0.0136080282206406
0.00285169975911881
0.0250585691828684
0.0167691570755393
-0.0110685066579839
0.0032660997342111
-0.0181224515651719
0.00526434319588986
0.0107974419180135
0.00940559906858596
-0.0106040279832476
-0.0070437117005282
-0.0034115336745506
0.00808227897525082
0.00260981971423835
0.00720294167536117
-0.0143868326900947
0.00560854584921522
-0.011616658488796
-0.0134035282282277
-0.00544688759196799
-0.006371735299326
-0.0239533233509004
0.00169659633930053
-0.00991096716887174
0.0163961356241735
0.00427211391091831
-0.014993433948705
-0.0148786860487249
0.0143147218178576
-0.00263301461703236
0.0329430484027515
0.0429307827252154
0.00120852440276309
-0.0028134752408322
0.0162115384763482
0.00661421933130057
0.0160165728626751
-0.00458615375561156
-0.00918872788283842
-0.00606881180703489
0.00502147230525285
0.0157694570775755
-0.00199409296981035
0.00739327246727761
0.00127978681190122
0.00613253298526573
0.0118674953032336
-0.0181822706913817
0.0124967016566391
0.0141588153295871
0.00184299399740251
0.0110441261884135
0.0147329077531362
-0.0307687286829843
0.0116997912123598
0.00151604616469125
-0.0230385172003613
-0.00223538493781028
0.000865392950634813
-0.00179900940060929
0.0231264226679402
-0.0243039465637827
-0.00378220636467663
0.00395672712249429
-0.00726118351120952
0.00621807602935576
-0.00683890809642484
-0.000645190744056556
0.00902712113523041
-0.00782450906084975
-0.0119251475848898
0.000380173335026157
0.0127872059276779
0.00828478580129488
0.00364066605296376
0.00651609288952759
-0.0104604881604828
-0.00544479784644558
-0.00733999556164733
-0.00984384619469658
0.035820869352345
-0.0123909705616772
0.0135745876402691
0.018304128076875
0.0207267207254151
-0.0116456670559719
0.00349969673213302
0.022615020953574
-0.0159573648181199
-0.0048487441778482
-0.0184381118692132
0.0172954345477843
-0.0165963022219024
-0.00615871527100875
-0.00611431612406754
-0.0115385236854122
0.0162330490860567
0.0100336054135601
-0.00447292786319675
-0.0120652681799003
-0.00176867997707486
0.0042924047611681
-0.0276550913613027
0.0219152198603938
-0.0102291242554413
0.0121683655721929
-0.0061884945482813
-0.00198032176217122
-0.00309911284311237
0.0336875035567594
-0.0106653280891233
0.0268330448270557
0.0180960158122927
-0.0274814750003891
0.0209854726419154
-0.0134180391882062
-0.0142674200394532
0.00511297992030979
0.0135287207585257
0.0334811635286814
0.0129571658252052
0.0200357359167649
-0.00686138270876935
-0.00278073004057244
-0.00639375234827533
-0.0200625759419006
0.00893077766500561
-0.0172135347605398
-0.00229770992188794
-0.00986541175141209
-0.00130495766497685
0.0074476622653874
-0.00721962032404644
-0.00393715511425796
-0.00823173753522877
-0.0118577320662894
0.0170085070025108
-0.0124129135315041
-0.000391525080003063
0.0140691793068379
0.0124685207148287
0.0150589623628719
0.0115378707252454
0.00865233937430698
0.0370971215591682
-0.0179825277862413
0.0211917836837525
0.00203017404187289
-0.0109645892612296
0.0197190230892854
0.0039406186601143
0.00869148342877857
0.00780811314201024
0.00447840465827998
0.0165430949393439
-0.00556531934200954
0.0120950203056811
0.00567505916129463
-0.0356136936239002
0.00804141214198673
0.0145969948290929
-0.022226596630162
0.00542772692850413
-0.00698346735114441
-0.0108042592002722
-0.0483025627522107
0.000135418397030129
-0.00425110867925316
-0.00531027139311391
0.00651625347965812
-0.00571706945898232
-0.0146595684171773
-0.0113890560038028
-0.00898298827629063
0.0109339347035258
-0.0104984228853038
0.00582622382515474
-0.0238330619842007
0.0116809734101331
-0.00467849264180931
-0.00686199736569204
-0.0106646071620276
-0.00712034924024696
-0.0163099623201974
-0.0160617658889075
-0.0212414271273849
0.00218430929508617
-0.00242219763329032
0.00777324979325744
-0.00111171984669767
0.00590395659590914
-0.0175762870159879
0.00910228745701946
-0.0145379637570544
-0.00309245479045828
0.0072585930968545
-0.00375850234240094
0.0184858596626229
-0.0115565471255472
0.014611025043517
-0.0382801693395569
0.00730228243944886
-0.00114180718076273
0.0414720221290654
0.0149344303508752
0.0188538392241702
-0.00366492959291165
-0.0182554632106857
-0.0151721056799499
-0.00785249770843244
0.00896742025806141
-0.00913608343078565
0.000924002399639967
-0.0237480646118629
-0.00654325782081155
-0.0142172244527847
-0.00985274485370979
-0.00898292295221026
-0.0162529740653579
0.0349545948623557
0.0141925361576982
0.00463172081019358
-0.00229576452541735
-0.00353186821468743
-0.00846429758648082
-0.00686787444602199
0.0171119015191685
-0.00399528552097639
-0.00352004551038476
-0.0103348500095928
0.0166876218928333
0.0237968434166937
0.00130755212194167
-0.0166120380766737
-0.0101013371775931
-0.00571966698293291
0.00409754450023403
0.00999659251388252
0.00257792426957337
0.00617787472087894
-0.000298746757661839
0.00850971844460879
0.00559668208432207
0.00777217885838954
0.0235821279736355
0.0089794361998754
0.00347382214305547
0.0287889891081106
0.0115782333616536
0.0141078087003468
-0.0123772904563504
-0.00572378697313347
0.00225049828750823
-0.0229642109271957
0.0134588827496263
-0.00914546413916728
-0.00499159050541298
-0.0109327145722879
0.0169328602812389
-0.00902916948185517
-0.00477596916804313
0.00369728319973461
-0.0137924912921594
-0.000704245379155921
-0.00362509042013759
0.0259594399005891
-0.00893710222211297
-0.00494464426179064
-0.0235838718737851
-0.019025555832715
-0.00385807963598417
-0.0100205679046974
0.00399364247495537
0.00999404830824613
0.0034264930607435
-0.00385429985322272
-0.00503684405553706
0.00320756273664191
-0.00835581601779189
0.0192547492907407
-0.0016671729578972
0.00882273098755526
0.0166147153031462
0.0131594055876425
0.00816687776649516
-0.00801827519001197
-0.00444136701169651
-0.00929870707607705
0.0107311917553421
0.0328038824322956
-0.0057170254296306
-0.0113932809854491
-0.0101307160222248
0.0192302102061017
-0.0134574311792051
-0.00436585322595029
-0.0212899283167776
-0.0214958226818007
0.00490444248692512
-0.01474634167554
0.000449909117408609
0.0436884792609638
-0.00346201451049755
0.000657683670615583
-0.00298496796544256
0.00233247695380179
-0.00301613392788269
0.00579242886311437
-0.00371161398923725
0.0235468395496872
-0.0230785249417282
0.000235683922961805
0.00821734132689578
0.0150718958738505
0.0236002516573581
0.0151442320400044
0.0198995131219393
0.0229347535142272
-0.00728131721148717
0.0310726164490607
-0.00948175176519772
-0.00154621927430565
-0.00227571398518833
-0.0124447207141793
-0.00710052991140131
-0.0113700341778742
0.00830554396891081
0.0133135365752644
-0.0154032147482903
0.00606581214004898
-0.00906555819198029
-0.00192105209042914
0.0156526336969884
0.00718225832436836
-0.012289718821866
0.00926763139232722
0.00993103476906132
0.0201818473603232
0.00108374759699181
-0.0139102401361724
-0.0123357381128981
-0.000836742932323276
0.00709656317860041
-0.0167278928190093
-0.00708508298702792
0.00539738239453413
0.0060669187781448
-0.00995507071188051
0.00412888518987131
-0.00643252921359583
-0.00520422871170378
0.00557878503508658
-0.0115595915602258
0.0176673489537942
0.00212297915626003
0.0137743444384908
-0.0132880026820024
0.00386365310809111
0.00414776046745757
0.0145417700948514
-0.0287109144760258
0.0174442817040648
0.00319438398193927
-0.0030935600487183
-0.0146425075761885
0.00590131270376837
0.0259467625102054
-0.00321854220593032
0.014878264556768
0.0195945290879163
-0.0134244783241178
-0.000341951377729188
0.0164768078771118
0.00821634788773373
-0.0137421709389436
0.0339816604532581
0.000180301302373564
0.0151411394483461
0.00940125813876946
-0.0198609976814028
0.0229636151055415
0.00643491986918754
-0.00304176839306258
-0.0104462755375438
-0.00716307148320361
0.0083997723120719
0.000776046315603018
-0.00233575504269012
0.000128428349713161
0.0054630716973767
-0.00287444314249896
0.00285714930112491
0.0126054404957427
0.00729809140883741
-0.00176038207258244
-0.019329514710539
0.0135608815176163
0.00837806670064456
0.0104460929518524
-0.00567867000480415
-0.00824238483048134
0.0210902056601485
0.00865539518937641
-0.0143473580431319
0.00325052505619183
0.000261706856188759
-0.0105199109296228
0.0021172568933352
-0.00355847432452006
0.0125288045405281
-0.00945885318103912
-0.0115324567926764
-0.000699243402002558
0.0112778891044503
0.00948655095444551
-0.00296481104850255
-0.0406534980861464
-0.0125877705952657
0.00819538944066789
0.00883164658733371
0.000287265519369306
-0.00267011502030012
-0.0126062179731612
0.00269455626990922
0.0180568490099633
0.00382290493151238
0.000536220319636627
0.0213273969650656
-0.0142614321389383
-0.016345678325786
0.00363599817891647
-0.00132342903707627
-0.00950173477049887
-0.000915176674194385
0.00126243367083667
0.00719007466036992
-0.00556080045772855
0.00512827990658238
0.00123065834293978
0.0192484368525925
0.00893438362937982
-0.005105049570858
-0.00240552458982091
0.00369161845166932
0.0101413052575134
-0.00153762923680567
-0.0127191455305598
-0.00810608291383375
-0.0154749407209085
0.0303652077769447
0.00478116830624842
0.00216128346006528
0.0163746951721455
-0.0124895296745819
0.00468542265880423
-0.0206235779772745
0.00147725124763376
0.0202139481278056
0.0072900252660304
0.00790805608250533
-0.0125358717547606
-0.0230467277245516
-0.0171833487172615
0.00148156519650566
-0.00985895667108494
-0.0229457177997103
-0.0083210803244107
-0.00297996115166299
0.00626548004582794
0.0304724368409648
0.0199355719653678
-0.00274979361232219
0.000622638847101342
0.00271502710092175
0.0185017893703572
-0.0277065982493765
-0.0139830857484267
-0.00371198039482401
-0.0244782308343057
0.00145033654271032
-0.00288511301256822
-0.00269583048402211
-0.00476418133296441
-0.0139036764148575
-0.000489004150300509
0.00563695910435236
0.0196686840184492
-0.0012145220882589
-0.0219135351933124
0.0168749520538878
-0.0118803594422285
0.0239194642906781
-0.0192727087880051
0.0148522970319425
0.00121130005692027
0.00991543276584572
-0.00813879138154139
-0.0124958642805835
0.00831424525802316
-0.00627002230675888
0.0153839521624182
0.00131558088300743
0.014275343509639
-0.0403768064184575
0.00945237580587577
-0.0102437492844016
-0.0115775616711797
-0.00133931646211494
-0.0112644272587099
-0.0308689078450071
-0.00875736595147636
-0.0351187213587352
-0.00309528627285882
0.00390591526655637
-0.00910954586684198
-0.00637917335771299
0.0226586122285957
-0.0068995194409629
0.00197052808986786
0.0204223108258201
-0.00251783514439641
0.00283270452977469
-0.00939685748390495
-0.02367981515353
-0.0072345196834398
-0.009658564949798
0.00109714496158553
0.0056925726363577
-0.0283620857200209
-0.0146600241268686
0.0322329209786014
-0.00649885990662291
0.00942000978762181
0.00688513321926187
-0.00729013907480436
-0.0179619606646977
-0.00847058112500854
-0.0048573127427316
0.0339221653818633
-0.00506800390129936
-0.0130001680264442
-0.00543742658113278
0.0177706399498225
0.0108904698477676
0.0118907532229144
-0.00721146353980906
-0.013215599140163
0.0163258875703658
0.0101046972039978
0.00625288042959227
-0.00948580349971273
0.0233158794469306
-0.0222575460994792
-0.00736040240258795
0.00280223792628487
0.0156588221059843
-0.00156728316945021
-0.00423084174359456
-0.00663121458001648
-0.00597535818661044
-0.00259701315947503
0.0192810930691101
0.000882742212882981
-0.00102792098454962
0.00378436145623517
-0.0100232800789941
-0.00866784417153887
-0.0143973995705107
-0.000200297443528896
-0.00484341644923258
0.0050818754936941
-0.000513270194304916
0.00367301665167652
0.0160516076640329
-0.009984221345956
0.0253374356941167
-0.0252506072753915
0.000553750628309757
0.000472724069843444
0.0017731304014017
-0.00929284575711353
-0.0321001333986821
0.00471802785110587
-0.000340902830298973
0.0125702261991458
-0.00310591037901364
0.0118961629878891
-0.00760398331055967
-0.00237066535945551
-0.0122036381203721
0.00265188239803571
-0.00537143190907763
-0.00509138599464176
0.0381225482449157
-0.0143287743944391
0.0202671023879395
-0.0160575980690565
0.013864129759769
0.00789436103898566
0.000544286155757412
0.0555804812667784
0.00868992278891589
-0.00268185519010089
-0.0153645795147055
-0.000357812527495227
-0.0150826597564242
0.00485847895718461
-0.00125678841202692
0.00289784871135623
-0.0131707360510696
0.0310061617135773
-0.0194254510113661
0.00884918775658061
0.00622994299112012
0.0237132809715641
-0.0118129525623321
-0.0170488193753044
-0.00252023208206253
-0.0111363281693952
-0.013706780637599
0.000771570007935374
0.0137056751551361
-0.0147562657999556
0.00890283704825645
0.00158136829988997
0.00529933447996989
0.000140400992610701
0.00095547395478679
-0.0046865795719544
-0.000333826704707718
-0.0127318144331232
0.00681385562917747
-0.00915405190981922
-0.00878168820376768
-0.0176250052362361
0.0134230856753206
-0.00714985173251126
-0.0150407967276553
-0.00413769763203042
0.00435931191527406
-0.0156249824756847
-0.00795003547760231
-0.0205906053833989
-0.00854327266064736
-0.0108362322378266
-0.0135029203704793
-0.00258918613186943
0.0313113399615821
-0.00622925213539194
0.022027217713827
-0.00885106320051854
-0.0123114843497669
0.0108669116491198
-0.00482398874260337
0.00269093851333047
0.010051564052298
-0.0139904053710289
-0.00625791406183573
-0.012089032847233
-0.0175121539825174
0.0124243986477266
-0.00484323701882694
-0.00910728378053438
-0.00895846943144107
-0.00298994713694523
-0.00392976747891627
0.00452834450027417
-0.00168846200418038
0.00882223139728211
0.00943225076704213
0.00131597565166697
-0.00679774213730422
0.00757244039746574
-0.0227643399451622
-0.00429240151295396
-0.0174624699496553
-0.000127739032202534
0.00972267668806559
0.0195219448726967
0.0192989650054507
0.00927116836543451
0.00489044142292805
-0.00769182211628738
-0.012947892699275
0.0442515507310555
-0.00609767684523366
-0.0191120920684362
-0.0112156607859708
0.00556346523127171
-0.013117994206449
0.0102890430174174
0.0112006694391837
-0.0102712682840966
0.0125172120192687
-0.0385937705507642
-0.00461861834933952
0.00722065301816777
-0.00387985013181513
-0.0258645443683649
0.0140005024806547
0.00386494235749968
-0.000686432042336094
-0.00789849634228634
-0.0229091429815762
0.00880542510210347
-0.0117808303489646
-0.00754269533729346
-0.00152976263151139
-0.0283516137615987
-0.013371313780282
-0.00483740013120038
0.00623680877538391
0.0092327975192692
0.024862720478537
-0.0201714913808084
0.00569991050760343
-0.00109543283235425
0.0213659157931625
-0.00411329967568896
0.0049469501773256
0.00616171317153658
-0.0193511280517251
-0.0202154222078539
-0.00707608230372081
0.0108189263294491
-0.00178377211295455
0.00675310635276816
0.0181149382124151
0.00310021638201974
0.0177673973999202
0.0216417577085997
-0.0122897634847119
-0.0201900370511385
-0.000590456463149813
-0.0183623480388739
0.0127599393216942
-0.00575925849129622
-0.0166217841703808
-0.0214450459131958
0.00801905919710322
0.0120190815755059
-0.0152413363103889
0.002491057598629
-0.0185244859869007
-0.0154424103758863
0.0399389158057186
0.00442735589516285
0.0087495864080811
-0.00694155590650425
-0.0162221908557632
0.00185963427334634
-0.00340808001134896
-0.0081019164368934
0.00192658669068724
-0.00668639193685738
0.0237965017646316
0.00819877512700984
0.00322859213400406
0.00874089420526403
-0.0197898812440247
0.000109083415480882
0.0129283504706592
0.00403352816574465
-0.0143475931977726
0.00514384950476821
-0.0198765943182151
-0.00168098219986401
-0.00814269771570508
0.00438066730700548
0.00313817165120334
0.0094793255330341
-0.00262495550678654
0.00543302713488192
0.000726932585739526
-0.0123755336975782
0.0120377908852856
-0.00342808924870397
0.0153821403424521
-0.0106308411738647
-0.0158713243841886
0.00157114458513163
-0.0195040125150445
0.00143342983209394
0.0135223314794795
0.0116786130942996
-0.0201202887382461
0.017085648505538
-0.0234285378761792
-0.000892717843579582
-0.00476682265168904
-0.0153168974858264
-0.0166175131500763
0.000200850676983499
