-0.010711646359435
0.0188929629935339
0.00765878862505343
-0.00300037596935887
0.0271787655011417
-0.0152479601959135
0.00216766798959878
-0.0215525904558369
-0.017911846118448
0.0136582423027969
-0.00225172682084551
-0.00110596288715126
-0.00811580119276023
0.0122215043296752
0.00028240593894413
-0.00981241423925283
0.0118802702083451
-0.00753777612207429
0.00741616056734973
0.00592976862273531
9.32864458160765e-05
-0.00750808085617827
-0.00895994359568775
0.024645880647844
-0.013712985788346
-0.0145810012061389
0.010738188612426
-0.000583959216952756
-0.000230453355125171
0.00722525415025466
-0.0133707462485368
-0.00355486526958781
0.00553181226273125
-0.000174113641646656
-0.00796530328042433
0.0152835425245854
-0.00521122037918609
-0.0117659086408342
-0.0681482406438754
-0.0143210393707109
-0.0201206783548002
0.00742982018534644
-0.0100830339981117
0.0171330162374703
-0.0126680237793213
-0.00103367890171757
0.0169851372651051
0.000681646909189482
0.00383727355924357
0.00232192280315857
-0.0153867635832219
-0.0177948212835801
0.00656490288425893
-0.00270924190557142
0.00887758757635559
-0.0152721853558777
0.0261319546823486
-0.0116389163324486
-0.00539507353896163
0.00338536856785865
0.0100245674722945
-0.00874387415791844
-0.00434473186885853
0.000910671737114122
-0.0233621764221681
0.0134131401462954
-0.00941188752426569
0.000795046390399179
0.015083836436423
-0.0100018491803207
0.00402788151544531
-0.0144943832832629
-0.00698293304059305
0.0172176380381295
-0.00290548556450609
-0.000826318198449805
-0.0162729617729749
-0.00535776120001064
0.0176079165072807
0.0119093490119253
0.00308875322879221
0.00734879731610771
0.0229758791760082
-0.00639445078361245
0.00727651762211856
0.00352421046415152
0.0104270160341118
0.00294189758180785
-0.00993175750579489
0.00718522710543734
0.00778593008922179
0.0119839328391054
0.0120398424880204
0.010183470395039
0.00360134390852629
-0.0357979111911195
0.011371013041904
0.0107034011480396
-0.00913412989452222
-0.0180511004294113
-0.00949291109854755
0.00999985725914421
-0.000105798940398749
0.0127535715414435
-0.0265685959023152
-0.00497387340259881
-0.0162751429105148
0.0197265658987735
0.00333452310545734
-0.000353843271245324
-0.00256378367102261
-0.00902649913149123
-0.0199842799030012
0.0148893333790019
-0.00934395971158963
0.017227692501403
0.0247071888552242
-0.0169080007870948
0.00363814838810583
0.0120114381246852
-0.0196177223027529
0.0150363537772895
-0.00618995752651053
0.0152593940851702
-0.00795387953892313
0.0157576960629751
-0.00180558964425703
-0.00594821472461593
-0.00223035734053312
0.00170632557627748
-0.00436440628556145
0.0193315974166133
-0.00454941514117291
0.00218542890056472
0.00358937808635407
0.0018008046068676
0.0203427317433134
0.00385054286634556
-0.00534237056032261
-0.00549362170834389
0.0156699454869393
0.014637409189131
-0.0101751850696026
-0.0159378695815526
0.00137294329031157
0.00604913392600004
0.0161249060031583
-0.00231710186589051
0.0271340977399728
0.0121681451630513
0.0148947374234183
-0.0131785556632202
-0.00513299814382773
0.00406633505704779
-0.0223919032012034
-0.000866498418646167
-0.00126665468170728
0.0106636259275339
0.00402733284274071
-0.0179767373082989
0.0123802635326395
0.0199946539809588
-0.00467052762014397
0.00745334442224799
0.00629736838281758
-0.00237928743211047
-0.00639149578503595
0.013354862922804
0.00715730868982423
0.00793730889360234
-0.0110607765298054
-0.00907713170210211
0.00542476647426771
-0.00208935568381019
-0.00481660573183973
0.0286539939760013
-0.00364432085180688
-0.0191033357445587
-0.0132344067403798
0.0159689381904515
0.000953785378256633
0.00471143398362539
-0.00241607920620002
0.0102056708561493
0.04447658406598
0.0118792609082723
-0.0333081918189349
0.00350001149201429
-0.00483801050932531
-0.00323680786548852
0.00849401112983461
-0.00643500339615954
0.00126011970616968
0.00447338452099721
0.0175012679492719
0.00826323313795907
-0.00837698153677291
0.00128039049409789
-0.00381287931246987
-0.00605362733031178
-0.0180892154211927
0.0108929650767529
0.011432265598474
0.000462238534135295
0.00787657206067482
0.00800274248072252
0.0132206494840599
-0.00295963312864345
0.0234571181391363
0.00424428702989399
-0.00701293376374768
0.00520133564699243
-0.0154148091800508
0.00761497624352803
0.00867824455219068
-0.00266017783445172
0.011809983838531
0.00446210342950248
-0.00740119249876514
0.00860728277030631
0.00279438305795576
-0.0206197814777562
0.0120395302780176
0.00119923864284388
0.0136803749157357
0.000710220744378987
-0.0127078943240306
-0.0186674255555666
0.0367559315301467
-0.00938021514541898
-0.00280103595696257
0.00664394058631679
0.00995441657231222
0.00843657505365059
0.000623731620603252
-0.00206590389378647
0.0338586416818645
0.0233824770214994
0.0209907525571733
-0.0151254519281325
0.00692050912559949
-0.0100328924163415
0.00108306862440788
0.0111774757482728
0.0139454073811187
0.01956149670574
-0.00142344151940144
-0.00236085318074508
0.015537642503042
-0.00179065151789626
0.0155755215216145
-0.0164031627873245
-0.00308319530344647
0.00462490949039474
-0.00029144695698502
-0.0131115124850671
-0.0104461832661986
0.0112150567614258
-0.00581811649591391
0.00671739892973111
0.0127552127210562
0.00464768325672793
0.00167899161452034
0.00699138041175562
-0.0045191245685885
-0.000645701193888293
0.00318283626153537
-0.00445636085327461
-0.0109747810554914
0.0208664300669925
-0.00173709949017464
-0.00986764041014876
-0.000109097892780241
-0.0173774968384262
-0.00544554901307581
0.0181421775640702
-0.00796739634139332
-0.0203530525242401
-0.00165830327126404
0.0192742445676695
0.00617806608357974
0.00589927254772782
-0.00111684283357594
-0.0080884700915016
-0.00914746149063195
0.0167472365263146
0.00464936870301536
-0.00361583321962566
0.00838264973621872
-0.0131681037940226
0.00245697350790142
0.0270868581740169
0.0170380839092727
-0.0127749806938402
0.00990550566239712
-0.00700924084864063
0.00143464987556552
-0.00579941276813223
0.00182523825113279
-0.0170252892821248
-0.0027520001976109
-0.00256903450595836
0.0196834164982906
-0.0176928809191139
-0.00547041402337811
-0.0167757476067854
0.00469716127479636
0.0160204624202898
-0.00359213336950415
0.00377921844553075
-0.00494002044822039
0.0157592217761051
0.00100156179838873
0.00957484157740573
0.00141552473463147
0.00478990402936663
-0.00233383726853109
-0.0213838936343702
0.00807340760140818
0.00138971084039063
0.00523343588166725
-0.00354380766385631
-0.0151705289490058
-0.0104239763817473
0.0127397019787709
-0.0208218466882064
0.000351036192713927
-0.0132881347582927
-0.0123923355803859
-0.0153957843632835
-0.0129360939006267
0.007803459039045
-0.0218584341961199
0.0207000267992319
0.000361748279758878
0.00593337214691303
-0.0104123226012938
0.0133509307971789
0.0230655330028267
0.00348809216276713
0.0138062158924246
-0.00299206140290575
-0.0107046758010307
0.0143756769977896
-0.0284699262304295
0.00799526112361892
-0.00835353212541534
0.0163833194065797
-0.0306461670138773
-0.00637804174871359
-0.00231393190390516
-0.0173130943663118
0.0244564979433646
0.0015857724533852
-0.0187865578472906
0.0128747586647151
-0.00959671409083729
-0.00354856553388583
0.00473082977664596
-0.00530506086973404
-0.00705888001039234
0.0313457301105116
-0.018030265195554
0.0097503502138796
-0.00587885717432446
0.00923257645931308
0.00563071161818929
0.0187782837056529
-0.0184714905274488
-0.00737912562873255
0.020154876324213
0.00137176941078465
0.00828365405814946
0.0065221260506334
0.00513625188168287
-0.0147785533162343
-0.00547490629221503
-0.00677456920469854
-0.00423667929128513
-0.0011873519507386
-0.00893032583643638
0.0146135883325735
-0.00182429574846577
0.00684116259724465
-0.00926013244359414
0.00774418935627175
-0.0130761708569445
0.00941576654110676
0.000152899148470276
-0.0047632782170437
0.0247682512988687
0.00610463887215484
0.00516937078851143
0.00372790854544203
0.00558916509205432
0.00470804850118611
-0.00549714615169439
-0.0133368960363374
-0.00538721250923491
-0.0224351452311549
0.000728453760157066
0.0192670089889386
-0.0169079939628745
0.0132387294806522
-0.0176286554016158
0.0243891433415602
0.0141540652408638
0.0153620240088728
0.0181521888823459
-0.00599182845163426
0.00589998260228874
-0.00183810833548215
-0.00268207930751796
0.0273831735596648
-0.00793144506672583
-0.00392965500079256
-0.01876558564883
0.0208864901623569
0.0172996942342802
-0.0038528978388781
-0.00815756139100898
0.0174110633131281
-0.0227050970026603
2.72340588800546e-05
0.00114219141593619
0.00572497305034947
-0.00294827283475119
-0.00873557355130927
0.00551000272810764
-0.0175059002618845
-0.00441242453355439
-0.0214414655516881
-0.0028166876986484
-0.00126094660730658
-0.00463009629539091
-0.0010327364953735
0.00194370883850858
-0.0120622144242128
0.00236601492222821
0.00548660542552515
-0.0121310869510811
0.0193607598955801
0.0218596766187895
0.0153420627032466
-0.00444488490325323
-0.024439369866645
-0.00948872669570999
-0.00657837083339974
0.00796012788682088
-0.00342408971492336
-0.0125485444604276
0.0054561767579786
-0.00165106352982836
0.00283274126996336
0.00212048946411425
0.00419452669112808
-0.00649071395150624
-0.0121123000604948
-0.00211236629469269
-0.010977200963123
0.00015974797094831
0.000334000491874598
-0.00467227038857843
-0.00789970274128216
-0.00511447999292258
-0.00237296874894266
-0.0127963512040212
-0.0052126349693733
0.00121992188997666
-0.0137552919247694
0.00744038360180177
-0.0120629369403797
-0.00611376971582889
-0.0114861195662712
0.0206849164490359
0.000361948366480291
-0.0125832138746285
0.00964177651146869
-0.0214108668928654
-0.0135226410408267
-0.00474720582661803
-0.0217008127498701
-0.00742730049634144
0.00605753151480037
0.00297843581036794
-0.0165067630590832
-0.00580647492126385
-0.0149356997153056
0.00130992905056537
-0.00500853606396578
0.0018470913199744
0.00151335839846034
-0.0119124889928619
0.00564783646510048
0.0386497111709376
0.000956332353402978
-0.00430272426287104
0.00548312249017702
0.0013482558649951
0.0038292441038994
0.00167222223944918
-0.00912601473169605
0.0235507043533563
0.00377964061859792
-0.00635068315406961
-0.000283125496673975
-0.0130533826869739
0.00365432918832642
0.0246501289734393
0.00794044669009963
0.0173263656437079
-0.00908320542823571
-0.00189365861562596
0.0122738080918019
0.00201534842481532
-0.00712528955864489
0.00539990137555169
0.0157605610734279
-0.00533852615132879
-0.00303587052765319
0.0247529567485234
0.00246414343270462
0.00897509203739677
0.000421374488195347
-0.00602094314723622
-0.00832546896780872
0.0112669075529217
0.0157111629614466
-0.0130409652421282
-0.00685781204122549
0.00352849994311466
-0.00144563274875775
0.00877848313266671
-0.0152294954179277
-0.00683003327026022
-0.0200314533017583
0.00656516235827898
0.000310744258831264
0.0242860761788428
-0.0112052570771022
0.00231572986851258
0.0204931876489898
0.0032782469606758
-0.0144367141841419
0.00399668101093198
-0.0120351473596658
-0.00546805833044139
0.020718143948586
0.0231881449074711
0.0223506918531866
0.00801523840711926
-0.00944642463211132
-0.00406712285193223
-0.0194238138062328
0.00685490682269929
0.00539739874153078
-0.00898530917767637
-0.0188469190785456
0.0102194019467801
0.00956271891307203
0.00196813720845412
-0.00242330377222633
-0.00901763370773256
-1.94070488346298e-05
-0.00576221519019704
-0.0100994050541638
-0.00718220775328948
0.00847764273255436
0.0173552151864955
0.00762215582422066
0.0126631836212727
-0.00894972748083678
-0.0112367970728
0.00262721663047394
-0.00227545274297647
-0.00794744227025213
0.0072966173845268
0.0109331075190324
-0.0110883904842218
-0.00732332357257715
-0.00822586672043002
-0.00449351566371181
0.0100874853764781
0.00344684768656656
-0.00722071759789866
0.00191603760917403
0.0127525340344619
0.0126643389585963
0.00464268613293406
-0.00923733095741675
0.00388347109385201
0.0029322923572872
-0.0247464996175308
0.00464339778378076
-0.00953270594409794
-0.00760581541439009
0.0121335637218181
0.0131826618370319
-0.0152751403028546
-0.0189408395489323
0.0100631904398583
0.00650433986728771
0.000464451426647194
0.000433215599019654
0.00180628446158337
0.00271344487467395
-0.014108716053796
-0.0197025575000911
-0.0164882809297779
-0.00681927101335233
0.019265135707272
-0.00357166173499746
0.00540119302772002
0.00460165694698045
0.00534117993632233
-0.00115291094218151
0.00927221992702165
0.00137799095749713
0.00486584118425792
-0.00755715408404534
-0.00279850688582428
0.00156500779030644
-0.00380678446836935
0.00110311880471059
-0.00761165781258111
0.00599372934271347
0.00153392030027
0.00209548704731066
-0.00524606056115573
-0.014637220987491
-0.000141596244130682
0.00141416431371688
0.00345930192673993
0.0130836701678758
-0.0110017525024819
0.0127451026555381
0.00769207238662073
0.0142006570498125
0.0207842153504147
0.00892510869842233
0.018443204778432
0.0168327582070464
-0.00106311781373503
0.0110485797012112
0.00127247085467364
0.0103426351799278
-0.0147562898272247
0.0233583046494141
0.00207390925072026
-0.00184095174621035
0.0215268861368436
-0.00436766476841743
-0.0217084894219308
-0.0148207756868928
-0.00865707177592867
-0.00465363434010957
-0.00421151713870671
0.0117358005585304
0.00261542012033456
0.0121718159829838
0.00391521274161555
-0.0198873989858157
-0.0103328989759515
0.00105163521826945
-0.0125537398947451
-0.0175473939909203
-0.0130711612657501
-0.0113651824879746
0.0015343525625573
-0.000520678050222934
-0.0209385743626962
0.0277165605921441
0.00392298735752039
0.0142076901114843
-0.0194646898730984
0.000233409533719531
0.00221336981151676
-0.000457245068806955
0.0156555213051233
-0.0175413880291631
-0.0211844995182053
-0.0164487373168365
-0.00329869298312957
0.00563749641770084
-0.000523365812888699
-0.00915509112190538
-0.00756753032592261
-0.00543286742087279
-0.0033598448700074
-0.021176923435946
-0.0134809535779974
0.000934777628747163
0.00125950939507025
-0.00732153656106593
-0.00407894473875636
0.0124639845815384
0.000384990050256384
0.00858981914109425
0.0171483277658959
0.00931461831386926
-0.00487708312513035
0.00551202672442752
-0.00843942862552449
-0.0133625351376363
0.0123468641878031
0.0114898510558374
-0.0109679953851654
-0.0107360537263643
0.010403594966899
-0.00565908983196017
-0.00620958738083388
0.00158757188886227
0.0126007339232705
0.0120965144178458
0.010407191664747
0.0321385523808679
0.0321624436144008
0.0124828032429409
0.00929566320099529
-0.00943128329346887
-0.0156464883076062
-0.0220538863635475
0.00113872053612507
0.0162946331583074
0.0132516296019674
0.00257137470698154
0.0221535680779326
0.013251584847719
0.0102576124284912
0.0113656972523568
-0.0113824082034872
-0.00524375919181264
0.00332654017075651
0.00776309896969885
-0.021247246621197
0.0244606902357392
0.000710238169633115
0.00692967028640812
0.0127758774993074
-0.00259758196048931
0.0113581978859401
0.00723445842345516
0.000472735010760061
0.0231989754644095
-0.00833063092791342
0.00827495126605626
-0.00211714748981162
0.011577553779623
-0.021530267678286
0.00243933247734507
0.00540799804106751
0.0170766411392336
-0.0120756557037103
0.0123235438252456
0.0183189369011068
-0.0103130708212822
0.0182175313821391
-0.0129575903095427
-0.00213855212459713
-0.00727032706399555
-0.00211259059289048
-0.00447052872292186
0.0121539735349341
0.00699491529244867
0.0103997867311856
-0.0222735285157247
0.00538001813253874
0.00895181790036936
0.00493453136835065
0.00913159329834023
-0.0106409464113719
0.000690882499229772
0.00354040928431587
0.00182200375130215
0.0077986569174735
0.00594847865804837
0.0104130165304035
0.0148533214285784
-0.00453469163399856
0.027776488883231
-0.000206773437707142
-0.00344334775821498
0.001250509450065
-0.011237982084281
-0.00648533364056725
0.0177105388291423
-0.00872040005012042
0.0170091054028196
0.00366977234055277
-0.0117455623184091
0.000308405124592959
-0.00804548575960151
0.00751090410286626
0.00475528065936093
0.00325771761961491
-0.0094164881818859
-0.0221228567269405
0.00633262392402578
0.028264803282374
-0.00286943754081026
-0.00920589833878882
-0.0166272845588145
-0.00891284534298364
0.0177167134498255
-0.0164898003096203
-0.00317404381920383
0.0208943352659414
0.00111723410702602
-0.00961789996812801
-0.0101804143727424
-0.00134919952991108
-0.00662274963683984
-0.00330188165040912
-0.00197266387357331
-0.00334029087730947
-0.0078755140465514
-0.0115048449212498
0.0269095957743755
0.00377255536333809
0.0144386935302645
0.0103552801053928
0.0056170499348811
0.0159209184611715
0.0105903167716654
0.0044405808087804
0.00775888474638897
-0.00706508915865189
0.0152043252786793
-0.0200591649406014
-0.00604192381865509
-0.00779798066113724
-1.25714624088502e-05
0.00430878143266789
0.00884764153307227
-0.0139955973437749
0.00660204775886442
-0.00115242488998923
-0.0120533931905493
0.00089227923567492
0.0212014568022836
0.000680651455518877
0.0123768963168525
-0.000176548982145697
0.0105174485594102
-0.00771269288995136
0.0260659795514959
-0.00442056921344669
0.00393745927853395
0.0053401746491577
0.0027297462227347
-0.00931008907802244
-0.00358246141483498
0.00527388250459371
-0.00919971107955408
0.00298307710855816
-0.0209219146912734
-0.00870239357977276
0.00752688292956538
-0.0201874256266281
-0.00514341305886834
-0.0133806247815151
-0.00374975685978107
0.0278055147364169
0.000729178245999051
0.00525208694596646
-0.00857264399765256
0.014014145895147
0.000729216725699366
0.0204338052132842
0.000827574591260927
0.00878819355492322
-0.0151136230028639
-0.000447140942726243
0.00130730247767108
-0.00243091571977416
-0.00989110833569473
-0.00606664958460446
0.000653936227463348
-0.0126851899668541
0.00837129886446597
0.0118397311572673
0.00225282375667923
0.0114105820270591
-0.00160975645829353
-0.00524919426924964
0.00169851254755748
0.00167623855950971
0.0104085410919019
-0.0027458361704138
-0.0195535893780416
-0.0129677962190495
-0.0134448766245043
-0.00805690669167625
7.13004341799106e-05
-0.0125678071156567
-0.00656433871171735
-0.0235833900884455
0.000163957576041263
-0.000638222882990647
0.0045783067778018
-0.0266279651012127
0.000891983109279515
-0.0129316596537956
0.0126731569850307
0.000544751414304656
0.0118912087625427
-0.00275110437128578
0.0167997050899196
-0.00540246959787805
-0.00130086899928905
-0.000512815863955574
-0.0146233029329252
-0.00506607653340208
-0.00650804593898435
0.0161480480914014
-0.0259468326482439
-0.0136737992417437
0.0103648138811288
0.0126853037964372
0.022313803358486
-0.00316992514420278
-0.0215946934414806
-0.0126917929381367
0.00504036937399643
0.00142669701302456
-0.0207743153634103
0.00296675154981418
-0.000206783912813258
-0.00917580503701654
0.0224834401398422
0.0189623083237684
0.0123536833585964
0.00407686176739119
-0.016135732962244
-0.00272707519995574
0.013019746096429
-0.0069347760453855
0.005232256935642
-0.0186089948032508
-0.0072227080508851
-0.0106986951144936
0.0074379270335152
0.013288850129431
0.0218226627826201
-0.00432183987893175
0.00389701451644431
-0.0171065949253748
0.0114459434581127
0.0101742060929322
-0.00661663006706803
-0.0064131017461122
-0.00149295186314991
0.00119681319664178
0.00110232032707369
-0.00158118896077042
-0.0281422865739254
0.000728416128812803
-0.00316406512918377
-0.0125588295712467
-0.0109801909948546
0.0129859736824107
-0.00883723364836886
-0.000231207447594528
-0.00514192452702211
0.00752101266029204
0.00355643309683096
-0.00623931610514905
-0.00871896195495747
-0.00879165105462665
-0.0115826467151949
-0.0249870012271778
0.0074834184328223
-0.000994421031838222
0.00573869625991996
0.00700326802871576
0.00229849288763617
-0.00183810840043375
0.0178041151738668
0.00355714045475075
-0.00992066098519295
0.00769365395404797
0.00540628863364745
-0.00084061794509438
0.0276206242715027
6.53583987553219e-05
-0.00561564565795702
-0.00959595176936467
-0.0071777967350517
0.00234508015484547
0.013831111984743
-0.00261991346718649
0.00318197357800099
-0.00340250551761834
0.00524202144849983
0.00606445294634828
0.00629530366170972
0.00159805637839838
-0.00129427794729597
0.0184888502846272
-0.000520889413609282
0.00716780618713031
-0.0141449422268103
-0.0138782497696504
0.0157824675257707
-0.00604718460243703
0.0129626758613419
0.0205242275699469
0.0200121546994891
-0.000466658686937294
-0.00193333583536237
-0.0147146000619456
-0.00383333423098531
-0.0301758488054089
0.00235813661456685
0.0022877909530159
-0.0126115801333668
0.00430061469671994
-0.00634714328350228
0.00936170934867508
0.013515711915324
0.00137022333761205
0.0104305536661586
-0.0209093750237175
0.000895202994881217
0.00996646814750601
-0.00634953968861218
0.0085963204060695
0.00968406040328418
-0.00871164913385414
-0.00199841880297136
0.0138794557413693
-0.0134539684112598
0.0178140863280838
-0.00665739255567566
-0.00291367852124047
-0.00116146162535191
0.0185294345917733
-0.00295778888718168
0.0186888242165608
-0.0247057441795411
0.00128090667796599
-0.00562443904006926
-0.00676081388673655
-0.00341922063585365
-0.0145760963913819
0.0361856381720065
-0.00521340354728661
-0.00638500382961205
-0.00215614244581985
0.00986215925107281
0.0071185812064849
0.00397522478586332
0.00199005344058367
0.00351778920749357
-0.00450370922334109
-0.00738874039021109
0.0110438556116241
0.00826337182385206
0.0074489416285326
-0.00546938159802224
-0.00767660179615604
0.0206621990549554
-0.00811974730179976
-0.0111457898129945
0.00489174942607562
0.0201532917577776
-0.0134970440471944
0.00972197888349768
-0.0100657235172896
0.00265775587384365
-0.00766267081887495
-0.00383963898602335
-0.0124717021884626
-0.00970105649560082
-0.00793163284817133
0.00538361890677663
-0.0212431533251163
0.00742596403684281
0.0115801801324249
-0.01760783348952
0.00313413309900312
0.0132860820964886
0.00729024393373212
-0.00909983734657516
0.00641860187197807
0.00327207810019292
0.0140404030131176
-0.0153435866079574
-0.0011724310519261
-0.00516600344277318
0.00261330030817142
-0.01536166369414
0.00730544631774688
0.00853275622939442
-0.00801571643958976
0.00928207999519692
-0.00824266329618073
-0.00605520932177139
0.00273368093014348
0.0202848603133718
0.0165648608089022
-0.00621768368274012
7.4451708015566e-05
0.00318714861758274
-0.0221364906434003
-0.0138499767736997
-0.00659455938276032
0.000977488830450568
-0.0013324440688427
0.00244003820195982
-0.000231342244125798
0.0127689434400891
-0.00506290170545221
-0.00411956793269486
-0.00952346273922
0.0356165097842993
0.00176745711204163
-0.00135476079411578
0.0100512842704621
0.0116891942277926
0.0144240250826657
0.017371797934655
-0.012843521811865
-0.00621725285921659
-0.00345794809460731
0.00136528580505058
-0.0108006879359435
-0.0242494420822483
-0.00602694005982851
0.0236423758376532
-0.00399261250332206
-0.00708926286712064
-0.00788423965317175
0.0287530446950797
0.00394381776711228
0.00851234858227201
0.00685425656448846
-0.0235782058462863
-0.000432558555247375
0.0148948343503976
0.00841977339038014
-0.000575408071021855
0.00864036040797789
-0.0144594245464145
-0.00385852902002704
0.0105549456310303
-0.00962702981092178
-0.00199160190255032
0.0072170118021484
0.00668969056734969
0.00107567717776735
0.01637427762744
-0.00337891491772435
-0.0142632712966995
0.0030717216237699
-0.0162471834855102
0.0108957889328156
0.000110286518475
-0.00514575759060065
-0.0028957845027282
-0.00787423547440724
-0.00490656065986528
-0.00162319358722396
-0.00123636253639425
-0.00766969301413312
0.00764564501622012
0.0124750033984089
0.00892523111848043
0.00561007126287105
-0.00534125413984476
-0.0150255788686122
-0.0167509072634626
-0.0221422389398809
-0.00786010921212199
0.0170270946040532
0.000155746533231138
0.0275386670766924
-0.0087700120843035
-0.00302730855820865
0.0091851755915453
-0.00228907760377606
-0.0183618060921473
-0.00764882091740837
-0.0232411448793881
0.00307479938361777
-0.0133506081023436
-0.00326904505335701
0.0139997539473926
-0.00443657408045173
0.0214239697320062
-0.000262392137907241
0.00373607777476082
-0.00881862510862597
-0.00387523826376324
0.00585685505241074
-0.00510732648860834
0.000215707660818687
0.0155207327637914
-0.00155686552608358
0.000723012362965569
-0.0159077971389685
0.0148460430166191
0.0209196615672145
0.0159938973872702
-0.00109952378683165
0.00731656551561688
0.00600287874862637
-0.000469436149929336
-0.0005023351628477
0.00978708615933588
-0.00428191225477015
-0.000939771426400782
0.0102637373502192
-0.000195118968655983
0.0265015470959904
0.00260410412984591
-0.00312707038672499
-0.012138390933158
0.00663032795322227
0.00334906537729829
-0.0171236498816096
0.0111031675882618
-0.00911252006802155
0.0117794118754553
0.000450630620328241
0.00291423139564273
0.0467110489684757
0.0169895993155951
-0.0227740379654753
2.98234072726444e-05
0.0262841108216954
0.0151163434960928
-0.00982056174128854
-0.0127573951778626
0.000581523889979785
0.00626934898105969
-0.00614515860981157
0.00415909064104358
-0.006613113311432
0.000248692280582219
-0.0185352072320981
-0.00812977588536157
-0.00773718581234473
-0.00768879145800305
-0.020165802605856
-0.0115871397141518
-0.00762069861303871
-0.00625431439352209
0.00624217530535542
0.0183807437837942
0.0144899979367095
0.0165068234600181
0.00655314001088581
-0.000879038040926261
0.00119192972837467
0.00213244410598445
0.00395044586070448
-0.00225029997938719
-3.31843381582431e-05
0.0103166013621108
-0.00275299953590302
0.00157754276337041
0.00164204457314288
-0.00270357661826015
-0.0143939495228054
0.0047157524261614
0.0111617146822365
-0.0173613128479806
-0.0197980337643457
0.00430488935656825
0.000397368986448043
-0.0143124187390873
-0.0313870961978608
0.0193145277669373
0.0126772102159354
-0.0113515028874156
-0.0149655822700572
-0.00999641371482785
-0.00944278168641777
0.00505314711406424
-0.00730533277932111
0.0173381089432851
0.0161380875662047
0.00240955690022826
-0.0163019521214647
-2.70908250277202e-05
0.00516383734791592
-0.00356509781735159
0.00328242203704843
0.00381247028673481
-1.46728557055553e-05
-0.0111969516023303
-0.019252358204727
-0.00993546518071931
0.0118909953730499
-0.0121606223382322
-0.00405607506731265
-0.000691607672402839
0.0211479140510811
0.00369836640696164
0.00541471978033226
-0.00976840979008653
0.00292474068842363
-0.00147218401963922
-0.0115605012884687
-0.0157755118639464
-0.0128362294291149
-0.00554265115040042
-0.00487384929428014
0.00645897527601136
-0.0108246260609013
-0.00575868901836518
-0.00862221935647245
-0.00596084032958011
-0.00566298959179701
-0.00132675973482854
0.00970600179829262
0.00436683175062402
0.0163162251184703
0.0111877752722567
0.00121564506275895
-0.0078986643132879
-0.0125832667826904
0.00672879895343126
0.0137020083564723
-0.00658681391758087
-0.00885146898207623
0.00164725537489652
0.0110609160246078
0.00736993981950018
-0.00253377449757242
0.00979326663548985
0.0253007609702882
0.00931809010601459
0.014800697480851
0.0195641518849161
-0.0158499701501329
-0.00278436911804558
-0.00290169162408827
-0.00449326201156008
-0.00743179468767874
0.00711027037998146
-0.0141331199033266
0.00113416059982629
-0.0181542339796588
0.00234116134322448
-0.0132631990484899
0.00485710120382521
-0.00795683320391394
-0.0148777957380277
0.00698316922113129
-0.0173935729065713
0.0153375359256049
-0.000255228851407274
0.00365826778339162
-0.00187528432726403
-0.0150593979116218
0.0258492650870439
-0.00738806275370862
0.00367060774717309
-0.000639397180990819
0.0118389631072029
-0.00293788505663439
0.0122247048777506
0.0152288208961338
0.0018248960811702
0.0027438161728135
0.0127928570538662
-0.0196365195612831
-0.0132843588987432
-0.00227196123659379
0.00896228046477443
0.0160705835099755
0.00490448716966174
0.00857293043874741
-0.00148785079410629
0.0075862767026047
0.00484106525113681
0.0189112939342335
0.000249428499787818
-0.011986050213129
-0.0188927249502324
-0.00661747093178633
-0.00266463353020541
-0.0122537029684331
-0.0113779888081433
-0.00632815710396351
-0.00857956175390306
0.00725120602720519
0.00908693936674343
-0.0103145877781596
0.00159873425006207
-0.0129938966568526
-0.0104135786371149
0.0121007487843352
0.00308492516890979
0.0203158702479751
0.0170623416282272
-0.0115275854726473
-0.00173707683266233
0.00411825118664222
0.0150888005625118
0.0158120059799263
-0.0104958288270698
-0.0183516020655343
0.000157028536870385
-0.0167081117238146
0.0136443823224024
-0.00073985705398627
0.0089695532026477
0.0116474243272959
-0.00681041120386094
-0.00986582345321008
-0.0108604288181766
0.00125691322201682
-0.0132985588877261
-0.00954979978421733
-0.0161973474182853
-0.00166811154414059
0.0266307760908209
0.00524488114387811
0.00701380733117318
-0.0161863644301121
0.0252695656871262
-0.000114836768624116
0.0108550673467755
0.00933545074349773
0.00821720117228075
-0.0211648443048418
0.0269957389642999
-0.0067128085375785
-0.00682662093678932
-0.00332804925505847
-0.00504899135442738
-0.00214546890251999
-0.00931996428406645
-0.00277302211468111
-0.00162360592249655
0.00167560558533353
-0.000590179295546278
0.02257989480694
-0.00531885275076149
-0.00278877008216227
0.0114605740278559
0.00107054912871263
-0.00540697915402699
0.0101045374455531
-0.00548754492773895
-0.0142270999428513
-0.00432368143234996
-0.00904098513450791
0.0104499283575867
-0.00765656673044113
-0.0100311868790959
0.0125599374358014
-0.0186552011633845
-0.01168570835934
-0.0102405345859395
0.00516592239989677
0.00907103581179136
-0.00953284059082637
0.0224010699859321
-7.04186798667905e-05
0.00329343671078242
0.0180866692778769
-0.00146126526162416
-0.00733378925665473
-0.00855528856959697
0.000711421934010303
-0.0241331866879211
-0.00020954964674047
0.00822502927283075
-0.0053551768735538
-0.00551941646481868
-0.00907759894804983
-0.0014508340055901
0.00888133644534861
-0.0103499776605123
0.0157854923113581
-0.00389573069625726
-0.00599937493399061
-0.010821745291298
-0.00678364683722155
0.00430064923754081
0.0110431262036519
0.00835668282178048
-0.00834935935414194
0.0119544082273348
0.0338871489286428
0.00293528868101589
0.00226605685404202
0.0062418086740319
-0.0043780012674759
0.014319607665171
0.0058838006179478
0.0044915429544421
0.00368368579917622
0.00555952759551115
0.0248673466970883
0.00124451634619049
0.00686858172474114
-0.0177970322893684
-0.00548622474567306
-0.00424494158951205
-0.0162895512992174
0.00193538861870657
-0.0405069359588177
0.0134710037302597
0.00281482600129301
0.00749668292971251
-0.00624532494581675
0.00998110858695256
-0.00323147880132968
-0.00610735187706446
0.017587978889992
-0.00613760134180996
-0.00753820594696197
-0.00454121721840917
0.0150056485380672
0.00836229353712348
0.0140382591573651
-0.0188602519586327
0.00543726394643151
0.0164060487825708
-0.00274247002217454
0.00897205636100828
0.00665847795440389
0.000845127672688406
0.00372292004473795
-0.0166155757030095
0.00135031757401816
-0.00277347996849464
-0.0128059351962451
0.00446189933279406
0.00648056326788549
0.0128504531688609
-0.00924877031203142
0.0173039536711954
-0.00925932054457501
0.0150027547497897
0.00301827216892203
-0.010588601472131
0.0170448099708365
-0.00903873376725173
0.0080667933366696
0.00247780257990637
-0.00702618550173106
0.0175323462821542
0.0117374818304326
-0.00929258372168373
-0.0164440024492132
0.00078716121727318
-0.00133761889640116
-0.0159200768482313
-0.00784677137051304
0.0185731290759383
0.00385393162880465
-0.000969792719313745
-0.00686792628484678
0.0144095374421314
0.038591818267661
0.000619873154926509
0.0142987616517987
7.19769256907199e-06
-0.017646477296597
-0.00804572066390818
-0.0176431757332658
0.01623750962057
-0.00870556144683832
0.0053558350941918
0.000821783210111171
0.00248957371914393
-0.0132898028829675
-0.00152145930616143
0.0024098022145802
-0.000150026547834692
-0.00922135885083097
-0.023369273928699
0.00835097729978518
-0.00543410316546034
-2.01526847050104e-05
0.00887751753623967
-0.0244990562858476
0.000897366402374367
-0.00637611487256873
-0.0151671810083567
-0.00770000736628784
-0.0120882241756668
0.0031930459628402
0.0179915755902238
-0.0102707757228933
-0.00962035653172055
0.0185600555597771
-0.00808069709123416
0.00243861621826724
0.00142103308927233
-0.01518488093103
0.0391299111587458
0.00451476963533359
-0.00388941269235765
0.000344165315850908
0.00202527648039652
-0.015687756816761
-0.00606704020316862
-0.01615881638714
0.00211810339765695
0.00341471515747749
0.00438720697031503
0.00167359171078996
0.0105675956790243
0.0168486612046719
0.0156322776984688
0.00264994872164515
0.0105841991174023
-0.00769711458502709
-0.00746014226498204
0.00401765571588886
0.00892828791473654
-0.00795208201346398
0.00778798319501472
0.0118286830476348
0.0136700425935539
0.0196374419804686
-0.00357299542143963
-0.00308162313499682
-0.00695368078425229
-0.00242701166875303
0.0101669273529339
-0.0114719900804028
0.01734197918665
-0.00174084938212893
0.0033690640141284
0.0155835910032582
0.0173885573378518
-0.0111773328609335
0.0208705885356384
0.00407499174046677
-0.0181842394934009
-0.00868678851985916
-0.00554075497852136
0.00312086617067742
-0.00197112820432732
2.56929969655317e-05
0.0204599479715659
0.00127053609993855
0.0100327733075769
0.00438111840952704
0.00802322272125089
0.00171294577639181
-0.00512612983864713
-0.0105446104124987
0.0168724443131101
0.0186028697372258
-0.00956177377005929
-0.000758254925379731
0.022005656269342
0.0152100548372962
0.00974063807810932
0.0191019914060648
-0.000585308628402004
0.00348271718065085
-0.00124578196633784
0.00466073754499696
-0.0114903387644185
-0.0159610404294206
0.00640405334241301
-0.00331901323992412
0.0323467565645412
-0.00865712251216699
-0.0027722221737978
-0.00178325498099596
-0.00192375527548894
-0.00292855674737957
-0.00577943615345156
-0.00242596708994824
0.00103370847537931
0.0280245292541821
-0.00504936919940668
-0.00705700836994172
0.00754754313124728
0.0033365232280822
-0.0094458938702866
-0.0129582336751284
0.00727352947929649
0.00692222824010091
-0.00289506064874701
-0.0142386928934553
-0.0088494232646088
0.0161414557415034
-0.00252964901806507
-0.016620175095885
-0.0057446952759026
-0.016796119284364
0.0274905984993854
-0.0092245100813102
0.0107734012126084
-0.0111240041970904
-0.0361950314107906
0.00436265336788466
0.0114703400137151
0.0148852211602115
-0.017758181015683
0.00307787212058663
0.00715226819332848
0.0320355136206292
-0.00956727195836393
-0.00218296602611368
-0.00318280616581479
0.00967241562127175
-0.00313130576408316
-0.00759207555672958
-0.017796766857316
-0.0166691998250332
-0.00704929152661116
0.00155312133486962
0.00609005752431813
-0.0216250180534043
-0.0222141674949601
-0.0177037006848586
0.0200746761235511
0.0178574867784436
-0.0101204980212763
0.0163709986439846
-0.0270167504306134
-0.00493227307713706
-0.0129723921855849
-0.0017713607010954
-0.00554613572442175
0.0121881031408231
-0.0110310705388059
-0.00985187419426659
-0.00102735674940124
-0.00096149617521224
3.60129820844435e-05
-0.0110577551777871
-0.00958568182139352
0.0070197872515072
-0.0171048856799185
0.0121658078740152
0.0114902200962863
-0.0171255435743758
-0.0224085266085083
-0.0166630343279008
-0.00163872391458852
0.0118357239474713
-0.0207263496811709
0.0196093738383656
0.00774546728635972
0.00694115753656277
0.0136739910429462
0.00358386886159945
-0.0186089023535523
-0.00323674271880936
0.00264998940257488
0.00277763515815721
0.00670037755333119
0.00238836436724377
0.0127123883431208
0.00437688287433513
0.00572188864165657
0.00323419477231113
-0.00969863652575853
0.00998815347256343
-0.0180890757220489
-0.0112839974534262
0.00137434005721815
0.00372449052016322
0.0082281614066444
-0.0021738348685103
0.00275028217584961
0.00529450694938483
0.0043748426399457
-0.00548231897800644
0.0303086975399509
0.0243392199767118
-0.00680199312777052
0.0188991653078912
-0.00158771439623173
0.0177836336075456
-0.00077972965703843
-0.019009595349794
0.0106262482688599
0.00671233670737603
0.0195871507136758
0.0275038088410362
0.0110561779155134
0.0257361623897285
-0.00532849423078119
0.00344105086625657
-0.00775164931927907
-0.0234744975567613
-0.00249137325779625
-0.0173817035381267
-0.0193309231107524
0.00793645638225637
0.00783898800931926
-0.00558566625251089
0.0159183573009809
-0.00823273725892371
-0.0075848468447095
-0.0164981387681564
0.0117137856205245
-0.00767216269793369
-0.0141991477289043
-0.00285778578886209
0.0110922656433692
0.0131426705789686
0.0024438640723492
-0.00748380234682156
-0.0029040833155598
0.013412712058682
0.0043289777801192
0.00542221185450309
-0.0033394908805251
0.0167932356483043
0.019773551336983
-0.00739839196313241
-0.0109139411045369
-0.00335594372832393
0.0178790494704471
-0.00244374101852785
-0.00427663953320767
0.0159538106256809
-1.15854183357911e-05
-0.00308915199888027
0.00579445056394157
0.00265774411669017
-0.00648490563164028
0.00216908068323818
0.00429343974334451
-0.00218019869599662
0.010361734291668
-0.00360717182797288
-0.00013886500724869
-0.0140929403624446
-0.010247318223187
-0.000577081201504903
0.0235235117346884
0.00510221658250387
-0.0116326576606749
-0.00512778264487146
-0.0048812834402554
-0.02703339013265
-0.00219757891917549
0.0217550663538297
0.00868958482731497
-0.00305059061881607
-0.00796532434283481
0.0131244390089087
0.00497229871384164
-0.0110318040860342
-0.00579406606710187
0.00248424212022869
-0.0125290574067609
0.0116741633700324
0.0118413964769832
-0.000194954425044358
-0.00403271498531144
-0.00607176907539664
-0.00423155127760388
0.00337605142138386
0.00373839708363821
-0.00861808383548279
0.00393842158662938
0.0140592604887955
0.0122013174331066
0.00447828151700502
-0.0182636887595562
0.000242155063188143
0.00722804345793282
-0.0328126392022474
0.00667207609885523
0.0234142906818597
-0.0120012992582508
0.0128961123609166
0.0124913011065173
0.0268605145770024
-0.00050951267451449
0.00496943862030985
0.0253007700055239
0.0106294500089827
8.26891868062063e-05
0.0218608549086134
-0.00186944623769136
-0.0097666568016983
0.0021325593567294
-0.0084508656081832
-0.00622642492954562
0.0148014538206258
-0.0133730565925063
-0.011672031534947
-0.00878861864323177
-0.000350089924642916
0.0179042411127206
-0.0173198570052104
0.0173844563402454
-0.0153696805983143
0.00556772428691144
-0.000221998697863768
0.0202940914177736
0.00940422415460329
0.00752293480814537
0.00811374680789978
-0.0154300293355281
0.0113651608471921
0.0111684020262226
0.0143749319556346
0.00680078171940046
-0.0094357521173789
-0.00137447124139634
-0.00420312419576874
0.029289724972215
-0.00465389145258577
-0.0153254973455033
-0.0114431224214036
0.00185377652713026
0.0288658202969412
-0.00136388525099029
-0.0131203225302814
0.0117932366990274
-0.00327838015784998
-0.0118250744696287
-0.00363090875136329
-0.00311779424305847
0.00460514357928155
-0.0106683525932931
-0.00837125995047572
-0.020752214871707
-0.000573094519097594
0.0107902321173157
0.00264178227227063
0.00375299542284324
0.00875944927873906
0.00925678507779182
-0.0250695453545893
-0.0137079394775714
0.0105108105536047
0.00916562313504876
0.0263327166233998
-0.000470822013065586
0.0228133856250743
-0.0245260657641175
0.00407173395073279
-0.0231552572088534
-0.0159143993990885
0.0139818263431071
0.000138163406226965
-0.0163525066320673
-0.00824599763436584
0.00251357027008847
0.0029319217035928
-0.000389132423324945
-0.00764512657458027
0.0197406761648358
-0.021442630013575
0.0042237629357329
0.00430484945437293
-0.00561883055529311
0.0195980100842537
0.00359499127121676
-0.000430563885764457
0.00778511695009421
-0.00135718632561055
-0.000937301490556486
0.00324691240521169
-0.0103146926521465
0.00860287398990867
-0.00315453398385923
-0.000308316581283385
-0.00415365527588651
-1.39650189749929e-05
-0.00314874124242159
-0.000175870175800341
-0.023758892140755
-0.00985892804663457
-0.0314495012279021
0.0194586421544098
-0.000244855473726879
0.0155687950062688
0.0258553263566617
-0.00798513465217621
-0.000174008233797096
0.0186124995454495
-0.00178352352717948
-0.0047289172407794
-0.00413140376270427
0.013899338437227
0.000946521000599887
-0.0158199081072219
0.00651702531147258
0.00936183300496385
0.027234187402204
-0.0203875835389935
0.0101264907507135
0.0224885161326327
0.0037555323350329
0.00536875726388608
-0.0110743963358813
-0.00790228413936855
-0.0154279007447782
-0.00451938711432298
0.0279008134016427
0.0116829905862366
0.00133573880500304
-0.00166971099232072
-0.0126267141028809
0.0113491415005864
-0.00671768186799948
-0.0210650090562368
-0.00207820108435541
0.0183529613056539
-0.0132891820767007
0.0054287989794739
0.00228502506608841
-0.0211473673717553
-0.00203058649396937
-0.0100064689678661
-0.0053523722555342
0.0149093478246609
-0.025056474480829
0.00286478656600408
-0.00771088165823919
0.0144493109058885
0.0135055076010762
0.00782776460257573
0.00175955224924262
-0.00232802837923884
-0.0120387708456846
0.00827230189411932
0.018002118329866
0.0247550963894074
-0.0159600835711871
0.00449716367500486
-0.015014163922217
0.00122918424462704
-0.0230750162699866
-0.00243564335089275
-0.0167667778236664
-0.0142649229784562
0.0023659354247183
0.00289430562234472
0.0109544996927662
0.0222475805055744
-0.000709754155875153
0.0187102418449197
-0.0116017169523239
0.00279936409900028
-0.00731183721301765
-0.00672466367367086
-0.0212718819244193
0.0108768780649253
-0.0164898441406134
0.00361350914635938
0.0133803697081136
-0.00271683778270315
0.00842344121837613
0.0288086425213585
0.00810406320727797
-0.0110100651303995
-0.0120649960195287
-0.00907375819704548
0.00919849683197071
0.00904891467184488
-0.00131664985991975
-0.00748417302620652
-0.00279601886935144
-0.00468345355154298
0.00433418768933969
-0.00312739532426853
0.00608111993594207
-0.0124824169998385
0.0100864215289835
0.0120032385529196
-0.00169350588166761
-0.00557644874123753
0.00788894736013734
0.0588247649360119
0.0196003937438283
0.00235633237026356
-0.00111943759475253
-0.00875349544643722
-0.00625581721177504
-0.013450164921375
-0.0157044058570071
-0.0105616764086056
0.00348471312157006
-0.00196743913753838
-0.00512388137413922
0.0111565658693804
0.00136746919185438
-0.00398217991827288
0.00543981705184127
-0.00364464169270917
0.00717376873898168
-0.00133223704317587
-0.00732084235904917
-0.0151034327915358
-0.0191450164145603
-0.0143454447487619
0.00391405420803981
-0.0132621571797884
0.0020340244996877
-0.00625828619390489
-0.0149765384014708
-0.00818483819004356
-0.00302269857104065
-0.000670636579801709
0.00428662920242484
-0.0131255995979203
0.00338477026359829
0.0178343079325529
0.0223845231358135
-0.0015779873785462
-0.00227313783060534
-0.0170604281601472
-0.00781054644867307
0.00112708272012352
-0.00910111762349164
-0.000176067624971132
0.00335065790146949
-0.0107877756713464
-0.0227871167394111
0.0027874521384561
-0.0146027109314959
0.00149870865168555
0.00655065857723258
-0.0153545789510821
-0.0149078745492801
0.00998771825219169
-0.00422191767935409
0.0194388542259878
-0.0100698661063108
0.00807103519423524
-0.00791058442046388
-0.00515641966576741
0.0133673900405737
-0.016189649773783
0.0157491180206373
0.00780110647364207
0.00254418668780421
0.00499981933656901
-0.0064347277236827
-0.0306807306847592
0.00472393415916361
-0.0099008599814745
0.00576382964361155
-0.00606266104217301
-0.0075511100670056
-0.00233509834281254
-0.0285546364563265
-0.00918274567533306
0.0255030876746716
-0.0100150327997923
-0.0187855538166017
0.00714068105717036
0.00122050877729052
0.0127120864260606
-0.0108275688004618
-0.00487389548337624
-0.00368839019329936
0.00470194556993686
-0.010518486865509
0.0124475197818157
0.0250774216586693
-0.00955506725188116
0.000893894527691508
-0.00744687750880768
-0.00377938082056417
-0.00287016283406061
-0.00702805663795214
0.00760820721761402
0.00307705015998305
-0.0040622722666912
-0.00132629463970613
-0.0118713611301509
0.0192187973541103
-0.00389318884702927
-0.00541625700850101
0.0120102222299865
0.0018967099835816
-0.000893055968647083
-0.00471399918181081
-0.00461032532576144
0.0050240187964139
0.00538625544305305
-0.00249022874432026
-0.00445788366999533
0.00435408571182894
-0.000150951742657668
0.0141444113113671
0.00580597089846702
-0.0146346731586799
-0.00104498677846454
-0.00622000362056063
0.00896802709678557
0.00255782489538259
-0.0129584779877732
0.00810293674894602
0.019102694587203
0.0210922561487017
0.00361161651110287
0.0014508598691183
-0.00641229167427149
-0.00362123628821998
0.023749386850759
-0.00943788563547177
-0.00316999162328724
0.000566556330898749
0.0164425628326494
-0.00168293587230739
0.00862262986149176
0.00824812340848524
0.000890867394484296
0.0191560237671151
-0.00533550441534647
0.000498821485570566
0.00999004376143375
-0.0364417112152955
-0.0144794712394081
0.0123760224693026
-0.000789892807054215
0.000207142768438473
0.0113613645170396
-0.000971557557434721
-0.0332541620323417
-0.00293284305737984
-0.00354948612831052
-0.00758261541028205
0.00781915708742176
0.00512221783599109
0.0111995259849653
0.00473534018937638
0.0039729905723247
-0.00603767322582272
0.0122279798069336
0.0107127014408874
-0.0247521702448763
-0.0125349281535936
-0.0365366621269532
0.00196011273259522
-0.00450185927327595
-0.018814550386602
-0.0133045179199405
-0.0179639684056401
-0.0137758329757247
0.00184104074784486
-0.00530615707240756
-0.00441031827452942
-0.0152365072174181
-0.00635688429843828
0.00461050224045323
-0.0148648401867488
-0.00825701491859299
-0.0193712377900432
-0.00587246349805248
0.0215192103157076
0.0136423330927435
0.011970428808783
-0.00310117497953577
-0.00860485755134377
-0.00273177457032858
0.0142025643832397
0.0153707121170763
-0.000127814380660674
-0.00922664781088667
-0.014980856786857
-0.00690410872313496
-0.0012291205512911
0.0199268319399772
-0.0140628207509739
-0.0256910959778693
0.016014130258216
-0.00489230716103872
-0.021330003245426
0.0298492676872621
0.000535555725312165
0.00841968182448483
-0.0205104234697133
0.014093143000407
0.0368083551887066
0.0211970860347801
-0.0154348728817162
0.0119181613378068
0.0358465629452898
-0.00865010739435501
0.0253777476528301
-0.00422142936237524
0.00267253465567396
0.0125540018837755
-0.0138291839963331
0.00685751552836056
0.00819317777174167
-0.00949575689848636
-0.001148675836248
-0.00645438834986845
-0.00954609217738156
0.0103161016846993
-0.0275507408361992
-0.00742006584479693
-0.00952316038813272
0.0210674924677736
-0.000894616796917269
-0.0210227446305851
0.000936028848313342
0.0123754990181357
0.00126391238412271
0.0111709615732147
-0.00834898555055474
-0.00993181130453102
-0.0113073937087114
-0.0094417837037275
-0.0124472005344574
-0.000533021218112495
-0.0155086842223495
-0.0202658339061355
-0.0154661260138509
0.00918973931527578
-0.00178688751252487
0.0023433753198896
0.0170944817571268
-0.00575256466827234
0.00369462840889678
-0.0122487861041272
-0.0100160021955729
-0.00252095997487434
0.0236039985266832
0.0150095458948192
-0.00266026348248793
-0.00781137050131786
0.00222499128196141
-0.00656662925466112
0.00435644487073628
0.0099254931611954
-0.00131417702315861
0.0158148298187841
-0.00368121161638157
0.00417382219834028
0.0146633459820595
0.00133906636055681
-0.00928679760189599
-0.013865591861598
-0.010830519005582
-0.00861532754812888
0.0041148588885358
0.0147942850139167
-0.00041336706634798
0.00635800025873756
-0.0184461426077656
0.0133833616014369
-0.00593476110720292
-0.0187117280600271
-0.0146446701919904
-0.00874931771136822
0.011221211839139
-0.00428950924062743
-0.00427470673673547
0.00289761209557771
-0.0313004853731131
0.0124378732155952
0.0141390834696402
-0.00273313586141821
-0.0227769206904149
-0.0103267285728519
0.0167891384617214
-0.00943948754476764
-0.0132893415154491
-0.00202631008596477
0.0178895817567604
-0.00955775805672587
-0.0134579348609813
0.00212852902920169
-0.00782598045382876
-0.00100397346158143
0.010522425965779
-0.000189041665334067
-0.00704896358635487
0.00241736869887976
0.00295755704782064
-0.030418537078357
-0.00969411618378135
-0.000616375375181555
0.00517698064101335
0.00649445812857685
-0.00596755291855544
-0.00589221076549773
0.00840443272694191
-0.0070770926435797
-0.00890295292980436
-0.00943201870777699
0.00608704111469027
-0.00856710752846279
0.00619092890261275
0.0104898922032044
0.000148857681944392
0.0149906867391243
0.00166355872591417
0.010270537203251
0.00872828897275379
-0.00757949461090934
-0.0163894900407966
0.0115656747507282
-0.0118570089503773
-0.00036110405377876
-0.0059281919853964
0.0040024603036235
-0.0116427461919004
-0.00806930498747427
0.00615284574459807
-0.0134710652225056
0.00461851008712788
0.00452749385103335
0.0266364514889972
-0.00561971325896238
0.00217396148841154
0.00849861005804353
-0.00139634993998339
0.00721762113227875
-0.00124871514284308
0.00937405442818573
-0.0171197982222546
0.00511648420378386
-0.0210654916513464
-0.00171899094522399
-0.0128058824439847
-0.0031460580645799
0.000486320890040304
0.0079250024775579
-0.00181923312698018
0.0170112174440602
0.0168205236591339
-0.00722808758303994
-0.0153154246917113
0.0113729367610231
0.00892928210423882
-0.000211280653085844
-0.017418772923941
-0.00585056972794007
0.0177064871458299
-0.011630521166774
-0.00120331781834526
0.0024198689074364
0.0038498139985581
-0.0105799079053455
-0.00726332091137927
0.00391154742455857
0.00206641638185623
0.00415952821362708
0.0260105126562387
0.0161694893593856
-0.00982456883091576
0.000742454311049023
-0.0112366699570021
0.00138744162784121
0.00770482390328731
0.00787160300369294
0.00889067954273415
0.0142441277225416
0.00385356623174626
0.00672598838065319
-0.0082002801316774
-0.0191246631063633
0.00143855939231496
-0.0116151407465805
-0.0156713596131128
0.0220415497158672
0.0167498145118472
-0.0103319986468318
-0.0198572082100208
-0.012842135394262
-0.0150612165505057
0.0024317785042367
-0.00176263760682005
0.00584215963849921
-0.00478801504640103
-0.0173625865979865
0.00322988155846016
0.0021624742564601
-0.0237702575511873
0.0050548201452596
-0.0224681196827348
-0.0167272024466767
0.00135580176394612
0.00867080910890117
0.00685888543507218
0.00136805120879391
-0.0107199082366929
0.00985361253641859
-0.00145035865511289
0.00959290656714806
0.0162735960860196
-0.0158909567346575
-0.0153283248689791
0.0197691309859884
-0.0190665637858123
0.0179659541839108
0.0173402313588262
-0.00774894189017683
-0.0191813248507211
0.0184536214794573
-0.00476691976788235
0.0169630934187825
-0.0103831832896537
-0.00443140861014868
-0.008264138189924
0.016199472337747
0.0171665271241794
0.0196810872222821
-0.00172000285823426
0.0154766322783422
-0.0136731450260754
-0.0145843680326587
0.00329083070105529
-0.015838646561825
-0.0010203707966765
0.0165939981055079
-0.0100139402326365
0.00412521922761933
0.0154550939905622
-0.0101666416865847
-0.00624567071821769
0.0153432786214038
0.00073345992147722
0.0107839562645928
-0.0138245136353925
-0.0151931399259988
0.0140691580053733
0.0386521895665917
0.0256736480537434
-0.00153455375227285
-0.0262550838234361
0.0298553024296115
0.00468948673602654
-0.00694712157638389
0.00694854054578542
-0.022221475019685
0.0072905420071443
-0.00409997414047858
-0.00317071944845626
0.0171843845914053
-0.018250901669326
0.0057193575144634
0.026074291561021
-0.0209047059190777
0.0127913238534809
-0.00878113316443585
-0.00565891157303255
0.00314927084738414
0.00480532588971272
-0.00391124643065766
0.00574525000234605
-0.00309324138149769
0.0114467999757659
0.00559568937271404
-0.0221570239499567
0.0128158484935597
0.00385721909175807
-0.0288695403757107
0.00129222631053505
-0.00653252142503202
-0.0133163575722763
0.00361568342946494
-0.0140655662019791
-0.00119067554941132
-0.0128857052777978
-0.00600257966582163
0.0113578488101913
-0.029242591660652
0.00135639240362995
0.0172794625774815
-0.0107134889903273
-0.00244757408192786
-0.017591890080169
0.00886974003462271
-0.0118516522811625
-0.00553157228276113
-0.00604636986459361
0.0174148710902973
0.00417688910914027
0.0117252408805948
-0.00438316577830911
0.00746888939319046
-0.0257173978885001
0.0120878582199566
0.00660796575276201
0.0183934839528757
0.00818033198264967
0.0067495217361131
-0.0121698872244993
0.00335912274930639
0.00537276972495526
-0.0132633436176599
0.00251034020005747
0.0297865298333386
0.000176135975858749
-0.027524744334678
-0.0120316155656859
0.0229508342940745
-0.0060631733194807
-0.00775230774976698
0.00441257404184014
0.00836536561417223
-0.00348497888884758
0.0111433908956782
-0.0108663008908678
0.00878428550249932
-0.00782734639570659
-0.000124013143010693
-0.0244525635073662
-0.0157208884598283
-0.0072960440431693
0.00318961438940324
0.00558179204883036
-0.00216337538059541
-0.0126552165788478
0.00435868536020845
0.00284515287653697
0.0058146786355886
-0.0114751479504367
-0.0122608361142964
0.00586007016829981
0.0205325475768099
-0.0094045039445243
-0.000502686396422369
0.00424856120675798
0.000436265829796056
0.00992789320599829
0.0010788583220549
0.00510946128963319
-0.0146838328211523
0.000474418034931645
0.000308316992216007
0.0030583672955089
-0.00385300479806094
-0.00610618700596
-0.0145972727129946
0.00934947969003552
-0.00513937690159239
0.0107762879053501
0.0181589803118118
0.00748120594580826
0.0281796025760324
0.0109779476719281
-0.0166484207149695
-0.011531949657134
-0.00467574492146472
0.0120942684894647
0.00412013319308535
-0.0110211060150238
-0.00680371351551567
-0.0240822372193463
0.00250349704826913
0.0124785375250287
-0.00481297198333674
0.00970664401465626
0.0103946257224932
-0.00461668710207963
0.00521725559562114
-0.00259465592474317
0.0180567915541907
0.00369394725963268
-0.00627145158813303
-0.00225190840910372
0.0155482959847202
-0.0102575584041356
-0.000675089545190133
0.00782819235446919
0.00782168544114903
0.00507368773545203
-0.0151268085148031
0.00218157752777604
-0.0124950496840093
-0.00954627012664755
0.0110583101418333
0.00274504391177821
0.0165516579776046
-0.00821487272391597
-0.00164075561314636
0.0170349399088616
-0.015202013690268
-0.00457822463619539
0.00563509829693221
0.0111964669447424
0.0145207017506985
-0.00286175858151694
0.0145230622827377
-0.00332166045112459
0.00552261182125946
0.00623170333945122
-0.00426223798750947
-0.00358954409047918
0.00630573402860612
-0.00741589867567249
-0.00908031950505439
-0.012682769093157
0.00244786656910811
0.0178026091677941
0.0120151234776475
0.0328593105258141
-0.0126351252034107
-0.00316349885115219
-0.0231311172143416
-0.00678264069996803
0.0244130603355224
-0.00475688549864639
0.0129811220726204
-0.0213333000054403
0.00864708416304882
-0.0113514998650679
-0.0185226474708715
0.0139441565212843
0.001920258720574
-0.00786850678616346
0.00275774425307151
-0.0213507836667395
-0.00444941886086347
-0.00102792711965805
0.00216246894425343
0.0131650375615262
-0.0155483811857673
-0.00725895603859783
0.0288640134497236
0.0109911242930263
-0.0186072643773221
0.00443219196639699
1.43706145943057e-05
-0.00952816400813106
-0.00169413972467236
-0.00827283524295552
-0.0178593866989667
0.0091347076817172
-0.0141994212964853
-0.00857040940543463
0.0128457354848486
0.00185749674817437
0.00288602788947223
0.00701924206881444
-0.00395592699087199
0.00449171122480596
0.00275131440357512
0.0152840997209251
-0.010954196886666
0.00982716259548599
0.000349524624674302
-0.015904508347055
0.0123349521360954
0.0156622130774959
-0.00821545685617853
-0.00276377030606323
0.000688815271394638
0.00579098829815017
-0.00635821856048846
0.00675267100693056
-0.0191991725249734
-0.0176812070520631
0.00663421144932652
-0.00226275697468381
-0.0025288792664977
-0.0140846112145319
0.00700341413734407
0.00550603862567822
0.00996029998903936
-8.38511151002308e-06
0.030028864570868
0.00493720995438363
0.010509238661637
-0.0129807137203448
-0.000962685016136611
0.00392735688153323
-0.00865652589662691
0.00564987908086412
-0.0114703905481628
-0.00220859726432288
-0.00341287324639961
-0.021224003900107
-0.0150447213969986
0.00679406175929653
0.00591594544024954
0.0123418444710746
-0.0143897509241864
-0.0158479874042712
-0.00416022440249364
-0.0232520612828395
0.0130417719294558
0.00378476279705886
-0.00941932387391908
-0.00722629481954851
0.0425455597032292
-1.31380367411893e-05
0.00819262739982651
-0.0172728009863805
0.00633041089851449
-0.0168524013988822
-0.0161450227550164
-0.0114298747536283
0.001425730435896
-0.01929777452417
0.0248717295878036
0.0138238754660698
-0.00486341103698429
-0.00696375728603815
-0.0039624986427631
0.00863945518470199
0.00637009611563322
-0.0146260251608501
-0.00631931825657173
0.0228086807182546
0.0121015433498259
-0.0153498619158547
-0.00566993931591675
-0.0111432067727595
-0.0122783190364837
0.0182419181790383
-0.0100506369531264
0.016982669529539
0.0038923568375866
0.00738424541862148
-0.00443514167829484
0.0139540587593174
0.00517381207050516
-0.00554945235507276
0.010317262162908
-0.00446219694802785
0.0121270015193993
0.00931698266506409
-0.00456869580619568
0.00440531661498245
-0.0198713901666965
-0.00718241192196523
-0.0135609188125825
-0.00139784148844857
0.0129391776721954
-0.00166128263834509
0.000986142876197249
0.00800631811259223
-0.0229216994030166
-0.00607297884712565
0.005533342075565
0.00563069035279185
-0.0107688179660155
0.00317429378503498
0.00830868000692941
-0.00478751331149052
0.0124677140165987
0.00782390964479873
0.0113172340972172
0.0108082133787635
0.00302031018113702
0.00288772184598507
0.0211052354544385
-0.000141192819087088
0.00992657527847207
0.0037054162546557
0.0037723182426701
-0.0062508653946125
-0.036970555725981
-0.0171602630784138
0.0160000206735376
-0.00858156393074072
0.010921235869314
-0.00486967209497191
0.00273354961929329
0.0128548909064419
0.010711358849699
-0.00681102022323188
-0.0101441051501485
0.00826551314808111
0.00239497598204785
0.00845269855756126
0.0050945719949631
-0.00865090319092943
0.00663498522185524
0.0158299611178538
-0.0142475666701358
-0.00399869678796261
-0.0129339541618441
-0.000151083914651018
-0.00385034028490416
-0.00368846800598099
-0.00318036907668606
-0.0107694657686155
0.00646117596414619
0.0301076715442434
0.00423169595576312
0.0058738634203257
-0.00822942606933363
-0.00164947694015538
0.00159641187772408
-0.0218058646652723
-0.00254583076377113
-0.00107898209881263
-0.0163154844060642
-0.018893109468884
0.011342261373624
-0.0296630835518155
-0.0167064539332706
0.00335446269076733
-0.0191008540952815
-0.0199942804519591
-0.00629666825723252
0.00692248022718456
0.000964781847278218
0.00713733218119827
0.00305756423550907
-0.00502959296517069
0.000497703940362193
-0.0168246632471352
0.00478813024511382
0.020672842387305
0.00523724749605226
-0.00673612426159398
-0.0030980946592889
0.00072834128000121
0.0123225907905899
-0.00756539596146233
0.015124788885597
0.00529899701083636
0.00981104427977009
0.0241317547588631
-0.0145792572953418
-0.00685896326477398
-0.0154399430951493
-0.00652529865114904
-0.00827276333830351
-0.0219751189585899
-0.00752164739829198
0.00762874725077101
0.00589989417912751
0.00193687982520796
-0.0177226654201279
-0.00518621372712236
0.00199699814359811
-0.0193586382504014
-0.00892437320290185
-0.00171959759649098
-0.00144828158975319
0.00191902036630065
0.00836465714217827
0.00201960034971016
-0.000395011485668562
-0.000597399422066935
0.0207946279173132
-0.00117734550902782
0.019208358346992
0.00228453829164454
-0.00492993194003688
-0.00108671503172353
6.04193142974552e-05
0.00786462140610311
-0.0129974944655373
0.0141310561934738
-0.011996600399792
-0.0398970689446649
-0.000142033243383466
0.0197482152625659
0.0107895021924325
-0.0183728949804127
0.0141233245669996
0.00116089237513961
0.0066192541033514
-0.0118644950114311
-0.00098790305648766
-0.0126423341213542
-0.012301023438579
-0.0062886871655472
-0.0155795290298526
0.0221646612499731
0.00978542708092256
-0.00878538511797977
-0.0275295396365971
0.0162853452320286
0.00947712667045586
-0.00519000214922105
0.0063017325769481
-0.0108714011701414
-0.00832062176699822
-0.0111255020071974
-0.0233901998898149
0.00573127770700044
-0.00497198180326741
0.000424800049835028
-0.0109545484183329
-0.00752890948120832
-0.0125791584467088
0.00643394091794836
-0.00231188389415493
-0.00124158606392388
0.00644237499819145
0.00481795899660931
-0.000891706356124011
0.0079732314060168
0.0171278188034698
-0.0162955355434384
-0.01887314339975
0.00913828389631632
0.00421212314335762
-0.0240075104083965
-0.0391271982036381
-0.0108066542742957
-0.000326706668369425
-0.00995073600660046
0.00115737396986404
0.00428837089400247
0.00763953579635501
-0.0143224953705419
-0.00775839754496666
-0.0114841661966345
-0.00336120528930905
-0.00955237938435527
0.0149824960241656
-0.00119625937241974
-0.000188801619472656
-0.00438736407880924
0.0108302393865385
-0.00669916375219071
-0.0174273671367864
-0.00760237188230128
-0.00672996384755731
0.00946070120007825
-0.0174771998725438
-0.00814780277022464
0.00597271129748744
0.00365129357284122
-0.00834664586343692
0.035563232936874
-0.00585715502889084
-0.000394143557630677
-0.00586879157710207
-0.021489727661093
-0.0242144102939772
0.0085874456881152
0.0139122101746425
0.011352424579953
0.0192179406049409
-0.00582711113674073
-0.0138445680253749
0.0029375182319491
0.0171096601185354
0.0190626358196484
0.000339924598571351
0.00284942932022414
-0.00454982101465529
0.00329993935132045
0.0163467326078841
0.00353217539616946
-0.00676531083048548
-0.0057866203355843
-0.0023997659702788
-0.0127984407777966
-0.00433496390280208
-0.0114005829032422
0.00809463961101731
0.0131926092153156
0.00391749108963158
-0.00352731157174713
-0.0129098053081051
0.00390694332269081
-0.0274930753341174
0.00920547966114782
0.0169346301298381
0.0102574825477113
-0.00526657275969278
0.0112186223295074
-0.00591057852019539
0.027892763469632
-0.0238429202017398
-0.00150690925083197
-0.00932539573366054
-0.0116911364083867
0.00278054708725417
0.00197603075162522
-0.0132037931341111
0.0116664408147926
0.026331536654455
0.00130300889223012
0.00692528110080382
0.00902723112114057
-0.0120000392488757
-0.00529577524840974
0.00352843433443795
-0.0118354840181567
0.00679739683825886
0.0095435789243643
-0.0209586940493374
-0.00718101978198593
0.0136833650729002
-0.00806991044368122
-0.0011173233197761
0.00433162735888626
0.0129491389845491
-0.00308177245553409
0.00442580794422831
-0.00134101674845954
0.0103002039356097
-0.00627969183700827
-0.00932140349235233
0.0173151857712952
-0.00580727538928105
0.00180529387109729
0.00155851214203295
-0.00187553372764793
-0.00437815659453822
-0.00725911684092395
0.000187669719910133
0.0203290403934338
-0.00297180448186563
0.00702746480241689
0.0181211075462686
-0.00421215999647462
-0.0174697704062279
0.0100164324766583
-0.0125362687481703
0.00536792119108309
-0.000909431537444938
-0.00428413253066573
-0.0367304393437928
0.00467922849217306
0.00322927046348997
-0.000202632279860282
0.0070930740980355
-0.00121982584086844
-0.0154978632470764
0.0175802760243631
-0.00573019908076766
0.0102706350523443
0.0156980940152831
0.0202037958705281
0.0218360601894751
-0.00505299310940543
-0.00410137727428062
-0.0123388237987472
-0.0153148816470159
-0.011866855342566
-0.0233932539278054
0.0107362552782808
-0.020942843000789
0.00606498498075503
0.000325296448755452
0.0267871078330382
0.00457612692060927
0.0140472709296491
-0.0113854286690156
-0.00959105009334138
-0.00598953977233752
-0.00520308407053172
0.00263246149281393
-0.00513285309215572
0.0135646225667578
-0.0144300234961756
-0.00944901422251654
0.00160908682453442
0.018537269208851
0.0084595403588521
0.0040591771997347
-0.0142889223153126
0.0134130805015458
-0.00450593147832645
0.00582304054864125
0.033954632941855
-0.0104998391578164
0.0177192325603981
0.0136867949121262
-0.00230707833311694
0.00473872510271711
-0.0139566115232483
-0.0126272606523106
0.0106984060177027
0.0261948246005641
-0.00439755400286668
-0.0145109874521907
0.00534821317534284
-0.0256140264903433
0.00546829954071626
0.0253397908603903
0.0164756753951094
-0.0102266065781125
-0.00194925922120159
0.00908323068486361
0.0135216292506684
0.000180624967688559
-0.0158340758962092
0.00826872074020812
-0.000683279070880616
-0.00362202545847801
-0.0157194470596682
-0.0193850579007764
-0.0133059716444901
0.00260429056392297
-0.0204965254692802
0.0154039671332811
-0.0103743885372634
-0.0123961978858587
-0.00250406609754261
-0.00978959893511178
0.00670414122429808
-0.00331569302147816
0.0109032541702456
-0.0145265818445983
0.0135048708320262
-0.00997266813982911
0.0156255995533048
-0.00151072980762468
0.013038794296655
0.00152521120172988
0.0432616276278042
-0.00287667153018933
0.0255249497625742
0.00983655722005761
-0.00286500671587397
0.00487032731366721
0.00770916558027324
0.00857521248679749
0.0214504689065755
0.00676150133640974
-0.00204829369420434
0.00280590286252025
0.00327855838924673
0.00135149457806527
-0.000479506260596452
-0.0153539883132687
-0.0133928118873712
0.00789118490296392
-0.00830271813060968
0.0103450540842145
0.00758422656529767
-0.00135679010401102
-0.0189661172385067
-0.0116032947757772
0.0201323531418582
0.0195772633445159
-0.00783424138665545
0.00751266640033599
-0.0139603500348455
0.0191604262732872
-0.00907827827857144
0.00704868524101698
0.00734457477495898
-0.000931686267881204
0.0129838619017768
-0.00691575977604764
-0.00454369477839656
-0.0136067717109398
0.0171358175789829
-0.000688181797611875
-0.0118744918291771
0.0163163466640661
-0.00909152027364879
0.0048025935726308
-0.0151631369483356
0.00915753535867658
-0.00327080100928168
0.0148958247683844
0.00879348735560281
-0.00141487573942456
-0.0120212484532463
6.91045926624057e-05
0.00770224850522805
-0.00866121818824972
-0.00307020571630456
0.0264984916930757
-0.0186843756027111
0.0120171036500007
-0.0142318661607002
0.0158523400987995
-0.00771330157792072
-0.00492360050572849
-0.000581356668704736
-0.0140937568835202
-0.00127111627801657
-0.00149519423975342
0.00960886633254354
0.0109130002066484
-0.00575796535332618
0.0018397461193782
0.00161983441426727
0.0124604526525349
-0.00785216609091943
-0.00699700252076685
0.0269944292498048
-0.000418951722450878
0.00782718796782778
-0.0188734183408918
0.0190841333283904
-0.0170618556632709
0.000934630792612801
-0.00779683228225014
0.00233486452969967
-0.00606904316530965
0.0106654282695411
0.0157103515480461
-0.00635501909406688
-0.00460708266888243
0.0018397897410054
-0.017839019290693
-0.0100115371111285
0.00989949028389692
-0.00782027909903249
-0.00698220522665149
0.0257689345731436
-0.0119983765607667
-0.00120847570600269
0.00333368171768278
0.0150893244809192
-0.00348081388761123
-0.00903830393840366
0.00251884677575109
-0.00992479557216974
-0.0134219138166873
0.00552736625860195
-8.68488574612414e-05
0.0355219672068188
0.0136895533275085
-0.0168306204243347
-0.0146594780154627
0.00824620118409047
0.000263735391858866
0.00848438365864101
0.0145012721143729
-0.0021435921760169
0.00624639860412923
-0.0170187559430479
-0.0128299623159025
0.00265341573171352
0.02341901953847
0.0182729535300101
-0.0227676699869948
0.0140981461859075
0.00211561807204408
0.00753810420301626
0.00919586368035308
0.00642991325886388
0.00704837735047548
-0.00153370631196204
-0.0107921051616557
-0.00139594324389503
0.0081165578650495
-0.00285119609927253
-0.0187604138508579
-0.00120083042559571
-0.0137069020237925
-0.00750153988740454
-0.0148532113206032
0.013378073404434
0.0227965778401868
0.000456559688347014
-0.0166407011765131
-0.000918254825839071
-0.00640000394780671
-0.00010424747076776
-0.0163787408676201
-0.00103576409352346
-0.0137525793693367
-0.013973218658796
0.000920499665456376
-0.00223172166032004
-0.0157182292963114
-0.00318784969859731
-0.0090308672425401
-0.0138420253191276
0.000607766030895185
0.000328628969267442
0.00494380823629026
0.0147924399146548
0.00157982473193208
-0.00445327218172409
-0.0199437094317991
0.0257171890625649
-0.00247128648842043
-0.0131735584436123
0.00378119910880592
-0.00991906302939771
-0.0166722757459867
0.00720099363452231
-0.00573944363842926
-0.00113137545146991
-0.00287993376616402
-0.00859392510063994
-0.003100059641854
-0.00683709469145377
0.0357171533685392
0.00960638177528672
0.000352800105833495
0.0120070806886554
0.0101444134104955
-0.0078833165949268
-0.0220210880371541
-0.0101571224424237
0.00327360897605011
0.00817695834978327
-0.00941184486959923
0.00320137427303369
-0.00159141858656309
-0.024022163750522
0.00521896959576651
-0.00112221996643935
0.0037411247533905
-0.00303497925416796
-0.00471858534016878
0.00287533818040853
-0.00630030022061767
0.00117444852073234
0.013628044706433
0.00502070560531287
0.00190460586696428
-0.000530369107345052
0.014916599162011
-0.0180793550609453
0.0165276232802247
0.000829505608423098
-0.0129547722274657
-0.00514702589186289
-0.000469768264387938
-0.0206461958819109
-0.0232926962870534
-0.00866045239565416
-0.00157726295218019
0.0123950561966675
0.00751699868091382
-0.0273593335080484
0.00481949503265522
-0.0015861056755595
0.00435115437824507
-0.00364780124551434
0.00578485125830319
0.00536140717928646
-0.00564771028790112
0.00637787831656578
-0.00969361489731835
-0.00535459905982538
0.0055265884414224
-0.00592045894310989
0.0133773983516869
0.0102492382316397
-0.00511791564899156
-0.011894151293439
0.0163347183680838
0.0275572312118513
0.00418093825754084
0.00142674902964846
-0.00126561110802115
0.00418268649800346
0.0356280852326449
-0.0140310144110192
0.00709285591263331
0.000716288287143207
-0.023509824887574
-0.00220243218750582
-0.0103702205450036
-0.00772759338431239
-0.0221772866746344
-0.0115008301052573
0.00253744577348147
-0.0122404929615092
-0.00475083297185463
-0.00100282154754083
0.00911655608039119
0.0119449269291056
-0.00445065134343903
-0.0014189268360747
-0.0194963698755117
-0.0204025738431639
-0.00960083354673547
0.00783875640026466
0.0110125871545375
0.0209194215075019
-0.00647727058731196
-0.0131379756636933
-0.00841609178743408
-0.00438771433809571
0.0127879130561412
-0.00659111327909212
0.000924292459529852
0.00904828487207432
-0.00806890169486252
-0.0138419624205843
-0.0116661463307937
-0.00275495541536941
0.000646839989745018
-0.0124020992794396
-0.0108616198530598
-0.0135185637765076
0.000550587971295258
0.00208182863219708
0.0145302388119832
0.0182716798407165
-0.0194343016784497
0.003837339957796
0.0195143327457235
-0.00261952246519481
-0.00826953083829096
-0.0168078165022401
0.00405911343865473
-0.00569875857090363
0.00570013106105449
-0.0127142198601753
0.000513530431716092
0.00360185816395653
-0.00210739696948625
0.00528578145844882
0.00583115652752308
-0.0155823651745823
0.00773802059966577
0.0104745594865649
0.00493966062219897
0.00999478037681545
-0.0026985197241105
-0.0115807530275074
-0.00412799663694852
0.0234146030768763
-0.00614710132535468
0.01542574058975
-0.0157333908672292
0.00281556431694341
-0.026897727607996
-0.00807180753718573
0.00259171179891293
0.00903402052769664
-0.0106615628178428
-0.00158025789336769
-0.0108225665592263
-0.0125192211156815
0.0162784015901574
-0.00118000951209396
0.00799885780622667
-0.0163512139607827
-0.0124919220859665
0.016578232630919
0.0132439757557954
0.00505823467891009
-0.0125203009997126
-0.00666106330370742
-0.00498901576716015
0.00913901175245524
-0.00819522851703347
-0.0239562642941822
0.00389413958270346
0.00466112134302232
0.00688015843296341
-0.00708259188875182
-0.00587604220450544
-0.00348542981310196
-0.00395138146695562
0.0150694695779183
0.00830289798714023
0.000731331092052478
-0.000940172934638106
0.00313029376223994
0.00107646118977911
0.0116485107177366
0.0124933856357279
0.00725864182794922
-0.00878293702566868
0.00571754618275655
0.00582495706886554
0.0159043166099453
0.0102269982786041
-0.00100438419083648
-0.000106625914940928
0.00683254992076243
0.0303294636098954
-0.00317111867138919
-0.0218824583762709
-0.0106625310212003
-0.00727714710056571
-0.0136949656109131
-0.0191786380469692
-0.0241255694861389
-0.0023138890841583
-0.00255766816194125
-0.0148604892138335
0.0197696170223747
-0.00451788103515316
-0.00499947103424958
-0.00043874705052005
0.016877264716519
-0.00769043337145625
-0.00775841995434501
0.00417119327119675
0.0128288147769267
-0.0132852538296868
0.00613744686861928
0.0230778510600196
-0.0179850348533108
-0.00372518666702248
-0.0107087549556582
0.0138949105343054
-0.00537132378257077
-0.00812144229284772
0.0202933120805797
-0.00552539958943843
-0.0308787805874688
-0.0146052572050763
0.00315281255809552
0.00813687013246067
-0.0142069065163763
-0.0110086049856939
0.00153507658526486
0.00691026658764482
0.009074488318773
-0.0204856369420758
-0.00910259077588105
0.020872442382049
0.00426672871521028
0.00246425226781088
0.0101467220686349
0.0124978160646005
0.0170710327075199
0.00566820113763011
-0.00578469729131292
-0.0197236365605704
0.0150822822421564
-0.0118132505540895
-0.00363436792083238
-0.00852091081385353
0.00919318419884618
0.00852189369154654
0.0150143678562458
-0.0139818988673461
0.00943532225478805
0.00563331660357846
-7.81938737786092e-05
0.0258190680699322
-0.0187009128522062
0.00883740942608391
-0.00618183843542219
0.0194867860155963
0.0244950979306369
-0.00867281299320499
0.000891823799760161
0.00635302356056311
-0.01284870895089
-0.0316678761484965
0.0181119380276336
0.0158298506791814
0.00225233537904845
-0.026128337449415
0.00460337259253052
-0.00581967210530543
0.00833421370021359
-0.00405548846152648
-0.0239244714916769
-0.00516806939762038
-0.0183584434768456
-0.00894309887556677
-0.0041011626434484
-0.00307876338712276
0.0116816241733249
-0.0102850019173166
0.00289118107819952
-0.010384025736605
0.00670629487246366
-0.00105876219310641
0.0107085441199333
-0.00186183856309441
0.000185765838899954
-0.0109986696315838
0.000316512401422386
0.00673922761216961
0.00374013900565107
-0.0128881033378674
0.00316082722134503
0.00377360472069377
-0.00523613779477206
0.0175982471232308
-0.0104308514526421
-0.000383316495231156
0.00654694610801698
-0.00682918393451537
-0.0185111477238884
-0.00665218506345866
0.00172131148577304
-0.00128079143963777
0.0130362507060306
0.0135334453503937
-0.00167232074575363
0.0239999263220181
-0.0112943005680224
0.0288917425755137
-0.00344624393624038
0.00522969070179613
-0.0108199098957282
-0.00968127452666678
-0.0144811249573449
0.00857900964399239
-0.000432425226801314
0.00408792971156124
-0.00739267396090604
0.00465913079525837
0.0242100365413167
-0.00441917545603854
0.0134021008792997
-0.0111654606116911
-0.00252311980659492
-0.00724752069231105
0.00497402755468013
-0.00962685088166992
0.00743202560243983
-0.0073478120931485
-0.00992686939447474
-0.00863803779244954
-0.00425555905293962
-0.0267496277569288
-0.0274566674451169
-0.0127282671873203
0.02150598015543
-0.0158775388929921
-0.00162391283508434
-0.0162783196790519
0.0126311474964398
-0.00359442823671863
0.0121181072652439
-0.00849616943500298
-0.0126487846888619
-0.00359670601372564
0.0192618623586611
0.0127664899260314
-0.0139255391539663
-0.00457850038886587
-0.0031038368099221
-0.00682486333560917
0.000248600035878788
-0.025887031758228
-0.00348533228515979
0.0137803929777451
0.00922954483523242
-0.00361283719120031
0.0140905320862172
0.0100561007160502
0.030468362342277
0.00505809744196295
0.000707437905611563
0.0174387869428489
-0.00739864604830398
0.0411999696227987
0.00581124359987584
0.00723384422205609
0.0108804217364487
-0.0182807023401121
0.0143778515232675
0.00538168333871702
-0.0185665320998707
-0.00854526190083682
-0.0202070351595145
0.0102256179836608
-0.00301020177320588
0.000810051936658063
-0.00597503377786612
0.000799394112028118
0.00168467387322391
-0.00642694965565482
-0.00598890863365664
0.00279606320371872
0.000460771168340202
-0.0169444649408828
-0.0167374130104925
-0.00229804154169866
0.0234088980865721
0.00431325371297042
-0.00352869457188465
-0.0110663980883707
-0.0162390538891319
-0.00939299991619347
0.0074445459076653
-0.0116993142390083
0.00466944635247835
-0.0124751283160274
-0.0088435595170937
-0.0186940246496841
-0.0118791732184391
-0.0162461858309877
0.0116917113264972
-0.0217648540950233
0.00773286675905638
0.0140270344641191
-0.00104151101888661
0.0177132904669275
-0.0109137359865645
-0.000658517102929856
-0.0156527849691033
0.00584621189346723
-0.0383795207868696
-0.00772021779631338
-0.00165976024976366
-0.000287255516494334
0.00502958869034753
0.00681390110858171
0.0051059288458104
0.00760627120672908
-0.00217146031614934
0.00766527150988594
-0.00968701857744758
-0.0113932715167238
0.00200282285535192
0.00982702486906994
-0.00336854381112772
-0.0116249966330155
-0.000293155003228129
0.00107339475338364
0.0262579429026868
-0.0225145882352438
0.000334896154477349
-0.0214058491298834
0.00386173433350123
-0.00305620920278216
-0.00379637165507951
-0.00625614206301783
-0.0059937221876023
-0.00949422576377046
0.0020500761954958
-0.00254740640230455
-0.00788050093956638
0.00564013549476616
-0.0030513115663684
0.000484213021865187
-0.0175025085434246
-0.0160937663199743
0.00130320178552878
-0.0132864241431143
0.00355610251979943
-0.00450278947113336
0.010312078338524
-0.00897809875479894
0.00720980033157126
-0.0046217156040127
-0.00634554576302815
-0.0162518510385761
-0.00739616014743838
-0.0117822293229128
-0.0133261899572243
0.0148736497050974
0.000313885974305705
0.0178814862134118
0.00843624298074008
0.0277830479760377
0.0103308166280964
0.00831198541293077
-0.00629647435673863
0.0272028345349797
-0.00776860292377712
0.0267107136860334
0.00541110154628122
0.00932008536616813
-0.0156777204444403
-0.00405485375343151
-0.00330660464976873
-0.00963560257200413
0.0154237345796258
-0.0209763454002641
0.0240679436590767
-0.00130036340372541
0.00654217712572969
-0.00400106797576871
0.0131828521026041
-0.00424526958426963
0.00378066431911694
0.008535199213207
-0.0027461606216912
0.00572846003181926
0.00818272350587357
-0.000742343880363094
0.00532742216814697
-0.00104844517806413
-0.00543771716677277
0.00048344016979307
-0.00493628964509618
-0.0120536328475254
-0.00136855381719947
0.00136237226662317
-0.00289174019317961
-0.0105594779929472
0.00312689059020244
-0.00806380453178157
0.0198747966492752
-0.0134653047233488
-0.00220436952898329
-0.00697834095021399
0.00510210777734699
-0.000501218025412697
-0.025515877018047
0.00961587583906098
-0.00707271122124009
-0.00592801743910343
0.00162221313744038
0.00294118917134067
-0.0109040268235745
0.0238059983711425
0.000138510380249812
0.00142211675277615
-0.00567928931182582
-0.00112553376807245
-0.000106241814933128
0.0165645914398604
-0.0206702550553075
0.0141792607253111
-0.0129442705915368
-0.00412462980157713
-0.0300022899330488
0.023559644682039
-0.00702698345390917
-0.0121691809570343
-0.0022883487870633
-0.00223894790880763
0.000865849088009796
0.00768732968957764
0.0085824752290371
-0.0176896754201765
0.0117957523050833
0.00281428099639403
0.0101724632417763
0.0014727099620977
0.0104210819903603
-0.0078469317356511
-0.00368135008263781
-0.0249299426904699
0.00940198840875972
0.00926378278492912
0.0072487180416223
0.0180679164322202
0.0160227648791764
-0.00416285833544716
0.00903988418505541
-0.0041600931092507
-0.00860707488565815
-0.0156607688377539
-0.0118005961763155
-0.000550929503567943
-0.00408516957732807
0.0110973638597924
-0.0144899492395485
0.00253932825468883
0.0159597460753407
-0.00156061757258108
0.0222619872533807
-0.0131071033711505
0.00645314419782483
-0.00966598869188484
-0.00989139187086963
-0.000866337030165809
0.00604424424263428
-0.00461837738810544
-0.0201308625360115
0.0100436690330712
-0.00412804552783985
0.000558714114744951
-0.000280897073095865
0.0146315907082606
0.0241021005125432
0.000974205523577965
0.0126482975811228
0.014059521207666
0.0105394841287154
-0.0133326292907032
0.00126160319926072
-0.00407419771969764
0.0142943572746956
0.0135145053820338
-0.0117713394037375
0.00333195685399712
-0.00374590674174513
-5.44328166167674e-05
0.0186511643197402
-0.000535849818797729
-0.0175929187712489
-0.00589171986718906
-0.0161990676694002
-0.000195838188523645
-0.000646472528062603
-0.00256493802601998
-0.0111823689617827
0.00177077960629823
0.00971474746847623
-0.025303510914779
