-0.00772261034035626
-0.00986818450525817
-0.00104551618129722
-0.0270702710881201
-0.015949628429861
-0.0147223686068036
0.00795914380118123
-0.0131542362503092
0.00585880233928382
-0.00413758956447019
0.00196962683521562
-0.00817285121029787
0.00496844000474628
-0.00143034140921916
-0.0161180144274429
-0.0163414326368185
0.00677573419504984
-0.00960419547061608
-0.0126031147325403
0.0173421730550114
0.0237083081043181
-0.00602458504439518
-0.0103428163832442
-0.00983271546640463
0.00689131792480691
-0.00331655599159753
-0.0142237436958146
-0.00102793888818731
-0.0031456484356287
-0.0411003045340701
0.00146939750585418
-0.0066488377883358
0.00201248925847608
-0.0282613196377861
-0.00829878465364775
0.00303824057516255
0.00801268346197848
0.0072652139651721
-0.000359204773586974
-0.017266521071706
-0.00244608033406468
0.00165505652099807
0.0134347317288661
-0.00809243147890282
-9.42203347111814e-05
-0.00151063428436959
0.00135605445221998
0.00156133553128424
-0.0162485154310898
-0.0117346808791972
-0.00592796454755451
-0.00750890775114943
0.0287847137724899
-0.013650672217393
0.0257854856100268
0.0315684591212531
-0.0380047235999994
-0.000512765390695336
-0.00388709645815588
0.0177011492026633
-0.00701139446682753
0.00408300657878247
0.00409883993046378
-0.00184915359934301
0.00246398824388905
0.00264936345158695
-0.00293785080052
-0.0249823795030055
0.00116596348111653
0.0381464093769228
-0.00810344214823555
0.00627162747051102
-0.0156132963359008
0.00504463715829129
0.00111032810664558
-0.00287484937686777
-0.0123209660962331
0.00506252375795935
0.00830776830690105
-0.0174425701253353
0.0110047120021006
-0.00234362903033869
-0.0188329627259751
0.00738643938647332
0.0109018293878469
0.00459285628051553
-0.00210682326319134
-0.00334982846169574
0.00688953140065429
-0.00164734480931639
-0.0136857082692048
-0.00369474631020061
-0.00949648970851058
-0.00572238637410383
-0.00386639213034723
-0.00384163249658087
0.0116592329284684
-0.0106887039099375
0.00194089845148682
0.0015185017968502
0.00200272001663038
-0.00732418684408831
-0.0476927324243919
-0.00467927502644372
-0.00795499329334604
0.0357120228212571
0.00477127716153625
0.0121143586059587
-0.0164491588573741
0.00402990559791938
-0.00980482984090258
-0.00664239473289729
-0.0187787251365634
-0.00330920144636426
-0.0136344674406317
0.000935871079161821
-0.000771958349488067
0.00369435069846169
-0.00564277363166088
-0.00234877213248286
-0.00391324724073883
0.00799047206132553
-0.0105851017608591
0.00439024630712037
0.00303551237116917
0.000410705549129808
-0.00672352800337261
-0.00925834399424463
0.0128584609243321
0.0158568871045865
-0.00378157273402469
0.00228864382858074
0.0227574391333336
0.00411084747938961
0.000138856568168144
-0.00277351595818942
-0.0106889970845829
0.0123953731199968
-0.0172736737684822
-0.0180809752912046
0.022326150840696
0.0144034029671847
-0.0084551657687939
0.00194605856192531
-0.0175047924421543
-0.0194342009284449
-0.00119455728250095
-0.0130273590176539
0.00180814466312373
-0.000696172470564527
-0.0131248531943422
0.0124635403026589
-0.00645257759543938
-0.0209306253554091
0.00293273473466371
-0.0148154745104527
0.000503673246712744
-0.0086693947449854
-0.0176153195807025
0.00698045775034917
-0.00273125739448865
0.0165319502907071
-0.000692501007311996
0.0214483292319905
-0.00945450451059404
-0.0248718566094128
-0.00698854508768854
-0.00580085553224929
-0.0131540905183849
-0.00982881544319003
0.00832002782319297
-0.0217820694557771
0.00440415259940163
0.023363779643665
-0.00648256193773733
-0.0145701312131612
-0.00931273599386628
0.00983345080201747
-0.0183321544198822
-0.0123097603347082
0.0193907135605293
0.0176456413744264
-0.00862866866195233
0.025731863966433
-0.00607474451490386
0.0147747039324067
0.0123369321952529
0.00899562603493287
-0.000861652639629895
-0.0156485522957714
0.00523682955954019
0.00497148764023692
-0.0170609666128652
0.00212620203999148
-0.0168803995369853
0.00377450564094417
0.00894970461455191
-0.0080762138867092
0.00155775221606191
-0.0234884044196981
0.0176151439782872
-0.000448003134901676
0.0208866814303947
0.00982155173259969
0.00206114305016847
0.0229256268650584
0.012957500850308
0.01077724110415
0.0188824325653343
-0.00302018401627624
0.0186417103687857
0.00718976058193377
-0.0113185481055398
0.0018869791874927
0.00396826733933686
0.00384708517136723
0.00163354541687433
1.39917060879569e-05
-0.00406698511642478
0.00379686206494423
-0.0065802714768628
-0.00901591673957292
-0.00797738597597153
-0.00247985665854511
0.00767149583239579
-0.00388014161379147
0.0154638549094255
0.0182288551579486
-0.000878876440471466
0.0249116306472015
-0.00983169719530341
-0.00781691479899571
-0.0108650822633694
-0.000220671341514489
0.0119512441899792
-0.0137088086931492
0.0174436795521844
0.00581884937363952
-0.00524228472986721
-0.0158218275927684
-0.0150051277009586
0.00844280957550669
-0.00725739876881626
0.00775093097563051
-0.00833467011336086
0.00641971745386449
-0.00789838487164651
0.0121335674644261
-0.00837088017646614
0.00504448925471834
0.00241839325738269
0.00460185972777083
0.00262793622311897
0.00291648176224779
0.0178908052167142
0.0215513388072024
0.000296926593130742
-0.00674244354215503
0.00680995295629216
-0.00238144476113078
0.0037827698259294
0.00650395048387242
0.0173030184832115
0.00173475481109886
-0.0174417028233558
0.0151155453426011
0.00261942326531361
-0.0110796388494938
-0.0123759677196471
0.00198723626451081
0.0067166799411682
0.00750482651038631
0.0283360108270037
-0.000696838115969101
0.0143047508641798
-0.0135677829053735
0.00440756515477414
0.000772449503052108
0.00874211417188775
0.00645302059052622
0.00857496758676124
0.0146877075639127
0.00888769341124362
-0.00285129112791704
-0.00127390367673907
0.000836540329597568
0.00619081515415232
-0.00842930906503536
-0.0138834105349011
0.0137987378152369
0.0112134345717605
-0.0115849346167067
-0.0023189684672813
0.0149421483738053
-0.00346032665351892
0.0075321975639957
0.00496324797193637
0.00233271721407746
-0.0108788377326192
0.0144172238371665
-0.0132761935149732
-0.00402388731817549
-0.00831166940913874
-0.00319713917970166
-0.0115825328544252
0.0124117207279184
-8.20333231263959e-05
-0.000338149506607266
-0.00312000692685643
0.00880384633836062
-0.0211639131332619
-0.00858790656431818
-0.00961215664975512
-0.00669713392145432
0.00621158369706887
0.00673393317810778
-0.00221236011441484
0.00266351835839451
-0.00774807740799766
0.00436291422066759
0.00273669698113022
-0.0155122433343324
0.00996683217242467
0.00570446867457086
-0.00283041733391443
0.0115922266717252
0.0178298452024057
-0.000212602895147462
0.0143940389058699
0.00400746750635417
0.0171199661293278
0.0142609087014698
0.00641104499055078
0.0110395782287949
-0.00213022892002712
-0.0295064632699304
0.0156102053248883
0.00938723208189796
-0.000742952903001637
0.0241346678583891
0.00271401555529582
0.0135492390545116
0.00412226674564309
-0.00840519414528718
0.00665721270943376
0.0273256000628921
-0.0064502801248425
-0.00455948188755162
0.00725757824802287
-0.00673233941673157
-0.00527446423414801
0.0226680677307387
-0.00525337313702945
-0.00613000898223159
0.0096555634613491
-0.00804369353166567
0.0155458575153613
0.0344158933738576
0.00963368726742964
-0.00895995137537131
0.00604281503635384
0.0189091916637363
3.50873239698402e-05
0.00747701313025839
0.0295509583152214
-0.003288147056276
0.00746105403180142
-0.00193151352415377
-0.00673095399385737
-0.00819958979919022
0.00778008364301019
-0.00616838299610833
0.00291579565373556
-0.00681257486769926
-0.00298154801602202
0.0147149466634406
-0.0189813885918468
0.00452413226491988
0.00940927979517348
0.00458469297843678
0.015760649581444
-0.00240758890415727
0.00488263467242334
0.0118692407369947
0.0204436002449739
0.00107303519981183
0.0107556897560093
0.0260615594484932
-0.01867234607833
-0.0104738843431065
0.0201932215606959
0.017832290376262
-0.00545792598499961
-0.0224579886263561
-0.00727172164888401
0.00744568894445052
-0.00428055016850948
-0.00347874162587392
-0.0023630280401461
0.00628420069035318
-0.00686607369233361
-0.00530642134496428
-0.0156697939601562
0.0107549485807752
0.00766260309998579
0.00816709277646144
-0.0310928394771643
-0.00541091738719679
-0.00728080790674035
0.00426509260461394
0.00162861387267377
0.010433540582456
-0.0213816008516883
0.00326811468727239
0.0029395564794461
0.00869018754063244
-0.00653469658059791
0.0141500537280619
0.0142929726997414
-0.0131865759566638
-0.00241751490247033
-0.00527119669458997
-0.00866052022810138
0.00405480235351696
0.00207022160092762
-0.016557431520722
-0.00249947783931681
-0.00971896559140362
0.0156238109024498
0.0137343558188112
-0.0138482206183497
0.0124873934340659
-0.00251827306843122
0.023843039734035
0.0182369505363758
0.00686795202916635
0.00507384869861394
0.0220431230185465
-0.00281139277822096
-0.014649494326644
-0.0436669997726868
0.00833194869661913
-0.0227795102924597
0.0091102376905603
-0.00558151722042943
-0.00123585694484252
0.0121656829928982
-0.00303985424769238
-0.0128848554991627
-0.0183562484898143
-0.0191823747134814
-0.00025491836166136
0.0152304489913613
0.00298977047837568
0.0291590680064386
0.00334842128565249
0.0108634799609364
-0.00983769335278861
-0.000125088491521375
0.0185901457695561
-0.00534291260809283
-0.0107685775219535
0.0140613750789456
-0.019751361475568
-0.0110716204829862
-0.0166566048679977
0.0145194642028272
-0.000510687225188988
-0.0175697514400808
-0.0267222529189359
-0.00857880849746628
-0.00144850562778398
0.0141316851546458
0.0109440151225932
-0.0173625212870636
0.0126504208684217
0.0185210665394804
0.0101306354597259
0.0013013453377333
0.0267250931312022
0.0274540894496225
-0.00396201388930884
-0.0158079341908692
-0.0139665531059645
-0.00119819736236959
0.00422555291558968
0.0130584032075935
0.0133157847027601
4.49541917060259e-05
-0.0227032744853437
-0.0081805009782645
-0.00428879877521648
0.00874076211370767
-0.0195004738164597
-0.0131851840967192
0.0217265712024517
0.0203930244428125
0.0131440573513926
0.0147973272050912
0.0086366889141436
0.00135446271204565
0.00330847284700297
-0.00466404498896633
0.0104824831009944
0.00235737992959972
-0.0132612085058463
-0.0195452937258747
0.0307559071571255
-0.000674655222845821
0.00836329534163127
-0.0199929374592172
0.0218997571778825
0.0108761588883732
-0.00684716433917121
0.0168130884190507
0.0035276826149051
-0.00481000899088446
-0.000716313354309328
-0.00185303482769594
-0.00324826682539747
-0.0109690516965788
0.00870903047993909
-0.00727685615267326
0.0233681411285422
0.0077874905967974
0.00393270434662529
0.0110613787366347
-0.0069732284214501
4.26643831117346e-05
-0.0118426303906221
-0.00856100818283778
0.00685268350024426
-0.00190321884997946
0.00422723469096287
-0.00380019696928446
0.00737066268998099
-0.00031089196558387
0.00346996264322552
0.0168297517089249
-0.0102166779280006
0.022979090756035
0.0189853751268299
-0.0146375076375902
-0.00396336931119112
0.00622018378824141
0.00207808365427997
0.00483923081926907
0.0107466190640073
-0.0107189164724755
0.0122168401775378
0.00620221643633379
-0.00554642426238239
-0.00081152967973086
0.0100780602360269
-0.00452089316777382
-0.00873139359050779
0.0103511784256574
-0.00130836041075089
0.00747631320974929
-0.00576991278112171
0.00214405669048823
0.0195801184779549
-0.00767435029139385
0.00590286872328605
-0.00148712970110854
0.0323701816863968
-0.000334648907917234
-0.0245766670976666
-0.0117036809284539
0.0181151013876049
-0.00311479014337923
0.0242536184940034
0.0196391531844213
0.0158259689872597
-0.002525446613177
0.00713008328333586
0.0145761268213969
-0.0146414751730219
-0.024378522889549
0.0164113862215833
-0.00673614668866662
-0.00830255711223504
0.0210989110175737
-0.00245254534611394
0.0190141394884984
0.00109433771331524
-0.00305403026414197
-0.00106019742444197
0.0255302232023285
-0.000542768348471334
-0.00662300596351884
-0.00748812557013778
-0.0148712056712039
0.00857774934604727
0.0052143989995681
-0.0228485305304398
-0.0088366336646839
-0.00728144023166966
-0.0131602179524695
0.00567526486388115
0.0106911267733567
0.00424699575432896
0.00123688001614131
0.0103970330611114
-0.0251566761403863
0.0027324484515816
-0.0151543778074332
-0.0182900266810728
-0.0187873971450729
0.00104936327525795
0.00462447856102877
-0.00792317866585446
0.00118818107697294
-0.0127638891445869
0.0011608979405402
0.00568721599239286
-0.028939607165154
0.00158601354121402
0.00401767527382724
0.010906846927047
0.00230045516522637
-0.000301272311499012
-0.00535321268036615
0.000316431458924349
0.00214286198746372
0.013840109131297
0.00684497472608214
0.00312730750003887
-0.0096900153796291
-0.00388832229984803
0.00684301886485894
-0.0421623294948761
-0.0110121346427663
-2.11997007495413e-05
-0.00161208957272763
0.00230554079724321
0.0143662289022419
-0.00428182688714074
-0.0017957551750527
-0.0178159195857486
0.0306316801728421
-0.0181924690814439
-0.00510539308960833
-0.0107857381210685
0.00264610509919905
0.00415229308567966
-0.018994463642799
-0.0212564508058266
-0.00548070914959364
0.0126217347455819
0.0105752119497771
0.008145222085429
-0.0190513534245138
0.0130945470922486
0.0129129370120111
0.0142613568559824
-0.0229100687786774
0.00113953348603069
-0.00995029293821048
0.0267907427813485
-0.0128549448246202
-0.00584090092837819
0.00487107187376967
0.00033990389813976
0.0203646722732991
0.00134423095608227
0.0199930818967902
-0.00826288720734958
-0.00955033699339403
0.00582040065215317
6.2483755519871e-05
-0.00928335169277084
0.00826333527150869
0.016437111859938
-0.00768150357011077
-0.0108676882391956
-0.00354200017733319
0.00356724633756134
-0.0332379291575675
0.0175719072910239
-0.00251775703261892
-0.0126036793061051
-0.00404466922252755
-0.0190129250651152
0.0051342174094513
-0.00300041719218402
0.00291515630477068
0.0126276509001775
-0.00458376268391003
0.0188803193494342
0.00567469346938587
0.0249540389573442
0.0111820195279
-0.0030815997094038
0.0239226963383183
-0.00258086255613676
-0.017355965000009
-0.0340268039943838
9.34921942148392e-05
-0.00700266175992148
0.00838223563856477
0.00981891913703858
-0.00113535517806973
0.00168122046170893
-0.000753340594298102
0.00532685562797308
0.0121404802915048
-0.000319754592275956
0.0040485396374299
0.00100345365875931
-0.00115051891445628
-0.00781959059609072
-0.0306852461540421
-0.0125626944267765
0.00213444222157655
-0.0280134979855546
0.0112476141629196
0.0108816004265222
-0.000673070949049226
-0.00307451169170658
0.0210494898223574
0.00292636739423546
0.0143135840954685
0.00679407450502634
0.00616253058774952
-0.00807772664446382
-0.0149171057932662
0.00725934486159918
-0.0238867963242058
-0.00718428570320473
0.00183897572757807
0.00486819352211398
-0.0237663690409748
-0.017269195709904
-0.0104696591396518
0.00473939175969829
0.00625808985572185
0.0166517227390921
6.12481285333644e-06
0.00998687873915305
0.0232908523073503
0.0216598648094477
-0.00158496837281152
0.0105135269803673
-0.0241570891082867
-0.00511527719548255
-0.0165944565460485
-0.0111606784128329
-0.00549062736232919
-0.0152281430800185
-0.0249437825407703
-0.00963646109249083
-0.0194397188476332
-0.0274589350518042
-0.0145711391881358
-0.000299087339942439
-0.00256698388801002
-0.00239218704709909
0.00379951727876193
-0.0226777368229509
0.00750724791807222
-0.0574577105859939
0.0599454801694863
-0.0107515514828709
0.00593102159132108
-0.00703506687908195
-0.0237059750885447
-0.0199175413754524
0.0157540229166928
-0.0185818648555811
-0.00285976492182805
0.00254005325775175
-0.0158004313740605
-0.023002415095835
0.0177958143496895
0.0125481791644049
-0.010484239894426
-0.0262525998858472
-0.0272324340421379
-0.0181507919105099
-0.017724429765031
-0.00772746697675153
-0.0286025526654807
0.00152363749418161
-0.00294503594065176
0.0045686941805485
-0.0145834144099908
0.012729952567712
0.0108163728561612
-0.000395678725306325
-0.000655698841619312
-3.52185578904596e-05
-0.00952060415739808
-0.00959653262437943
0.0219411663052282
0.00405212941097144
0.0124883648296699
0.000993382662241693
-0.0236882896601989
-0.000919441100197815
0.00469033289138743
-0.0115662323433137
0.00105482627276032
0.00146167055894786
-0.0217411759021777
0.0032474928211581
-0.00365232859098619
0.0159181205053684
-0.0205874667559494
-0.01133895532677
-0.00339643035733062
-0.00631708278620913
-0.0169523117039336
0.0223670513048679
0.00626909743870652
0.00246256035270598
0.0232964461935854
0.00208855040557498
-0.00270710185608802
-0.0249152223010221
0.00201470787485825
0.00516780608472533
0.0113095491887663
-0.0283595156917267
-0.000246416096498336
-0.0457682687264711
0.000858487198793334
-0.0179260480281611
-0.0146675323974703
-0.00745231543861102
0.00276687786871221
-0.00728718566090336
0.00907249858611969
-0.00635797776256197
-0.00518750225925135
-0.0273301062924247
-0.0139649392246408
-0.00599430988700966
0.0426326987059422
0.00930737691590799
0.00271995465728825
-0.00939356036615813
0.00460171774903273
-0.008729907761996
0.000471061425727726
-0.00493590128937083
-0.00378335299753463
-0.00212887031251618
0.00907954543177691
0.00422578975856247
-0.0077173954989842
-0.000833556488744946
-0.0165130165726266
-0.0135379614775255
0.0118229267026351
-0.0107184541929737
-0.00862271158238492
-0.0034982096470193
0.00503992218214311
-0.0248333092625508
-0.00950220288731263
-0.0216229703997888
-0.00786268520983491
0.0219526441434814
-0.00966851167238403
-0.0165787718725108
-0.000292115743238952
0.0245453747381905
0.0151643819675193
0.000685341755988667
-0.00885120319921384
-0.00117413891570983
0.00615472154199903
0.000183120667218262
-0.00788402394455368
-0.00866167244017468
-0.0103560569482788
0.00575099002350843
0.000773367118330093
-0.0103804415016633
-0.0253668220906986
0.00400840994383067
0.00182877368660339
0.0140617741752456
-0.000923507574995597
0.0158796227198774
0.0196066325846056
0.00535748710724526
0.0213444530808964
-0.0114145470869609
-0.0262201678120144
0.00202719306350208
0.000524674294710259
0.00605117791769683
-0.0176992091300212
-0.0014097603183707
-0.00815834839771234
0.0150112901962469
-0.00145927523053047
-5.46114001149789e-05
-0.0160399627284882
-0.00455347754809932
0.00909790292063573
0.00271610553731438
-0.000194502555192599
0.0158910129877929
0.00234433973241455
0.0128677772556189
-9.58374879092005e-05
-0.00121737345402639
-0.00647026826321362
-0.0154587621122149
0.00751844627388731
-0.0176443910346551
0.00518409767935246
0.00897400083044264
0.015474741449629
0.00597014899128645
-0.00299179327653576
-0.00194627240998368
0.0130726668433896
-0.0177509582145143
-0.00247438425731605
-0.00675157012577188
-0.0184120340643243
-0.0125209395895993
0.0103740887550332
0.0109828601130921
0.00910394433171469
-0.0026514971568643
-0.000754914650660687
0.0103227955351208
0.0182656036616899
0.0203733139661351
-0.0112665267085257
-0.0153808539941753
0.00709298216118359
-0.0028127675116103
-0.00582873853900434
0.0262929424367728
-0.00539501476011406
-0.0351942604407895
0.000323946388451901
0.00284958507936395
-0.00803016218312003
0.0146619328193989
-0.00822109323384801
0.000496870449645748
-0.0115460279628232
0.0284165606952778
0.00659554732127088
0.0220057422675177
0.00439143515909546
-0.00481333250325022
0.00139262276158192
-0.00461115636081644
0.00106688374865271
0.00667359367530107
0.00532614839733458
-0.00150412518099952
-0.00485641620792876
-0.00264154368720337
-0.00604252377135772
-0.0121995941684574
0.0184384309023731
0.00331082028440655
-0.0104960270171244
-0.0171652739963033
-0.00286051348563721
0.0165484173956987
-0.0105342936732669
-0.00413889316398119
0.00958831134184468
-0.0106540550227558
0.0118237245228503
-0.00249151164448946
0.0163744702295219
-0.000104011158449602
0.0103543492098233
0.0198367166086619
0.00467400790656836
-0.0043484548713888
0.0209811097229098
-0.00261976907076278
0.0210276389405806
-0.000854538036308305
-0.0129609432901496
0.0162891948508523
-0.00545168174766886
0.0117451023347517
0.00784930375820103
-0.00905682626056681
0.024746235631242
0.0209736459117877
0.00613961564971088
0.0153343860176811
-0.00852492539670813
0.00706662629524857
-0.0106046438054195
-0.00513496572223726
0.0227880125076627
0.000214643419025329
0.000840732363105445
0.0125998053885867
0.0234931944546313
0.0199935966598197
-0.0026666616428912
-0.0030565177324462
-0.00686259541410994
0.000320956076000911
0.0013801244517202
-0.0114754377277899
-0.0236530820927401
-0.00721098867631831
0.00169144891002659
0.00616875001945161
0.00438675642732367
0.00329962201172851
0.0159714834891478
0.00935555082659167
-0.00344725242472332
-0.00344958417183783
-0.00110807242647226
-0.00385255465937462
-0.0186828202766822
-0.00615662700660735
0.000137496888161337
-0.0146713800717979
-0.0237778787311829
0.0122755779929902
-0.00570432498557771
0.0018689906989664
-0.0062503494946835
0.0004443758525845
0.0122114288988007
-0.0121496746584349
-0.00184335293125848
-0.056344449101652
-0.0139028797947747
0.00885192040855376
0.00527629600186597
-0.000886098207830699
0.0238301211232717
-0.000365928690986728
-0.0010900400323095
-0.00338204470592185
0.000465552993688334
0.0187946077357797
-0.00961222150609142
-0.000110513333423157
0.00220133695842861
-0.00132227823389197
2.00122727331831e-05
-0.0129020418578722
0.0114042279500595
-0.0161836675176925
0.00251802910134824
-0.00874681012040401
0.00739521665192289
-0.00364482115911891
0.00408520202381091
0.0211141855863497
-0.00555494227360764
0.00183995505938039
-0.0048749579845051
0.000743381913254737
0.0275535013829513
-0.00641521523240662
0.00942726630752677
0.000699965808269809
0.0132420685619241
0.0118023841908848
-0.00242402117988938
0.00117542680294047
0.0233477333071122
0.0105538143905113
-0.00404928468208343
0.0147766070971009
-0.00416023175462854
-0.00154993705287065
0.00418550672194051
-0.0223551925871872
-0.0156381184686003
-0.00288090046442413
0.0021491847080215
0.00602616564659186
0.0010503260737309
0.0194422475773317
0.00279871994936087
0.010500438270955
-0.0129784671792175
0.00647039297787266
-0.0166643806625268
-5.85909134116491e-05
-0.00230298772452908
0.000151276640448117
0.00861175098983669
0.00729115919232015
-0.00117620544046027
-0.0103857654677428
0.021011472022562
-1.10894592815214e-05
0.00899240627462561
0.00422924932583868
-9.00663575862382e-05
0.00875238494590302
0.0225689365653876
0.037252788712542
0.00934591181334365
0.0010040523898347
0.00489697936573386
-0.00870589767941166
0.00346519729939754
0.00423581438485687
-0.00444085918794457
-0.0197577057361142
0.0271632130270962
0.0160808878340664
0.0128761372845467
0.00707783881674207
-0.00569344630325475
-0.00828983173050801
0.013040528425063
-0.00580196422581913
-0.0123554264535795
0.018929316304674
-0.00332821134275552
-0.00231629838566505
0.00988664492070424
-0.00842072811554306
0.00681985869498813
0.00222097508539676
-0.00542337629676926
-0.00382624741505211
-0.0114223431115432
0.0101586520891939
0.0153090241215255
0.00861797372387141
0.0176887599734856
-0.0107153329438923
-0.00307147166893884
0.000426196267122592
0.00888160633689772
0.00837404125259322
0.00560280450422557
-0.00507699896844205
0.00366751644854357
-0.00604296847843067
-0.00177474087347296
-0.00114373778839738
0.0182035474735338
-0.00837317820816263
-0.0358705243026769
-0.00285919766612164
-0.000888308777756031
-0.00601177919362428
0.0122638822356311
0.00183279875272202
-0.0254821241742809
0.00150562346783278
-0.0219478654755134
-0.0144019512951576
0.00537788041769893
0.011248910290953
-0.00234453836761261
0.005898892372179
-0.00456590988352268
0.0190248654473599
-0.000796192673702123
0.00928842942022001
0.00455428895240928
0.00469766462809851
-0.0135798579164472
0.00422704613926239
-0.0155319650708945
0.0131386577385033
-0.0165610022169664
0.0100236469202022
-0.00334980424105424
-0.021741956761038
-0.0121429044682193
0.0181843835831357
-0.0125089158347738
0.0205593406694682
0.00653548004795113
-0.00687529835769141
0.0201462673452095
-0.0176426305269795
0.00601894492834631
0.0019810208605513
0.000701368534058666
2.24178085135307e-05
-0.00154851338017359
-0.0161980247309854
0.0197587872116598
-0.00999476231389185
-0.00565984162531308
-0.0272526324402742
-0.00195166961082904
-0.0219240647179104
0.00750764311183438
-0.00456732745524757
-0.000404968052418297
0.0149464479287875
0.00899109501455797
-0.00811496012332036
-0.00268763553830809
0.0017000120071895
0.0129084274695588
0.00462250685237375
0.0124445658647838
-0.0090676037716344
-0.00540279584536041
0.00198310760384501
0.0404510550750032
0.0154551910827623
-0.00526658742850916
-0.0112396375637518
0.0178571596832251
-0.00267987890647881
0.00692454913938345
-0.0098152215615066
-0.0206773000787503
0.0117685408617216
-0.00329869241563685
0.00675392393116958
-0.00376177640709496
-0.00601435133017958
0.00208243639824612
-0.0113659703117861
0.00494705090228642
0.0320768782491099
0.0226872893145318
0.000100959220390884
-0.00307420750787646
0.00905763186443664
-0.0161688278147798
0.00185799696227562
-0.0114775077832272
-0.0101104120507909
0.00949156895200787
0.00459554165124931
0.0155111560868813
-0.0170875833357922
-0.00424421866322078
0.0178457287048985
0.0199032255019391
0.0127658062822613
0.00556288143289763
-0.0195616960791636
0.0146827376879939
0.00665155436553455
-0.00676270811535051
0.00472258085854715
0.0050156798761174
-0.00237603832374944
-0.00276443642931135
-0.00332545493937886
0.00209322567002435
0.00938169403218936
-0.0147028691833109
0.0052193575456787
0.00299446949339988
0.018673577765167
-0.0109376462244937
0.0221206861804681
-0.00566759811190387
0.0175171888658845
-0.0138548538112122
-0.0100890712709081
0.00182576794118106
0.0116575970570807
-0.000548482288701635
-9.18724648508729e-05
-0.012897708976495
0.00431783179439016
-0.0150247422086016
0.000340112325498687
-0.00486138114806955
-0.0122847102280046
0.00212756436604256
-0.000647040199143412
-0.00187369819870309
-0.00160386197749141
0.00565208432717945
-0.00136763659492622
-0.00343365276091578
0.000666416187101504
-0.00450594568778317
0.00926704418181501
0.00400648295410289
-0.00780254495032118
-0.0103283540582657
-0.00499219685621455
0.00312662647048167
-0.00930887439186634
-0.00131124304324448
0.0200645433126603
-0.00543073501131897
-0.000956118325147415
0.0173675846871069
0.0122103920811858
0.0106358709918668
0.0107521716044063
0.0112560631465008
0.00280914932507148
-9.00895260569357e-05
-0.00578388487242076
-0.00430786092720314
0.00791869081886976
-0.00805846277575828
-0.0024114969626492
0.0230208309274182
0.0153868938461352
-0.0227672955159743
0.0141810017590656
0.0221816147767671
0.000794509888770278
0.00480897388747348
-0.00079081182380758
-0.0287356549009896
0.00952544910963482
0.00521636173319795
0.0200310625875009
-0.0197387818052182
0.000619275705599165
0.0210943226858635
0.00155238799074731
-0.00326826490545429
-0.00560012060849324
0.00285820076257792
-0.011327384453506
0.00519247296777792
0.0102087709020244
-0.000585013469898144
-0.0103204699892228
0.00393465068062859
0.0311871277700337
-0.000984651430277594
-0.00861822994817896
-0.012912810585556
-0.0215436101551356
-0.00270518825520671
-0.0120444245596616
-0.00148067609660352
-0.00815393044810975
-0.0112738771962846
-0.0117229893073114
0.00017681025283256
0.000594565134656833
-0.00312400693958281
0.0047530233005153
0.0139633578141032
0.00243801369850782
0.00127009862630345
-0.00519336620111499
0.0072289116835087
-0.00678565969198885
0.0084026675580029
-0.0103670761804437
-0.00157087019658064
0.00360405088478366
-0.000120850544857554
-0.00912953527341731
0.00212655215239099
-0.00920809281553669
0.00544620627375725
0.0099956606968119
-0.0193703530348932
0.0207741734913593
0.00159187303231967
-0.0111705449793504
0.00121332435139898
0.0188045757371391
-0.00065706589643888
-0.00543734452643196
0.00392912091413411
-0.0246481329789532
-0.0036925823863978
0.0259819033620481
-0.0152965158150788
-0.0269858244848731
-0.00213401930026969
0.00582852765893094
-0.00884787202214632
-0.00109302914081244
-0.00880675393011821
0.0104632432114329
-0.00562964622937123
0.00221255337178139
0.000426285923769143
-0.005880038016568
-0.0223043087539265
0.00165790005027411
0.003704639095929
-0.0111540664329901
0.00646572103773391
-0.0178268655115223
0.00834228629255662
0.0168688688159815
0.0105093381120769
-0.0144595508424707
-0.0379305851968335
0.0125778199873148
-0.0228686792254917
-0.0130218809435769
-0.0274043685025278
-0.0305583414462509
0.0157610717654393
0.00601836505150555
-0.0108145599927409
0.0126495306520882
-0.0189228319863792
0.0134898980194595
-0.0158596219561709
-0.01162115644102
0.00633904571421873
-0.00310356166044468
-0.000818116082603737
6.29516647245865e-05
0.0241694629162534
0.00758119682238334
-0.00598308042535312
-0.00433193446665037
0.00084685519216432
0.00411339893356555
-0.00711730616236661
-0.0127335129752142
0.0100145672417131
-0.0107967866333798
0.011565733061853
0.00584291106661627
-0.0129958259264971
0.00994881315127039
-0.00966846513217767
0.00115556481147561
0.0060875468672803
-0.00658642379944396
-0.0145983519176136
0.0167052969885031
-0.00603768948361605
0.0179118041050312
-0.00870118335093206
-0.0123048091917077
-0.0198660099506638
0.0183444153029351
-0.0172872460805031
-0.0140217919533114
-0.022868866596383
0.00688164696167082
0.00545717940891866
0.00648072397555044
-0.00368532755680651
0.00423058563307954
0.0240741396364239
-0.0103767900348206
0.0162661097619692
-0.013861193995214
-0.0234930623326566
-0.0115111567952377
-0.00199166517303961
-0.00817364369203499
-0.00703083005047667
0.0123620707955849
0.013793105310663
0.00664908916603668
-0.0091324862740203
0.00478656986609849
0.0160809460899909
0.0188832058073976
-0.013964733536703
-0.00611073424803088
-0.0208151704740143
-0.00867443733060025
0.002879263223595
-0.00872974834278839
-0.021741508518244
0.00544569878570211
-0.0219221633859794
0.0118766391576077
-0.015266754742977
-0.0055498569741621
0.00327578370166126
0.0137871923498434
0.0069503897457297
-0.00318739143897329
-0.00957217827647128
-0.00491318271373409
-0.00623648772891716
-0.018958084982736
-0.00321610732673072
0.0190731003148388
-0.00102073279059223
-0.0134670788421323
0.0363206045113289
-0.00271486267899324
-0.00467959323070044
-0.0224465657646551
0.00941655844529077
-0.0111567753361372
-0.00190303444359774
-0.000533546314589906
0.00257011521488071
-0.00639902638981393
-0.00499027416251607
0.0124737456258153
-0.0113583021590511
-0.0157154564118835
0.0124172081760943
0.00483324959197695
0.00215350693574745
0.00033134455789785
-0.0361958567402683
-0.00540481247323754
0.0088252988800388
-0.007521834844745
0.00533412987011506
0.00251061461656654
-0.000235864573109978
-0.0206080122627892
-0.0216535521400774
-0.00353170991336693
-0.00105497122368359
-0.00950638535707604
0.0243590743781521
-0.0189888780241345
0.00663299829864705
0.0160610402875152
-0.000905458494927736
0.00574278527259242
-0.0126391280236984
-0.00658296814588599
0.00400895133217549
-0.00727215691110139
-0.00271380955184952
-0.00786224459430418
-0.00782949956230983
-0.00980183325742967
-0.000364582313920003
0.0302212917585454
-0.0103444296203827
0.00333051168401521
0.0164131505273195
-0.00818787283664246
0.00286763173671289
0.00658946028599949
0.000360965269392111
0.00166424081797167
-0.00324101877704575
-0.00535534181012931
0.0225600749363037
-0.0130861853896906
-0.0120019504072264
-0.0294715667005221
-0.00449517812611688
-0.0108616152589889
0.00115233806327275
0.00480042302228689
-0.0129379142782993
-0.000677713835153249
0.0244844489183906
0.0157107794498161
0.0181266726721319
0.016679897855604
0.00694601128567918
-0.00359824998485259
-0.00824128147538783
-0.00990096167456134
-0.0176204708159799
-0.00377995611757243
-0.0221637147930229
-0.0222228274293945
-0.000434119913991893
-0.00633317202058592
0.00397310741213097
-0.022167952534959
0.00943450310860339
-0.00699624661571807
-0.0111035037146419
0.0271070694492979
-0.016984672589559
-9.87234449842944e-05
-0.0141302419785108
-0.0216215790399339
-0.0131260920102187
0.00188138072764943
-0.00450525723498529
0.00305293969585652
0.0166837686450654
0.00476723164485993
0.00792957832618679
-0.0222368115523297
-0.00643213715554669
0.00245237574409529
-0.0107026729165511
-0.0284902082262892
-0.00241115973834738
0.00102251422964272
0.00447023784510936
0.0147614676980723
-0.00495334085230414
0.0143417384572384
-0.0242374451935135
-0.00185993146624508
-0.00468058913480984
-0.00570851997571786
-0.00884511318221026
-0.0175064851715154
-0.0242712053713507
-0.02611196481823
-0.00390419791941454
-0.0167267334676966
-0.00618646239458265
-0.0111305087814868
-0.0101778871208218
0.00851241917266599
-0.00878186625276456
0.0176230802719006
-0.00407422817387904
-0.00618074335718521
-0.0191950340448042
-0.00827475406913525
0.0068193432842687
-0.0102865835124391
-0.000373126210325481
-0.00418462510038697
-0.0182343793254098
-0.00414643665111036
0.000551278455960258
0.00491300772166081
-0.00674454209652708
-0.0113531383899828
0.0179110590320439
0.0139589561406508
0.0203817385386742
-0.00275763209405788
-0.000355030094872255
0.0137779612038278
