-0.00167817166149842
-0.00411796269157616
0.00888553635990341
0.00357204191614002
-0.00246083699631239
-0.0180630884509698
-0.00166445945077154
-0.00609319162800492
0.0152203671879958
-0.015878520804371
0.00227176694943143
-0.011411042773557
0.00649248376662293
-0.00214789178365127
0.0112709040243137
0.00147005174417014
-0.0172181050510787
0.0154146403726543
0.0120848266855313
-0.0041737224618883
-0.0163677732344407
0.000778099672769095
-0.00361536212292179
0.00693976739657742
-0.0133986802549142
0.00720045419447146
-0.00836097012743853
-0.00540646691710922
-0.0323287467859066
0.000306928667032302
0.00824967535155352
-0.00139049323747287
-0.0146872565457281
-0.005030926159451
-0.00354565774914573
-0.00908606813159629
-0.0152216730467432
0.0175116627093344
0.00103812875118692
-0.00291977166289303
0.00768282344233828
0.0110674743754648
0.00310746830541753
-0.0292130222154565
-0.0104086581909666
-0.00690294474617037
-0.0051974562086281
0.00055705801084649
-0.0070675335285344
-0.0140856388005099
-0.0068148391205618
-0.00241813121763901
-0.000929455343585239
-0.00308095306018163
0.00941349154926918
0.0065375008702242
-0.0236898668272651
-0.00731024217715959
0.0098896706884819
0.0154821337824425
0.0113033221111172
-0.0226688057868794
0.00137200351913158
0.014532245855416
0.0246765239287363
-0.0190321599095729
-0.0244475902540815
-0.0165529897155761
0.0327310057323089
-0.0142847163292377
0.0373654510419366
0.00611312597944824
-0.0148458769205426
0.01975789228013
-0.00687672513100246
0.0273278728578967
0.0368095337784533
0.00555633614265183
-0.00557981768448279
-0.00676855618213068
-0.00537724996522915
0.000273202741715828
0.0200751960779018
0.0190839686673909
0.00149207781528027
0.0478646655986932
0.00134581557469282
-0.0118307889321896
-0.024088988821231
0.0145102900683378
0.0088871534013375
-0.00344321240574619
-0.0174167562408112
0.00721877155569395
0.00901419101715017
0.0420271386294955
-0.0208778082649381
-0.00465619249408977
-0.0077947071052753
0.0183168890986787
0.00942520325323404
0.00593959802561805
-0.00256391383842391
-0.0123330699933275
0.0279669633793258
-0.0144257304557165
0.0123112950141486
-0.00236527062690861
0.0101977009196732
0.0146906822905235
0.0238735929231453
0.0528885498149165
0.0114339265969079
0.0310015919361346
0.00740793107561633
0.00244625730940129
0.0112093807012856
0.0201738602893826
-0.0191887826437043
0.0372397834700369
-0.000366261822141389
-0.011303866513015
0.0113426778623662
0.00582305010386541
-0.00635406019336315
0.00820985226898596
-0.00457799882715992
0.017823256120324
0.0195447382695324
-0.0168690325197058
0.00266788462680534
0.00231991733830039
-0.00872433864299271
0.00038601446878328
0.00481640087087509
0.00548097860637409
-0.00127329307341117
0.00352822503681693
0.00326782532818282
-0.00758791567514017
-0.0256138853349457
0.00387187859314064
-0.00770628045945898
0.00761842966316539
0.00167858008958088
0.00298919540058051
0.0232368456640835
0.00894008362437582
-0.00868224388947603
-0.0490102229016243
-0.0157100987314811
0.00161247180508717
0.0106642326505462
-0.00576608414092838
-0.00930496122022539
0.0128770561036333
0.002814294483378
0.0170152980586362
0.0220848606365811
-0.00101524297533651
-0.00841574286728886
0.0168999252746147
-0.0257257690527597
0.0198859112832261
-0.015062278295809
-0.000660057869818154
-0.0255669185118217
0.00305842425558556
0.0131639318860586
0.00325794057049933
0.00355530374662472
-0.0039940686995239
-0.0107349036651989
-0.0156243080667409
-0.0128031667010911
0.0145120088016428
-0.00237431605625371
0.0117072235524196
0.00567948165671073
-0.0349014534168441
0.0274830781636375
0.00837932162180355
-0.0155104339879593
-0.00411501345839138
-0.0100070257519471
-0.0198529300940473
-0.0106233025447109
0.0101013218613684
-0.0197477447093393
-0.00361267293208201
0.00425085314293394
0.00224237311883524
-0.0259896077542257
0.0125250076346086
0.011038173063235
-0.00782267749681598
0.0124224468523142
0.00309448688277225
0.00503677923356083
-0.00670831335584765
-0.021745173097095
0.00110184539242209
0.00710631189438438
-0.0205514469190025
-0.00874555096242258
0.00168950227194387
-0.014812077480288
0.0118732200506502
0.000695205456348269
0.00285338204504715
-0.0109805264927534
-0.00749398501293452
0.000764927995652087
0.015655465015362
0.0157960591204471
0.014943816888203
-0.000610629600125812
0.0144913793216919
-0.00373496126331929
-0.0157926640515695
0.0156428041910814
-0.0152753538622292
-0.0183244264687294
-0.00805936096163418
-0.00738127385529808
-0.0144288063602218
0.0149108747093534
-0.0175998032775322
-0.0100748777818156
0.0113811394895071
0.00138354995379775
0.0336864270732429
0.0119295903530343
0.013004065295922
-0.0225486480774952
-0.0045109023856531
0.0205966850632899
0.00179506531192342
0.00286227797957395
0.0286079772177432
-0.00387087655094831
-0.00908840979178738
0.00886449561514269
-0.00454195739833718
0.0122422390540269
0.0291606448203945
0.016836216232079
0.0237513924556367
-0.0184525962762665
0.0193247753200065
0.00762985935387039
-0.0270326160512901
0.00484294852557099
0.00116116201333138
-0.0161750859109935
0.0151484092302674
0.0164742609473976
0.0108093326478764
-0.0118479588235987
-0.00304066707166317
-0.00222990086509345
0.00186268481842244
0.0141871996955105
-0.0162435155748133
0.0128757204298999
0.0100484558155802
-0.00713539544165442
-0.0200901413923225
-0.00555665504411262
0.000620877427449429
0.00631429966479846
-0.01031663170793
0.00387738006474247
-0.00835674604930947
-0.0123769648077872
-0.0119241998851169
-0.00972162553145495
0.0391562908033869
0.0148533362914849
0.00958114311620051
0.0115498952941184
-0.0133623853840525
-0.0172738388547815
0.00664758493902262
-0.0125956224103376
-0.000248191236781992
0.00332961802910603
0.00482872263750256
-0.0144460692494812
0.018066872382744
0.0285222346703318
-0.00475206053947197
0.0011835933102633
0.00759724676664497
0.00629405334831645
-0.00301540132327727
0.00249035457148317
-0.0147539532965011
-0.0126585977136315
0.0165121671792949
0.00395376187364427
0.00522499180282487
-0.00573198379275919
-0.00448823978187196
0.0128124943709311
-0.00613091768001617
0.00141203326047545
-0.0155508673926734
-0.023198215912946
0.00158709996462214
0.00578163108727914
0.00964092600275279
0.00724311565018354
0.00704533633540816
0.00303006943115047
-0.0217218879729355
0.00621545256574496
0.0106995728446266
-0.00551890764878049
-0.0287127487287044
-0.0118223064433547
0.0261898835889429
-0.016601959404416
0.0265137269477229
0.00316613619978945
-0.000812050734121605
0.0150524120749411
-0.00276286372597845
0.0202898939045069
0.00910073527648869
-0.00846370377150407
0.0124238677946513
-0.0122012967447676
0.00124667165980696
-0.00292408773830477
-0.00532448320524814
-0.002876497996807
-0.0141643649871881
-0.0065095537488693
-0.00446150996005201
0.0168030054883737
0.00791942584388572
-0.000710960293238472
0.00774189206429199
0.0139944677866142
0.0140852778555693
-0.0155769748068728
0.00583307864302807
0.00996971952154269
0.0160413219594844
-0.00455254022387397
0.0132404945757711
0.00912971412380514
-0.00680639931279003
-0.0187497191899517
-0.00183130698747735
-0.000946346321202718
-0.0126347835262051
0.00773058054492015
0.0162769071241433
0.000263412478997971
-0.0232772927065961
0.00856039049581714
-0.0149435252658074
0.0111617953918905
0.00349073095632324
-0.034109153234251
0.0378242472517902
0.00613019931762793
0.0085514637159152
0.0211923702949575
0.00275907593395797
0.00459671504551729
0.00304243124744996
0.00652764039095732
-0.0132341482383396
-0.00468964973295982
-0.00138248483379932
0.0342541868938966
-0.0149471102625123
0.008533246907799
-0.00131207704369452
-0.0115022793920652
0.00544713824104104
0.00578671126336783
-0.0130404178884813
0.00552888437438703
0.00642142457809314
0.000331732564591292
-0.00636558805694509
0.0198151545265217
0.0213634235670233
0.00250819098826582
0.00401744805110216
0.00960121226106114
-0.00598652044002268
0.0208645259893183
-0.0074630015949495
0.0079284650133582
-0.00585510545247381
0.00993170213381411
0.000415016227277576
-0.00259703864657013
-0.00762705442139033
0.00545583239998049
-0.0193923043828068
0.0203374678817143
0.011290832045753
0.0412802087879491
-0.00441706071719317
-0.00336571549094344
0.0163631126432158
0.011673822990879
0.0140230705572035
-0.0023967702714911
-0.0169035427227362
-0.00352707415893949
0.000867488324722387
-0.000784225250801462
0.0259852262396256
0.0316791486389505
-0.00131224584500345
-0.00756220953782893
-0.0103806947423557
-0.0136523192173197
0.0011391735550994
0.00200118555615081
-0.0043609475176396
0.0135737481755962
0.0289464023961816
-0.00892093756544643
-0.00523252445804978
-0.00606433161478392
0.0077367188904649
0.0210513125471694
0.0217161838007955
0.00033352158966693
0.00618705257787955
0.00419223442279026
-0.0101027486424723
0.0039464176765005
-0.0152349938114025
-0.0199725054905793
0.00131313708499814
0.0105996917563012
0.00757204360570896
-0.0109274278106684
0.00292761975908373
0.0112850535167137
-0.00327625026613276
0.0045210479532356
-0.00661531002576776
0.00633712838727085
-0.00578636839307034
-0.00428970286962027
0.00455946561886655
-0.0188693237575173
-0.00787048465038787
0.00662984353097418
0.0382959779360386
0.00478798203345754
-0.00489980594712147
0.0253145945794726
0.00918321205440176
-0.021260963459123
-0.00379995554726964
0.00467155078495995
-0.00768228545164718
-0.00797191765616301
0.00248187551452261
0.00430492192370036
0.0145401808211023
0.00713751128239259
-0.00945487084035612
-0.0329148832295374
-0.00971542033649087
-0.00309164935901585
-0.0144562559287342
-0.0181200364276286
-0.00769847709885241
0.00167339657864041
0.000322990929681133
0.00312794924377791
-0.00976087255229174
0.00228307409782502
-0.026545448088692
-0.0130298777519311
-0.00585309004612533
-0.0137550107726137
-0.0033358106692738
-0.00466677704790719
0.0143212971314046
-0.0173335201275195
0.00568419152498656
-0.0195667783809403
-0.0114361987483154
-0.0530890149137928
-0.00336937612232191
-0.0103946236689607
0.0204936003271188
-0.00670912535725776
0.00123087548058809
0.0209375332716277
-0.0164976292058618
-0.00235161749793011
0.00490632898057086
-0.00586371135163777
-0.0150969448519582
-0.0111945123366413
-0.0134460745842473
0.00134475630737629
-0.0110640853753941
-0.000211427124813923
-0.00567238695783079
0.0174467345685612
0.00796916772264922
-0.0217997227889297
0.0154138402454969
-0.0309205054579422
-0.00621752745232218
0.000725957245676589
-0.0238075223560008
0.0546582586186108
0.00161784642340823
-0.0180808293628312
0.00435780731595869
0.000609376975815756
-0.00450801450801919
0.010774608425498
-0.000212001228524272
-0.00635159337203195
-0.0202439676941388
-0.000478692390331936
0.00703211394561798
0.00858697486901505
-0.00565296992613096
-0.00889510996365139
-0.0107472691602721
-0.0216136715086659
0.00818312090183504
0.00329403882201174
0.0118734863869205
0.0110288496983619
0.00253103434279023
0.00339252206614038
-0.00164283687539157
-0.00729627206717698
-0.016289734243065
0.00837376102891785
0.000330798239526864
0.00569088119745942
0.0337664737789032
-0.0128851495057605
0.0182346645139253
-0.0107892700008492
-0.0325148733687399
0.0112732523612689
-0.00592958741229044
-0.010742675931021
-0.0143662915234861
0.0198141045695959
0.00139426517876551
-0.0159881371704085
-0.0127731021632105
0.0190499472442971
-0.00908350029962079
-0.0115813683492849
0.0122591072471048
0.0105152245713942
-0.00376977820379576
0.0123592585450991
0.00248342302536919
-0.00720366740511924
-0.0307297664964894
0.00912551195175393
0.0115017305499707
0.0251018961224485
-0.00428111481051818
0.0165775568913356
-0.00636868092183551
0.0114869964162807
-0.00976357355665769
0.029556278963585
0.000196845845397142
0.000934647543046729
-0.0016142668119361
-0.00101035283455264
0.0414635433548147
0.01200520292024
0.0405618203849603
-0.00067899072125055
0.0116941623567879
0.0225272008987503
0.0163475466500094
0.0317832581203561
-0.00917350920348436
0.0213806709826594
-0.00853628488370983
0.00338782265255144
-0.0103631814419076
0.0231329534520288
0.0198522075072169
0.0121415013442103
0.0149719183223658
0.00334103887025261
0.000182706304152624
-0.00881063665793747
0.00966712013934057
0.0121022247065561
-0.00347319400855195
0.00880677043130884
-0.0189147652523092
0.0239433604512032
-0.00304109887437853
0.0226588309582834
0.0111969518294304
0.000557571150774372
0.0113164806458581
-0.0210853361383094
0.00401774024684265
-0.00261808854186274
0.000487504199052857
0.00671429417924152
0.0112827871450518
0.00808765479045448
-2.36089234091352e-05
0.00863262419241906
0.0106816769565086
-0.0285490877070416
0.0353324249738414
-0.00445266460158678
0.000216492124559764
-0.021252983741574
0.0079186417876782
0.0284379651713866
-0.00806511906644047
-0.0233050755551147
-0.0277946162476193
-0.0157980642644642
0.0172804774124584
0.00221651235999509
0.0101807199967645
0.0190662895522689
0.00658929793633423
-0.00529740815437663
0.00775108118930579
0.0126930226553714
0.00667032789503974
-0.000679865314217487
0.0276164416055531
0.00782757480441632
-0.00372650740669389
0.0196938380001104
-0.00176870678753716
0.00672143304465056
0.0103785635140072
-0.00724979474769416
0.0301482196571676
-0.00527637517693957
0.0309931547854676
-0.00933360557367191
0.00716945740061092
-0.0196906883645722
-0.008926919255142
0.0174651580033638
0.0155038685275404
-0.00965566000621187
-0.00937236372325945
-0.0197565584230146
-0.00232414757693711
0.00645649953116845
-0.000939727449799754
0.0143501613031889
-0.0220207362148734
0.00568691919718223
0.00558337390496977
0.0214614414185519
0.00494080764475768
-0.0102085043381441
-0.00869019409521066
-0.0147763323124703
0.0113629882128432
-0.0147148903363803
-0.0129353439643021
-0.0148439904042448
-0.00369644629319055
-0.00822579628608899
0.00778110510706487
-0.0106046312957169
0.00185176804499854
-0.0210369078797807
-0.00571584358464694
-0.00825015839844756
0.0150198976410572
0.000785737523364638
0.0116760657741235
0.00758642713767887
0.00898662163797947
0.0232297821295671
-0.00362378532576546
-0.00922068004831633
-0.00668140507350579
-0.00609447801674978
0.0038454883014456
0.00913065656542322
-0.00735737471599851
-0.000528626448394576
-0.0219594881449758
-0.00403094628022593
0.00729153487622192
-0.00494409021458697
-0.00556976585287572
0.00988395573678069
0.0308314996790422
0.00018262769273214
-0.0292691649349726
0.00881653756588641
0.0150183514944153
-0.00509022989790342
0.00119445842286758
-0.0139405022484294
-0.00921985734459607
-0.00761111043787732
-0.00524571193699774
-0.00779084986732137
0.0251750470697782
0.00830753404064666
-0.0119151147034948
0.00481249788640437
0.00100646703642226
-0.01360107865227
0.00811431288326414
-0.00160950746152899
0.00349825938319093
0.00417974405241672
0.0264916663571118
0.0055746298270547
0.0134347026877544
0.0106629954944166
0.00768574494504382
-0.00235650381227259
0.0181358366433066
0.00472755189888385
-0.0118205310931172
-0.00628472017303139
0.00241589873706882
-0.00369411678121701
0.0103895551712148
0.0845492659410132
-0.014208038940831
0.00108240504311219
-0.0130428326536558
0.0154689178752809
0.00390452090568605
0.009730407967246
-0.00387061225204377
-0.0391386979531356
-0.00735012578409489
0.00770599121516558
0.00724374530713856
0.0102377301102301
-0.0132273453822309
0.0162757193314969
-0.0260495023182141
-0.0264984988174621
-0.00865416559706667
0.0110584977088788
0.00413332389692211
0.0061937796854572
0.0358185503252226
-0.0181157147030264
-0.0183516609928356
-0.00479374064688809
0.0136887539656678
-0.0054089967119948
-0.0159889756875859
-0.00734047750529054
0.00755340915645508
-0.0170187585156363
-0.00188407504821519
0.00534900500638358
-0.0106862721040955
-0.00134270763886057
0.0267896626683841
0.0146008627547598
0.000201908389071193
0.0156648712660212
-0.014404784851509
-0.00934043970779275
0.0348923748624639
-0.00362601702626897
0.00397181262187551
0.0114223922410792
-0.0100366350889454
0.00280519523444767
0.0158217964461338
-0.014350492769756
-0.00218594861509214
-0.0181789379501938
0.0141858716638632
0.0132847516884125
-0.00323675336570073
0.00979046254980354
0.00753701309567489
-0.000129640531740804
-0.0180151323566946
-0.0179065759565979
0.0126220233942744
-0.0453336001284086
0.0120963139678878
-0.00615506856430859
0.0143181516110866
-0.0265022530104408
0.00624445453915623
-0.00159989594571819
-0.00262656690471896
-0.0115240076320227
0.0133579072481576
0.00340163566923124
-0.0162365762928287
-0.0255950967458682
0.00980694356422518
-0.00516999897478421
-0.00597832935754461
-0.00201339864573402
0.00436356089736911
-0.00326989344838413
0.0130696009386728
0.0116130852716356
-0.0423772408335692
-0.00639822514785493
0.0102819899542785
-0.021444611130768
-0.00713334788104891
0.00751562940000916
0.00049964807011893
0.00362289727400888
0.0187307500645852
0.0091607112438794
-0.0192073417799454
0.000562456017238588
-0.00684536799513769
-0.00281383612952002
0.000747600669525283
-0.0106614745883746
0.00423520223746543
0.0176618549768808
0.000833088237996549
-0.0140730266955478
0.00835488390234396
0.0129256349875559
0.0037505486181999
0.0185227539616353
-0.0181396175566437
0.0063078816620834
-0.00675780574368545
0.00287377268483446
0.00319999226687351
0.011437865084595
0.00216430166264647
-0.00969209166928486
-0.0109596703161943
0.00185946674437254
0.0109540975201181
0.0194434477333756
0.0117763680900191
-0.00174089321725557
0.0120403299692553
-0.0127851555426854
0.00814075137825743
0.00359012292395811
0.0035146884670576
0.00643227244167122
-0.000426565598234951
0.0154722382228876
-0.0122350650032157
0.00259034626399757
-0.0190391304713069
-0.00212763203189326
0.0141260027326826
-0.000239859849014756
0.0140217707371022
0.013314204135435
-0.0147098555624359
0.000340229555368943
0.00575774103622706
0.00618878227122721
0.0170664431781669
-0.00270256805109614
0.0150856884470265
0.0138670708737125
0.00200436144205618
0.0048352248822976
0.00185522729865006
-0.0105856081835611
0.00432142637315724
0.0123146321098107
-0.000988091770030231
-0.0121933332962927
-0.00110513155362213
-0.00796163984893017
-0.00368351339392259
0.00227951039863949
0.00219100720745047
-0.011325701137892
0.0142221101322191
-0.00995578067573533
-0.000499288422755484
-0.0103439179422047
-0.0137503507161254
0.000656276500215824
0.0139258280749095
-0.0114567441971465
0.0413897587437333
-0.00431593473331393
0.00708497982980116
0.00271920968388528
-0.00728390548045876
0.0076968892771605
0.025056428664251
-0.0140505598384939
0.0201941865537405
0.00524573756180668
0.0187009628498789
-0.00913126907193984
-0.0102391513761093
-0.0116677203766997
0.0223874125200449
0.00648236099353383
0.00746167934208497
-0.0271300339417193
0.00531706582129754
-0.00577462736695811
-0.0066050449207129
0.0217898258255165
0.0295491043476277
-0.00904702234797394
-0.0151275149156724
-0.001805166460362
0.0173336788085097
-0.015745539556157
-0.00185134879481819
-0.00916050531622847
-0.000916653477602836
0.00698114777529035
-0.0193846506350708
-0.02948052654531
-0.00305278789277263
-0.0124009402656666
0.0138056238458812
-0.00503733187110988
-0.0136446390238723
-0.0143116826051264
0.000620027608354334
-0.00163437178378611
-0.00984321763250584
-0.00553538102845863
0.021654393342069
0.0119609029329926
-0.0110844023421883
0.0438017715179901
-0.00276661874913486
0.00759007954620206
-0.00309993809317088
-0.000357613826602154
-0.0304467397453356
0.00649414848465568
-0.0220856445884774
0.012215868060597
0.0103588906153167
-0.0137233126222078
0.0369493278589035
0.00257738813828023
0.0110061119504792
-0.000614952983467809
-0.0246612704581874
0.00124423404517771
-0.00020246476482999
0.0241624808241214
-0.0233090528554918
-0.00861951272875583
0.0178443724326804
0.00232213749719801
-0.0171258047274891
0.0445552903363353
-0.00502330061113465
0.00827114634814485
0.0198703698596603
0.0137049211137219
-0.0195359714444727
0.0161967622003614
0.00360576088551223
-0.0144446222195569
-0.00450163983066698
-0.00562113651535245
-0.00877192329470056
0.0221937044622358
-0.0269456740691414
-0.0154645726537774
-0.024983737678923
0.0143461815681274
0.0265912503815411
-0.0261533185409464
0.0236135800918529
0.00238585532131541
-0.00363280439936275
0.0166286674202061
-0.000782187901651632
0.0143538724571828
-0.00144336801399714
-0.0148874636442615
0.0243674061272117
-0.0154490431772603
0.0277317077603207
-0.0041768956238748
0.000669953502907106
-0.00987521517619072
-0.005976242988881
0.0213289376177856
-0.0184834154118221
0.00643821887685458
0.0120352830088786
-0.0104048593515813
-0.00612530589509053
0.0122976692515504
-0.00364508025721744
-0.000200932536269072
-0.0112489362459947
0.0121772430265388
-0.0214384611275884
0.00436374567158371
0.00247677948382563
-0.0118281067515316
-0.00481493194726568
-0.00374770569253169
0.00451855665411216
-0.00386222102139211
-0.00685476679801589
0.00672301798294317
-0.00752834619420817
-0.0328155837452568
-0.00992110150636982
-0.0143105382861419
-0.00268851454871566
0.000520340425522292
0.00042180580024187
-0.00499892501189247
0.0111410628801991
-0.018326734318193
0.00812154454750402
0.010714785074887
-0.0139423261855844
-0.00761950950732704
-0.00830685735185455
0.00617830670188546
0.0244627822043508
0.00123932277228089
0.00773201835603032
0.173272241531737
0.00130606517973408
0.00188374999767582
0.00837175060467299
-0.0277645235948318
0.00750146364272553
0.0110177755651062
-0.00217518231892289
-0.0291614429777249
-0.00225143354640789
0.0199378303486046
0.000831395577215233
-0.00336745837289243
-0.00164439003439654
-0.0132553594110103
-0.0193835180796613
-0.000495361008014505
0.00793246970017858
0.00961630953591186
0.0100547553982535
0.0246328906665392
0.0214681191624262
-0.0139882858133431
0.00608111590837535
-0.000898892975359722
0.0532462747044127
-0.000577336933007544
-0.0140438839476031
-0.000516913039476208
0.0370933462699909
0.016950063743856
-0.0127332720480355
0.0122096381039158
-0.0131210082090325
-0.00176957481977169
0.00869070365810387
0.0054656280455907
0.00168905869108738
0.0131348851442015
0.00566242410211082
-0.0104296003281279
0.0132392380461184
0.00442863674182625
-0.00714645660550417
0.00242779112571068
0.0185594217253096
-0.0113466671581648
-0.0275298226775504
-0.00145646182050196
-0.0223617119348933
0.000836184870522949
8.69747179388369e-05
0.0111131760175116
0.0238748399743853
0.00357668331376804
-0.00618785832632707
-0.0121216575712575
-0.0176732615109456
-0.0259235387690566
0.00411224599919091
0.00912273592571644
-0.028117751477402
-0.00505293053878297
-0.0157494579311876
0.0139320157386464
-0.0154809984162148
-0.00658522352332724
0.00941902191095512
0.0198894162976568
0.0074060141248955
0.00211329281904415
-0.020121746421764
0.0340578216318752
-0.00191490771416358
0.00957930580042454
0.001574873995704
-0.0179085851626013
0.0242694284424632
0.0176507795028442
0.00379372165966529
-0.0230968626356676
0.00398763536320068
0.00429709100999975
0.0135542162422366
-0.0174965547657813
0.0114193792961865
0.0082728708523172
0.00164358719491897
-0.00640398530090369
0.0216509119478046
0.0159798164024947
-2.34554440803336e-05
0.0183391908999102
-0.00779349504593618
0.00830595496030817
-0.00903383794180357
-0.011310769172673
-0.0221648192027901
-0.0111456741052134
-0.00639758303010751
0.0207709358581907
-0.00118870067038213
0.00100285270360612
0.0328803667180235
-0.021310200651719
-0.018646301254444
0.00146348285001796
0.000646851286639105
-0.0196339294063002
0.000831417098226872
-0.00937124101066722
0.0176849303379107
-0.00394746711466354
0.00255013142742566
-0.00581330043701289
-0.0176440522861512
-0.0211082678087946
0.00569148030651334
0.00660244691478518
-0.012003764667238
-0.0443222344379901
-0.000859555022545422
-0.00513026837929509
-0.00428386263268887
-0.0296738484146672
-0.0120214351956154
0.0141352870176927
0.0273782427419134
-0.0100813001249076
0.00738618684827497
0.00513670962241264
-0.014072379941295
-0.00803147085693734
0.0226711738376517
-0.00347869801947276
0.0101806957603543
-0.00297821644810803
-0.017160450172315
0.0320976765085055
-0.00904840917693228
0.0027883632103034
0.010336058202288
-0.000944984452410758
-0.00502660998933546
-0.0116004879364544
0.00122839153743559
-0.00530648143322754
0.0163667603377302
0.00950348244441734
-0.0038631546154253
0.0106039828934046
0.0122538886408083
0.000319912747315243
0.0285413203727627
0.00465836586951163
0.0382402348903232
-0.0187618868796591
-0.000340772592538841
0.00161134843933564
0.00579156413204984
-0.0163301217125147
-0.0211894963326884
-0.0085537309240582
0.0153503987343058
0.0125167396136225
-0.00501361024128411
-0.00260301662394902
0.0151176225595533
-0.00734363522506509
0.0250178385936195
0.0152424166061058
0.00792336750565514
0.0232515864831049
0.00428173598901971
-0.00837952109062812
0.00548952431078931
-0.0197537876640581
0.019789738018237
0.0172844028669425
0.0126647909699962
-0.00283722998385816
0.03313644853068
0.0041863880437667
-0.00911047541788346
-0.00511421436805826
0.00547007328751903
-0.00184918277968293
-0.00308174215064128
-0.0175338587316656
-0.00215498051529028
0.0274144594072956
0.00494856428593682
-0.00943333834503157
-0.00309627619084907
-0.00860214744759169
-0.00467218880194764
0.0134934397914312
-0.0110689295980535
0.0343546986988317
0.00470954388064282
-0.00114500871523404
-0.000977730664554421
0.0158085775375412
0.0044513035174587
-0.00263573715615717
-0.0120372114290719
-0.0104027232001549
0.0169629899041803
0.0289882450330481
-0.00959224235124889
0.0169617281399654
-0.00622733568912448
-0.0116428222834291
0.00715862707123538
-0.011175246061911
-0.00275807699830999
-0.0130403543905659
0.000186796049032267
-0.00135736567393074
-0.00440997555863465
-0.00526813092643863
0.0118000288234601
0.000205143645621852
0.00294128040264585
-0.00272929561190693
-0.00967563742409627
-0.0153515693845669
0.0192192659636667
-0.00173503834026523
0.0172084734115892
-0.00527136170862796
-0.012426023540379
-0.00223757248599021
-0.0104274899696923
0.00927266303834529
0.0292092883343589
-0.0026817238178003
0.00406655746626061
-0.0178311625682932
0.0054533921222264
-0.00108167032796835
-0.0166495702028762
-0.0161373016424777
-0.0230631440872333
-0.00634297513942617
0.0159457688637872
0.00263063212204173
-0.0242642417001937
-0.0199890234243654
0.0321639936944003
0.00577454214275974
-0.00122186983216377
0.012829815172446
-0.0133741749769047
-0.00278062668646584
0.0172315437976724
-0.00342323720686188
-0.0039265536702997
0.0162141833529965
-0.00832518973101148
-0.00342090772214654
0.00457438573466984
0.00137647927332996
-0.0119959370536904
0.00853078602242707
-0.0122544290983102
0.0320507297705293
0.0117333853752069
-0.029657526780464
0.0100933697031644
-0.004416141544894
-0.0141077345919003
-0.000593651823781904
-0.0122405288692553
0.00138923127343293
-0.0104169159221073
-0.0126197353502828
-0.0372746361843346
0.0117620953292432
-0.00857803022605186
-0.00737784129241881
-0.0193981153955711
-0.0289920378175044
-0.0368387974290529
-0.013106016927324
-0.00413513680238253
-3.37351467960545e-05
-0.00570878221372251
0.00762324588745678
-0.0335387275900079
-0.0162121087503211
0.000515877985700186
0.0301304389973795
-4.14550699341376e-05
0.0164906924580741
-0.00890469165465024
0.00635860541822719
0.00376761689660032
-0.00698420103387765
-0.00118353822337625
-0.00629232889562381
-0.00709658397860569
-0.0149399361905234
0.00530421216571497
-0.00276189923120196
0.00927369357257302
0.0251699362773428
0.0151617304061284
0.000647393464436874
-0.0062599288396461
0.0119322923684226
-0.006921029005305
0.00826832246852582
-0.00257003201542982
0.0054363401678561
-0.0212790237684111
-0.00771123134929041
0.000648090482997077
-0.00949908988953396
0.00282318305649909
0.00039178865750511
-0.00287751829767302
-0.00241164435952612
-0.00683486788330345
-0.00989374218408834
-0.00257375327105613
-0.00620281967565184
0.00168486829686287
0.00415301682009961
-0.0172092822211019
-0.0187133394956902
0.0155522222370621
0.00221532108827827
-0.0046668896250468
-0.0351285724650872
-0.0037443051961521
-0.00469835848997135
-0.00328456845405878
-0.0028543211743326
0.0113559559197203
-0.00547050626789058
0.00078204439549534
-0.0106387654276965
-0.00264595954686708
-0.032906157149462
-0.00701303015829158
0.0253572939847064
-0.00837289650174622
0.0123173603773088
0.00852026531794348
-0.00280005268507644
0.00332323005999857
0.00177224048126057
0.00626174111147915
-0.0147596648476798
0.0017491328710344
0.00455245999836773
0.00913515285723143
0.0125207806298651
-0.023927297117984
-0.0101790125719985
-0.0175781770062207
-0.00347717085527499
0.010443297344338
-0.0131203959334734
0.00705014864418452
-0.004266030145188
0.00723980380229428
-0.00902576568280722
0.0129911615802332
0.00455770774376152
0.0147956859047467
0.00975622532682952
0.00905473484239927
-0.000470739358891414
0.0131334359727147
0.00125881289826513
0.00734894529324137
-0.0019220705138201
-0.0105552882906519
0.00799792659265375
-0.0247554572054378
0.000213440863973346
0.00290547151111031
-0.0107230531181601
0.0252022019197726
-0.00445774223727646
-0.0119978783382511
-2.20387748388617e-05
-0.0121695257187691
-0.00992004987222472
0.00461347299644466
-0.0162884414241757
0.0171873150675248
-0.0183654869071974
0.000663588580432695
0.00257519799143058
-0.00245838816741184
0.025082020464902
-0.0119604802961781
0.00497897047622331
0.0113256537160247
-0.0109469897269223
-0.000285684655752405
-0.0210506934814276
-0.00379637098647656
0.0091237564564528
-0.0063531731129336
0.0143796398582099
0.00551439810637433
-0.0039850154744272
0.00243374782058137
-0.00750113122409779
-0.00367014378535835
0.00609359335349868
0.0195089492962923
-0.030201809407421
0.00515333537861817
-0.00721570061323629
0.00808153510121912
0.0214779626238393
-0.0131163760065309
-0.00209836687173848
-0.0100368150919028
0.00507438512856773
0.0101247400556099
0.014928672316195
-0.01528366217038
0.00301753224322976
0.0122853739585933
-0.0140529286090407
-0.00896577568026657
0.0286223022429546
-0.0183741464663667
-0.0307531276663999
-0.00164742693310327
0.0376408968257067
0.0176131414249738
0.007643466201813
-0.0292627831809895
0.0294658587038548
0.00413050890068334
-0.0246180062412122
-0.00386740624422544
-0.00368740837712789
-0.00373431773634536
-0.000212530407782907
-0.0058294617475747
-0.00382621563073826
-0.000439873154960857
-0.0348058549110206
0.0110324661053527
-0.0186210252912815
0.0284149197460337
-0.00539102070441455
-0.00587954512506617
0.00143590421020523
-0.000646550898523834
-0.0218945270739486
-0.0088579679111227
-0.00750469685619048
-0.00440943531611904
0.00508638375915371
-0.00964050885269074
0.00547687648109818
-0.00866482563643167
-0.0162033834811028
-0.0198326118636647
-0.029209364054255
0.00311983847881603
-0.0016648467518392
-0.00478860350244847
0.0126748468044156
0.0183341467068034
-0.00837786996313294
-0.000674227942077721
0.0105077802877949
0.0016242423137145
-0.00762006617764222
-0.00491741383572908
-0.00969284662612679
0.00270328873296233
-0.00319181532737378
0.0349416049452413
-0.0290517022399106
0.0192632162709501
0.0131514880657928
-0.0160956033080923
-0.00933356291384424
-0.0185592352299331
-0.0139769046351139
-0.00769441700796225
0.0283680175693535
0.000298495448935121
-0.0004352030795296
-0.0352389390694068
0.0100159290997484
-0.0100329158097008
0.0020048598443605
3.00390916443405e-05
-0.00151050547758391
0.020326859401731
0.00269725354577943
-0.0118526787436455
-0.0134432608688062
-0.00667776931079
-0.000497517554854277
0.00468129048619659
0.0157977498294208
-0.00386909573345662
-0.000191358675747821
0.0110574328488369
0.00860846819617489
0.0160822173421149
0.0227755599677311
0.0395601699381691
0.0048281206265024
0.000414087912695038
-0.000825962539774849
-0.0284363401717016
0.00342936143715722
-0.0174781977983631
0.0166845683505894
0.00604534621285602
0.0189956254595787
0.0167878917749098
-0.0235332467290919
0.0142523158429739
-0.0076171000213785
0.0325133185014872
-0.00372973013346467
0.0037209118559991
0.00454298885520821
0.0280402963716488
0.013445728519029
-0.00017693014666964
0.00527576028261834
-0.00852231934741177
-0.0115561300854434
0.00307280106418784
-0.0113925110312154
-0.00759303043469561
0.00744000617910689
-0.0138416478747718
0.00193876553986261
0.00378105336834533
-0.00462655249922594
-0.00321341913751283
0.0140530305656457
-0.00584640747752374
0.0116555957604305
-0.0134497361496946
-0.0126774556009215
-0.0140332393773583
-0.0263776374264815
-0.015675048628264
0.00397497037229844
-0.00983433012555501
0.00720586960899627
-0.00935521306190257
0.0060750980445432
-0.00395961770668141
0.00419320452858063
0.0083026339565393
-0.0233142536679702
-0.014889260347263
0.00475525115011255
-0.00777940997898696
-0.0307547223459368
-0.00416244766538387
0.00491018041177238
0.0206952171783552
-0.0160336480041625
-0.0172799792402438
-0.0105620638513235
0.0133784160923476
0.000300537314815941
0.018621306183034
-0.017067956131255
-0.00704279553375731
-0.0114082020730368
-0.00468981546080904
0.0128077289675019
-0.0120126174401474
-0.0013736825989259
-0.0151986719283022
0.0359270748799556
0.00122111540744552
0.0160135911376464
-0.0090139170301704
0.00607911907246184
-0.0026878355683646
-0.0140984071619119
-0.0072175930170344
0.00426631945294975
-0.0250274959369721
-0.0112302316692849
-0.0330072692865393
-0.00675056654742612
-0.0243048115777906
-0.00291092868820719
-0.00348740148470306
-0.0107459016490941
-0.00465734549717745
-0.0104495717470545
0.00109804685252435
0.00558785933657102
0.035412820041798
0.00169119158855935
-0.0138427711218476
0.000606304939871016
0.0163225084791137
-0.0145886698501707
0.0126421901217464
0.0103639221497618
0.00862070798075987
0.0630336706088253
-0.010267289651626
-0.00955867246616826
0.0243831044166845
-0.000635110084422408
-0.0158089288747592
0.00846901697066471
0.0149570355478312
0.021150847218335
0.0198504751738389
0.00657227782918568
0.00678774680631555
-0.00577720434181117
-0.0139221947109531
-0.0130974326752709
0.0231823530237438
0.0203063094345461
-0.0235550232318413
-0.0124460236751975
-0.00129644908725091
0.0134965231887101
4.62489444483793e-05
-0.00176408658535721
-0.0120540119840031
-0.02138890160382
-0.00490717885623226
0.00339086349237849
-0.00762600643983991
-0.0217181628802852
0.00937136008131656
0.0129887951874075
-0.00422025635535128
-0.0006490553808991
0.0114915851865058
-0.0096261815295442
0.0472162000139065
-0.0260944583975888
0.013997857851586
-0.0113891492565577
0.00936309275565517
0.0363947615174505
0.00760315377536624
-0.0310057225526839
0.00699516649604615
0.00318689762258817
0.0028985376069981
-0.00491030240897672
0.0128422947160152
-0.0182369385356171
0.0086028585773299
0.00979746386950264
-0.00273112212247995
0.00783343329249497
0.0148716430437998
-0.0117115658406597
-0.0161904953134142
-0.00360918697656309
-0.0161502064919627
-0.000793749448717129
-0.00184747145937703
0.00721979751758628
0.0119355383512865
0.00463072974672851
0.00533626738774462
-0.0129549211042495
-0.00942841866526134
-0.0233090774979434
-0.0105684160467145
-0.0135856646722488
0.00885744860523996
0.00754854342723199
0.0167645942574417
0.00493780190046067
0.0238158619573925
0.0130249303505963
-0.00267231519991906
0.00326894623416951
-0.00368554196601956
-0.0285744705509776
-0.000193155813941637
0.00162587119485558
0.00544628070343478
0.00128817523081981
0.0102567333704373
0.00254066436943834
0.014663479520598
-0.0274233852508896
0.0146910977867005
-0.0134975484524826
0.00111565328347307
0.00296260014350036
-0.0138167047749667
0.0087027658857286
-0.0167131898665174
-0.0226018364313285
0.0498558313466733
0.000564356180836612
0.00676642086525003
0.00143187247835019
0.0126682777125895
-0.0139059249263545
0.0119639884537923
-0.0181886251461174
0.00686344388452031
0.0114442128471639
0.00879282474684118
-0.00767922307244095
-0.0113928822285958
0.0178877681411214
-0.00539521941820187
-0.00192398547125006
-0.00669850475900713
-0.00556920175383091
-0.00289098865163773
-0.023817230937639
0.0228014798381464
-0.00888918840215425
-2.10870348569259e-05
0.0067073169955556
0.00699899530726888
0.00563307324629925
-0.00687575644402028
-0.013885448090794
0.00558677987746048
0.0119128767005039
-0.00959208823425595
0.0069279836949292
-0.00748750448021251
0.0161764144051979
0.0203110213895092
-0.000223682508010192
0.0013685460127304
-0.00517710724988518
0.00444546963669712
-0.00756179301523829
-0.00196606590096238
-0.021436505653825
-0.0211618044504363
0.00296857833367348
0.00981004887026238
-0.0219515756372299
-0.0239067516758187
0.0328135517031507
0.0306525523972665
-0.0082298821576865
0.0131878073123604
0.000628012029720182
-0.0028774698590075
-0.0143107991126872
-0.00510138410835026
-0.00648767370906
0.0104600014252645
0.00782119247335622
-0.00259185396839978
0.00607088807184031
0.0104648345673111
0.0336563045326965
0.0292430657548755
0.0243013916426165
0.0233698069924921
-0.0076020138155366
0.000450348865505212
0.0177166745387929
-0.00214710761994841
-0.00552487440692673
0.00461777471352143
0.0163707491098766
-0.0216796023944257
0.0206301594670553
-0.00401313312246199
0.00881555958477076
0.0023530010054964
0.0225618697607697
0.00109379632673168
-0.0125835960642782
0.0222070768693543
-0.0248674461588765
0.0260748866049951
0.00423591467250262
-0.00624330053659428
0.00462796144210653
0.0198649624912113
-0.0198916957040085
0.00914976867530637
0.0118563230205524
0.00392981431181916
-0.00517630325506158
0.0132551681878512
-0.00121255242114593
0.00530531840559689
-0.0297614472746766
-0.0119098678877592
-0.0151835262047673
0.00761109749563804
-0.00365657927586138
-0.0232004423467931
0.00281447885049779
0.0211193681052846
-0.000586778281936873
0.0270200571952861
-0.00292265056792829
-0.00825670341731932
0.00232923125194517
-0.00335755093974743
0.0163392146348817
-0.00747641114966768
-0.0014211233168222
0.0115890776147536
-0.0101763775020247
0.00507219013701121
0.0168754630824868
0.00145565265576675
0.00862271460620789
-0.00477186012742603
0.00291377292529305
0.0119300107311195
-0.00105232719391513
0.00553860480943946
0.00376088915471939
-0.00324932346090012
0.0118639754789411
0.0136483280460364
-0.0173156842604296
-0.0170984566924339
-0.0121245392741347
0.00424355814600297
-0.0101134442082911
0.00214666132282915
0.00686707134198894
-0.00851789635398248
0.00366343461270269
-0.0181676002863682
-0.00713391637749083
0.00740751767085612
0.0195440560914166
0.0133685628784166
0.00566901533518216
-0.00311054313665071
0.00815098251968216
-0.00416588956644404
0.00543313803236156
0.000556565657338304
-0.00769939659705976
0.0108341010752229
0.0144802288494912
-0.0317644569458109
0.0193380021170961
-0.00947105843131446
-0.00253167137908239
-0.0117986976642834
-0.0148399739395737
-0.00113197455323366
0.00763154008031108
-0.0132688387544331
-0.0185040956534346
0.00507645886499386
0.00818484683715948
0.00190815632450825
-0.0141018690715251
-0.00350864924991967
-0.00887748796797627
-0.019566049262739
0.0205614568559129
-0.00832674477830331
-0.00312962701468322
-0.00415842457331905
-0.0166746252894763
-0.0349406249094253
-0.0267670383758496
-0.02179599722096
0.01089182597432
0.00383072019927333
-0.00420572873065428
-0.00618076628470021
-0.0180991601142431
0.00666888540924671
0.00953998160024039
0.0040243930173629
0.00781684290418383
-0.00618050270307258
-0.0196305249266491
0.034589899679581
-0.0123342852188779
0.000771902080910714
-0.0102603099690386
0.00283702056119317
-0.00620939794324649
-0.0204249389013285
0.0118421056045701
0.00329502056387998
-0.00868623713119643
-0.00979944642089503
-0.0283993407085736
-0.00651376280520832
-0.00626576047351168
0.0398180508725696
-0.00145823296977721
0.00619649227792074
0.0254219858538365
0.0220261976993319
-0.00158508003547286
-0.0166088301286607
0.00492681309133314
-0.0138071201404202
-0.00669274585245905
-0.0258638147549295
-0.0182452642972102
0.0129459850740981
0.0129645145506201
-0.00737441325719868
0.0089864615887798
-0.00547074710518203
-0.00538244215804795
0.00439918989722532
-0.0216642687361022
-0.00495584413240024
-0.00995411939971547
-0.0138037764287127
-0.01752876298782
-0.013301065470432
-0.0114502645353758
0.00338767707534249
-0.00479621522915163
-0.0100825998069842
0.0118034382731418
-0.00158214261969025
-2.62272422570931e-05
0.00523828999044618
-0.0285806648968308
-0.0137404724952965
0.010463605942606
0.0274879057777859
0.00598845893089806
0.00445753278617378
-0.0119033223730494
0.00567049295808975
-0.000840147298738714
-0.0201553048111247
-0.00736991719635238
0.0182878857641899
0.00935797979353215
0.0119215449751673
-0.00230047195969796
-0.00568797417257549
-0.00656672940271807
-0.00984834166248127
0.00451622511649408
0.00706848309897889
-0.0225189590666464
-0.00441284892581972
-0.00814867524532659
0.0241515230929483
-0.0170225811295586
-0.00126096791875341
-0.000310117141015809
-0.00412547324300494
0.00679639039958424
-0.0016998428188213
0.00159280231800185
-0.00365754739416513
-0.00932223942162391
-0.00419015906515252
-0.00323036128406962
0.0067889158742318
0.0199294334609901
-0.0172547412888182
-0.00261610957193792
0.011096724593596
0.00269667310952393
-0.00882810527010136
-0.0181616930422397
0.011621185214536
-0.0008112233390003
-0.00497014507091986
0.0134421499506043
-0.00746259693707518
-0.010080825634657
0.0102703630104157
-0.0286932171501402
-0.00723925469454834
-0.00426820344628975
-0.00767164148550226
-0.00637929913741253
-0.00264107344588016
0.00846987193313709
0.00312047504103496
0.00851317132050156
-0.00147788399260573
-0.0237450460584387
-0.00174433400627461
-0.0184495383603354
-0.00504387728395006
0.012510603272494
0.0176345646666354
0.00136237879739376
0.000752711593353439
0.0236523226703964
-0.0117139528467529
-0.0258463120402537
-0.0146138712893267
0.0146271972191148
0.0130509513435921
-0.0136467196107208
-0.0262291319450094
0.00113174775625158
0.00455229565755477
-0.0122281499806212
0.0217260142917191
0.0366416296342731
0.0302598681407797
0.00710598275695595
-0.00247487467412633
-0.0121707371032338
0.00797082411648198
0.010585738879092
0.00138025308954592
0.00545777226041011
0.0106534033709602
-0.0149149692715316
-0.0176293378949497
-0.0152858096810338
0.0139797702223863
-0.00712218882592808
0.0196151318081395
-0.00589182172090652
0.0125430981782637
-0.00420298674721131
0.0119126276950219
-0.010164734876712
0.0253363602606917
0.0082595419349083
0.0177368939657976
0.00118572573363185
0.0250894065965461
-0.00165742480711017
-0.0200579253274924
-0.013182902517558
-0.0379865124013232
0.0129381992070714
-0.00554987401059481
0.00716600408265311
-0.0141031259306006
0.00527672200059737
-0.00397010445491919
-0.00655260109827616
-0.0194736916083302
-0.0194990247826476
-0.0255626929375419
-0.00725558554632322
0.0212867965904344
-0.00139232775694786
-0.00572844057092414
-0.0292268581069166
0.0174250050068174
-0.00887561353006472
-0.0213259624550926
-0.0152677886451293
-0.000789088983447428
-0.0020247196707972
0.00345123835423511
0.00455581180599474
-0.0161607974674407
-0.00663233535124697
0.0114010308132491
-0.00590249385180908
0.00176084344062577
0.0132285124847114
-0.0210839185960667
-0.0183250355302489
0.0170173895916248
0.017560674333569
0.00126972025203287
-0.012722312693171
-0.0186752981979774
-0.00469530447166822
-0.00730347385628338
-0.000996628110440767
-0.0215617535516994
0.00844374806558346
-0.00340307910726523
0.00579598495156475
0.0254043050152486
-0.0246758533666425
0.0196043512924904
0.0222831263162986
0.019932771085946
0.0105819240811273
0.023323733842477
0.00651006714908142
-0.0070863748322223
0.0151284540509788
-0.0153394390941779
0.00447178573331364
-0.0057668522956531
0.019903806947104
-0.0145250052619845
0.0136474231597496
-0.0119807653449575
-0.0105573316622847
-0.00648171864022284
-0.000967413363664349
0.0126939023915931
-0.0135850641855111
-0.0047872439854526
0.0135716624267435
-0.00501853805848551
0.00199777170639681
-0.0132997526429586
-0.0162137324366913
0.0170843527381717
-0.010044011229752
0.00673026877539229
0.00119708176857536
-0.013768403684205
0.00134789152422776
-0.00119233181439871
-0.0310714410654729
0.0131971749563871
0.0198426950484256
-0.0176373982847187
0.00364267943404428
-0.021735210885093
-0.0100149002530774
0.00135039845886364
0.0143205816429912
-0.0163358385038137
0.00500929142286743
0.00183627274341713
-0.0522861263372461
0.0190399486396968
-0.00989547117835254
-0.0302543091454934
0.00724572297637138
-0.00112693954709897
-0.0250874058320782
-0.00421284010597134
0.0110167027378605
-0.0305787798714325
-0.00512989058407598
-0.009278547368055
-0.00554336658555954
-0.0214776124894307
-0.0233035957090095
0.0145682122173048
-0.00064411024926958
-0.0165171834679514
-0.023539258848527
-0.0199228616025602
0.0210517509692112
-0.0053131330790066
-0.0114849126641499
-0.0205986406929002
0.04501546890463
-0.016775305140782
-0.031793988111211
0.0237000340163984
-0.0275040035922123
0.00465204651447237
-0.00743905170773562
0.00992990020115148
-0.00389003458780746
-0.00943217706257116
-0.0232514072465753
-0.0243936801418201
-0.0374807556831547
0.05169871081194
-0.00225349913155881
-0.0141967510706769
-0.0106833848222259
0.0105367993565864
-0.00966620801134166
0.00383030309740562
-0.0232998361802395
-0.0115551076016329
-0.0162719767997492
0.0139962765048942
-0.00902315394245079
-0.0211440900364126
-0.0220876191639068
-0.0213035109841453
-0.00652692532630628
0.00622103742854119
0.0104834878181181
-0.00124195676616967
0.0149154675227958
0.000930554890829605
-0.00382102294472286
-0.0164574016912233
-0.0161377437951868
-0.0128339635706238
-0.00435128818039665
-0.00388468575575107
0.0244688281027878
-0.0231650537393078
4.50863514132038e-05
-0.00771635640263035
-0.032487414587564
-0.0154963900275238
0.00471922612957787
0.0154772548086308
-0.00985805804995366
0.00299945497469523
-0.00542763557933412
-0.000660265720023645
0.00759360639969398
0.0127868772933057
0.0106498772700441
-0.00634446326431171
0.00269069804919742
0.00656622314952848
-0.0213677625121695
0.0348365840884162
0.0245390329721022
0.0219693916907895
-0.0252988531221376
0.023037997694435
0.00501682244515589
-0.00399859654736723
-0.02659630704746
-0.0190996303490083
-0.0241920562479221
0.00739644237285564
-0.034415215834537
-0.00686317853419904
0.0108640912620519
-0.00206117779466819
-0.0205335141274317
0.00114081441324565
0.00875596555106384
-0.000190903007612597
-0.0222901356210974
0.00481669869703794
0.00316895972208453
0.00366166575735427
-0.00865876093509677
-0.0191685369977659
-0.0202377952213331
0.00546101300940638
-0.00162633028313497
0.0163093565520978
0.0314895527233281
-0.000519458455850774
-0.0178047451782923
-0.00908594125482853
-0.012416147304469
0.0106629626401054
-0.0159466654076459
-0.00471500479414111
-0.00116766291836967
0.0124010952002447
0.00248031865041654
0.0133013016534056
0.0059278124697153
-0.00782611064547023
0.0186799240822841
0.00458230356390832
0.0165595093833506
-0.0103342493482899
-0.00082786028262305
-0.00536921786608513
0.0101095219619234
-0.000180527010339659
0.00786106874576831
-0.00631961705388573
0.012772512312023
0.00112467526821192
0.0256892387566561
0.0341181109836146
-0.00917945073492454
-0.00268383253681481
0.0147742555251966
0.012358960302147
0.00095209036210786
0.0184288766459115
-0.00854725369196263
-0.00894972725482823
-0.0093653139449934
-0.0121186806299454
-0.00134995761408518
0.0160534753864772
0.00684647050236009
-0.00642887177344331
-0.00491770376783141
-0.00103701169762704
0.000375568382683156
-0.0169283745862838
-0.00576161114063378
0.00601385848727443
-0.00621542732930269
-0.00290672028438532
0.000757530556160013
-0.0548560599691665
-0.0116717844662544
-0.00901059826300532
-0.00492705808815064
-0.00885645361566478
-0.0234366628859926
-0.0154076771464364
-0.0186967443009447
