-0.0109424369366442
0.00599243915556791
-0.0102128780658184
0.00597701187130895
-0.0416727658329394
0.0122436409911586
0.009826174923103
-0.00884460046060287
0.00143706814989031
-0.00637242518990533
-0.0113684439584478
-0.0197605213135867
9.43103358226338e-05
-0.00890895488837806
-0.0163465478510032
-0.0296336527231258
0.0102417444909912
0.0161463549841789
-0.00615803014839145
-0.00763770888634507
0.00548918034198564
0.0110163407335042
-0.00113256003824702
-0.00411357009914592
0.0276366902426508
-0.018097123754818
-0.00798760216894401
-0.00247494937869597
-0.009707126903435
-0.00510746752002778
0.0198691818313037
0.0197553460619355
0.0101512762661713
-0.00177132475728925
-0.00107870222962081
0.0561205151911146
-0.0203015582214059
-0.0150592622885428
-0.00758350104834715
-0.00846093126587899
-0.00453872759268403
-0.00482211744011796
-0.0155741400899077
-0.00867704756226662
-0.0108197438058699
0.0273089593743228
0.0201640604297069
-0.00676185712084632
-0.00405233649414249
0.0105703565270403
0.00345153073887516
-0.00467713725993324
-0.0135943321530938
-0.00788197441252869
0.00446579408384373
0.0032167693652978
-0.0279042525624646
0.0110229802171791
0.0145385354385263
-0.00565416470117164
0.00762003456491556
-0.00224329451253791
0.00217509870079624
0.00108399680230686
0.00172806284016236
0.00450610541063323
-0.0107629276792709
0.010266305345759
0.00688173608328224
0.0106578723473989
-0.00631721843550359
-0.0184831472011133
-0.00176239419070967
0.0239459229038905
-0.00422682368369642
0.000174026232877544
0.00669754326509775
0.00748881221258291
-0.00938577410691099
-0.0176636671108277
-0.0124644557036175
0.0024160344861679
-0.00032475791789377
0.0017743750651098
0.0164748128630414
-0.00391466145805897
-0.0137451986301684
-0.0170585460929473
0.00118971081769725
-0.0143289805721718
-0.00764353693664255
-0.0087265374323966
0.00525589276470306
-0.00836980084852534
-0.00201607296870332
0.00969195424412916
-0.00922120411934824
0.0167402733446229
0.00803677406322123
-0.00167217461338698
-0.00338194262532543
0.0386923488029396
-0.00484222889032981
-0.000203530152489861
0.00904274431534713
0.00404894735640937
0.00961220327888501
-0.00237362656708839
0.0105992420078671
-0.0359092143131159
-0.0112385224417428
0.0111911509991103
0.00602945887727824
-0.00431197427925945
0.00550318444730902
2.18080322680336e-05
-0.00985543777258169
-0.0180717891172311
0.0166404503365651
-0.012138377865516
0.0151667052016364
0.0258563837650279
0.00160766374691779
-0.00331724181616089
0.0134775606478685
0.0207302171483859
0.0289421687173759
0.00536219558067597
-0.0147416377423033
-0.00871405010227644
0.0026602744076385
0.00129290482514755
0.00831008976838277
0.00192080512871673
0.00111277329092729
0.00781968626269336
0.00863858846200571
0.0108857605720241
0.00111621442126975
0.00456875422656022
0.0143277036213911
-0.0033726062915358
-0.00637461128359984
-0.0166312904757842
0.00179770959309256
-0.00874596098397351
0.0143920377203175
0.00737396762468912
-0.00400382070779148
0.00162615673333821
0.0136376860490621
-0.00159534450344978
0.00888097564117896
0.0223605485937775
0.00554073477790684
0.00408432605693498
0.0187387331257671
-0.0149542085850349
0.0115736591104971
-0.000257424317869237
-0.00130623761177695
0.00057383189456317
0.00194717192396165
0.00422460920375389
0.0264746377117762
-0.00242787912931508
-0.00805082206108576
-0.00838820448341693
-0.00671245454486158
0.000589631300396576
0.00603824578264245
0.00965755324243567
0.00618832260505542
-0.0156729958020998
0.00905894101897164
0.00420983085069082
-0.00671103606446799
-0.016792953124499
0.0122859839246967
0.00611668715211966
-0.0184380821378021
0.012409234842174
-6.85100319861576e-05
0.0222604398521646
0.0169926562819009
0.00761502341619202
-0.00658643825156346
-0.0110911844132495
0.00464857895019222
-0.0241431806195074
-0.0156487290596994
0.0243610091372899
-0.0109663913378863
0.0408986701473681
-0.00806300082428368
-0.00183283371052134
-0.0138420122374097
0.00490791494663068
0.000652966596539351
0.00724293826234046
-0.00626543868174334
-0.00370808564151837
0.0156690978406697
-0.00999085846020709
-0.00114219063300069
-0.0104787775363517
0.00792856046733803
-0.00123897903259884
-0.00832214594905167
-0.00951112586896308
0.000439991089085545
-0.00278613168123876
-0.0205997640572884
-0.0058801551379819
-0.00338440848392008
-0.0111275601671315
-0.000748748684906708
-0.00905498134607807
-0.0199949923934302
-0.00507773366159014
0.00408049819181056
-0.00117077845870917
0.00195369834991777
-0.0192617825267014
-0.0243231242533435
0.00297792490686088
-0.014751543306164
-0.0190465542588214
-0.00536242980589652
0.015705447948398
0.023904585106127
-0.000839330747425038
-0.0123892356950419
-0.0128666029485327
-0.0202102787936731
-0.0207835883612315
-0.0144391467814726
-0.00833969936491297
0.000863266719672851
-0.0170693672683777
-0.00666162884018284
-0.00251955382797231
-0.01285402930103
0.0166760273093089
-0.0122050175787978
-0.0129418623548885
0.0203232825769781
-0.0131132941314389
-0.00685832581667611
-0.0169844649197799
0.00375948421802885
0.00577204378702589
0.0202755622964155
0.0185486166165312
-0.0116895850939844
-0.0148430671866997
-0.00123341070650707
0.000543973412822751
0.0290510731353395
-0.0156775854295441
0.0110412150891657
-0.0177298146598286
0.00980754448856036
-6.76023267498493e-05
0.00885443041079981
-0.00041061858100111
0.0131516421684115
0.00151243915725985
0.0144864271896461
-0.00715373330369395
0.023106432843357
0.0327714899563336
0.0115017623750919
-0.00314064440715089
-0.00419071093519907
0.0106543965438242
0.00403085329687158
0.00719176151906709
0.00272158566783087
0.0168346676810582
-0.0130831709088595
0.0029737620151673
9.19764986635485e-05
-0.0181440377487281
0.000233677808886945
0.00305420990419414
-0.00843646564964029
0.00500857453142789
0.00255733495190213
0.0264176437083741
0.00534354771447809
0.0194015471507338
0.00616338385486337
0.00140820683651199
0.00462294915060735
0.00822238222427618
-0.00876009513729681
-0.00191722304620434
-0.00467242278708468
0.0218110073491165
-0.00155661177156752
0.00149620897273284
0.007222553432638
0.000506388318868289
-0.00760806853881757
0.00444274299389669
-0.00732761394624859
0.0180703872697432
0.01181728296232
0.0156155498075057
-0.0116054852672018
-0.00838264609094352
0.0425906249242933
-0.0219526154597416
0.0178971315576391
0.0121888151334355
0.00147271086432976
0.00225928444276491
0.00388804220338379
0.00132876213340083
-0.0141304273609446
-0.00177825437255219
-0.00445541990858089
-0.0196945197014768
-0.00383278669210529
-0.0130034330268352
-0.000970408205982487
0.00169265331148871
-0.0113572388173191
-0.0132654862185424
-0.00042463605347276
-0.0138010841714511
0.00848129901951555
0.00322562746245225
0.0137365615326992
0.00107499372883879
-0.0423801891001423
-0.0261847091850722
-0.00588004762967476
0.00217622289117347
-0.0253842252486143
-0.0125363102016101
-0.0143421626988909
-0.00115961222824179
0.0132850129792388
-0.00213320023467034
0.00423467646707643
0.000833937313116984
-0.0191425574293707
0.0087237625803942
-0.0104269951718825
-0.00682648991952739
-0.010286612692914
0.00359955033644344
0.00961779678226016
-0.0217361818440063
-0.00900875582735949
0.0089274272501827
0.00787406266932233
-0.00144815315245506
-0.0071209474877687
-0.000911351090844725
0.0292592837876944
0.00460475675247629
-0.00975411763524558
-0.00726528931290549
0.00937958841298769
0.01736305034518
0.00510647397130182
0.00150640470693553
-0.0070627544169124
0.0118059011325329
-0.00529459225438877
0.00988674266930811
0.00110992827155787
0.0183204056994803
0.00781406229758375
-0.00212406074048488
0.00474963623179914
0.00966256638109453
0.0155754505588819
0.00760345844647237
0.0101846124400975
0.0185837741834716
-0.00418731406313011
-0.0127833098523977
0.00448667222463417
0.00253060867842692
0.00249948555163915
0.0459123905397298
0.000100024831154677
-0.00777129182516489
-0.00315582887276733
-0.0119839786063372
0.0187727916458993
-0.00168936046952251
0.00427161987443192
-0.00753166588558418
-0.00749855456299109
-0.0138662217525827
0.0330591615380449
-0.00845089734496796
0.00384390607170015
0.00135019956698468
0.019224328211779
-0.00751445064009904
0.00974367889424954
0.00496570069983093
-0.0111503066382586
-0.00539093242787292
0.00225538993384156
0.0127966000142834
-0.0066213486660569
0.0066484963336233
0.0241808617955011
0.0168505317327652
-0.00637136005166106
0.00285112257513642
0.0136402361132468
0.0132035907504973
-0.010672508972096
-0.00962577214713534
0.0212970888387742
0.0158398928255004
0.00142456179073935
-0.0252323335450102
-0.000607174500452778
0.00830093340564009
-0.00328701470441306
0.0455305108960768
0.00303202411516157
-0.00157498315805515
0.00630575027184133
0.0118512464331149
0.00404202202295245
-0.0106914690949909
-0.00889873290888143
0.0149596525672528
-0.00430352479123464
0.000657957968020817
0.00822717160968978
0.00522363220667277
-0.0151629880147457
0.000444145334151713
-0.0170864376251894
-0.0013910428657411
-0.00568819595808012
0.0240367405323791
0.0358615282321058
-0.00317790112209781
-0.00626212118365466
-0.00565099275705094
0.0129292397264251
-0.0170014604173847
0.067228837735148
-0.0211002336340051
0.0173007435331209
0.0181529145118295
-0.00592512066162953
0.00617490702242041
0.0227117638885908
-0.0129326682326445
0.00595086591966076
-0.00660345983965716
-0.00905245948918143
0.00655275288613666
0.000249819264542595
-0.00771593498501932
0.000472464065036426
0.0369250387382554
0.0104754422865438
-0.00900707195346584
-0.00494743201376213
0.0200108603287621
0.0154760027706464
-0.00146126700192628
-0.0230237423080624
-0.0139727315432774
0.00502125596313885
0.00314306068469605
0.00352669332642463
0.00595365388885849
-0.00637019850417975
0.00688020673039613
-0.00181730783326017
0.015585373952363
-0.0256288070691868
-0.0131019240857526
-0.00559212856233149
-0.00609646345474069
0.00207652942673953
0.0114601110456594
-0.0108899187758134
0.0175136291123215
0.0126109647766395
-0.0178872438647169
-0.00208162260568034
0.0170021261544004
-0.0166559718026758
0.00023107476415607
-0.0077470566990252
-0.0106639442298571
-0.000671093616889884
-0.0145376849183432
-0.00276992842047719
-0.0043128810340809
-0.00516019402877443
0.00403816945995494
-0.0085581076484269
-0.00397260951175937
-0.00513533043129222
-0.00577253723867255
-0.00450878821585121
-0.00335173217581275
0.00430159025417609
-0.00661390917563143
-0.0200415031181285
0.0205779751677948
-0.0265267538729992
-0.00620608073740048
-0.00279756325137193
-0.0101411768447379
0.011687989327104
-0.0370569015994491
-0.00335971845585714
0.0182727189399081
0.00453567769793928
-0.0134416416625935
-0.010684137144799
-0.00711285974764486
-0.00750946810185482
0.0178290164938382
-0.0100028149016049
-0.0418026318531739
-0.0105012464766787
0.00456166610176911
-0.00823908458635447
-0.00464717546264382
-5.9462847232794e-05
-0.00477931703773571
-0.0151778505582163
0.0271679962776847
-0.00538033459257736
0.000170627791495015
-0.0146945313018998
-0.0178192989788117
0.00655452461811823
-0.00145361530872901
-0.003318132990489
-0.00798950184321612
-0.010954673499243
0.00866616192909841
-0.0190440321980994
-0.00209357941066557
0.00834384166591562
0.00841473330257525
0.0102209357668386
-0.0118745905741333
0.0210544284589274
0.0213925162329289
-0.00754560691664086
-0.0108401834784635
-0.00784467171950887
-0.0106073785432788
0.00112592739317297
-0.015996034349385
-0.00891659096896813
0.000524062313481011
0.0138512176441585
0.00600551558953821
-0.00929925889271743
-0.0032865257598873
0.00346648763047508
0.064920934316878
0.00236286057098134
0.00609541206967812
-0.00559257104062727
0.0146641639115028
-0.00646292829880313
0.0261621130083256
0.00840147173406258
0.00663324923846531
0.0186514205648587
0.0162530611550986
0.0185973292645363
-0.0098431907313099
0.0127278795199928
0.00581885481377942
-0.00174316097852234
-0.00579423598977868
-0.00834810369148542
-0.0107961984791185
-0.00839598533559993
-0.00476046224477678
0.00064593201626284
0.0286548878106947
0.000738951254440678
0.00370746759228879
-0.00160197891439307
-0.0425306176925053
-0.0141127695516685
0.00895264597412471
-0.0105827188568135
-0.0469197384669968
0.00615665713438851
-0.00300441298078713
-0.0069691840263344
0.000381768280409922
0.0185708128175399
0.0214056282270336
-0.0230338470248954
-0.00097682974576152
0.00910215699199668
0.00228656590264897
0.0107895578169304
0.0117898662833733
-0.0065424256629445
0.0444969945430795
0.00506033134498995
-0.0204017200841369
-0.00427439616250513
0.00370713728529992
0.00528417440545059
0.0287023030745983
0.000300200542735496
-0.00607984425706398
0.00652904983323666
-0.0151536495168108
0.00509908808855108
0.00775285509101664
-0.00396843950830217
0.0192734198610678
-0.00731074796113518
0.0052929624201834
0.00276882129289646
0.0127731565838323
0.0107852807657665
0.0101429889419391
0.0118508699189421
0.0186527602471322
-0.00980284881353644
0.00596588827498579
0.0133041331551444
-0.0122484303680714
0.0240822051959064
0.00866001775165604
0.00105196060214396
-0.0162188844318427
-0.0176661203259787
0.00155434808680344
0.0168825970989213
-0.0335467468301589
-0.0012453460974502
0.00928720242396341
-0.00241543508619291
0.00859956341777135
0.00180144572975749
-0.00699304490198127
0.00638117954508033
0.0198423311406701
-0.00984095393956963
-0.0249465827001316
0.0274230087511409
0.0263729065039513
0.0158331169951609
0.0245857130854636
0.000218374865469606
0.0106851145218458
0.0157055134795963
-0.000747916377275892
0.00053555003453809
-0.00232560128102488
0.00451556378035356
0.00372518573268898
0.00482635277376264
0.0146027472456431
-0.014058626205971
0.00782983047037966
0.00785384880753082
0.00290358521291623
0.0041902502603115
0.0128478169010293
0.0063680282203542
0.0066445163991613
-0.00148687945227532
-0.00490394852160847
-0.00509692754269242
0.0251516117631532
-0.0125773898112298
0.017154109745503
0.0140163732573866
-0.00374463150256421
-0.0068277628183484
0.0104262096634749
0.010328389539545
0.00779127130453627
-0.00188767204530293
0.0114548688341483
-0.00881086984401236
-0.00366326293389729
-0.00641479914572685
-0.0116847658488375
0.00610016299048599
-0.0256536435092718
0.000544832646467874
-8.00213885279177e-05
-0.00844235058109088
-0.0117003183381961
-0.013729717369392
0.00209443887032101
-0.0175785484206799
-0.0118577568129545
-0.00459905217459866
0.00134120061297605
0.00689010910987431
0.0190717665336875
0.00944572991675319
0.0129337824566393
0.0208424259302635
0.0236759861844726
0.00692641471210909
-0.0149977180181393
-0.00967419995819974
-0.000959938760551005
0.00940160486310582
-0.00301333847502239
-0.0124064525008185
-0.0133824243058696
-0.00356170860945149
0.0168273025288048
0.00640157580863487
0.0186895636528961
0.00645849145642963
0.0154689121458018
0.0124305485461207
-0.0128450275809664
-0.00630405562852054
0.0153483806239851
0.00783027648721468
0.00106434756198404
-0.00549419997335132
0.00225011645421347
0.0204127111517831
-0.00285152250763243
-0.0199023619190282
-0.00591612801086239
0.0244909718609874
-0.00729177395137004
0.00470387579495934
-0.00430664675799353
0.00613522938807165
0.0163906765128354
0.0159081957166878
-0.00412922858761799
-0.0043702499075895
0.00831624205776915
-0.00863076591705525
-0.00208368419760241
0.0170922019270696
0.00119248413488204
0.0232754974061953
0.000515481732058731
0.012768531804829
-0.0114797376974085
0.00655837410567184
0.00376107254405333
0.00248905627434226
0.0114263980788385
0.0111144545992925
0.0077085534935426
0.0129815003598228
-9.12417201455185e-05
0.03594462961565
-0.0100545434894146
0.0155906406146986
-0.000602778980256069
-0.0151922243519378
0.0014791048706746
-0.00139262725182476
0.0115906753529131
0.00441495063907116
0.00459772175525242
-0.00220368518615466
-0.00546663260038383
-0.00426012507923446
-0.00730825675964031
0.0142317345420686
0.00874528942726194
-0.00275742172290894
0.0041334738040204
0.00684144976198908
0.00398507702250139
0.00382490908516431
-0.017366835874463
-0.00712880206971089
-0.0232364652681332
-0.0156239326385181
-0.00640372103397535
0.0279066583287424
0.0127600363549032
-0.0141768587508642
0.00620115786535447
-0.00934470817792832
0.028335198521356
0.00612129543862228
-0.000184032756657793
0.00728591602159412
-0.0153568712110568
0.0221891479141831
-0.00230556587875252
0.00366568401492007
-0.0127291627699941
0.0123147543489708
-0.0170683281159913
-0.0024843851390024
0.00383276407785615
-2.18371817490848e-05
-0.0188715945314826
-0.0021330282959422
0.0066137415780867
0.00209290038305898
-0.012790560499667
0.00286814516167233
-0.0198796915214174
-9.56634512263577e-05
-0.0055798881674427
-0.00177833043729514
0.0176530713452436
-0.0189069076283417
-0.00888360910716735
0.02180225407397
-0.020290690812458
-0.0148957210551419
-0.018658964710645
0.0117287008542686
0.0398648671969166
-4.25421373728696e-05
-0.0233423229403105
0.0147354942367235
-0.00416705055411359
-0.00236024392215128
-0.0014838749086481
-0.009809342214262
0.00548998216168251
-0.00220873402542932
-0.0540082777552726
-0.00175372034360866
-0.00106428928685265
-0.0180169524846452
0.000309444856993579
0.0104994037365929
-0.02538028775116
0.0155989297050771
0.0189796679039729
-0.00563535048506036
0.0172476178569552
-0.00302577456013786
-0.00756825035679665
-0.0180552501166673
-0.0107608029317969
-0.00267059952702997
0.00157019952607129
0.00310537781394693
-0.00376531439045902
-0.00810834562535767
0.0034291380767586
-0.00717668684538086
-0.0105435521856885
-0.00280114733160541
0.00393032307514662
-0.0101888423052907
-0.0302706512049529
-0.00834357789704931
0.00226570446223562
0.000119185820137702
0.00955222287208812
0.00974018629758788
0.00604674703886854
0.00781390580731589
0.0222517275726499
-0.003464589466593
-0.00275045003203811
0.0243921326594254
0.00528889713467695
0.00601213933182443
-0.0106770078220375
0.0120314327527238
-0.00325789837495982
-0.0223457879491136
-0.00180266071758961
-0.00426883949649426
0.0238335322593564
0.0106780439166014
0.00608706629956934
0.00492015818143265
-0.00843626298725475
0.0027042910706454
-0.0121428764276121
0.00675236884603514
-0.00885194629386987
-0.00180452112817875
-0.00833081650580159
-0.00474836844612181
-0.0409635824072412
0.0323376620886799
0.000689763799801568
-0.012732255937971
-0.00123157629847803
0.0137288817617716
-0.0186321956937849
-0.00845849109961616
-0.0136572431027027
-0.0233124009824
-0.0183632240123863
-0.0408865143922208
-0.0401429435115492
0.00723120924168175
-0.0219121264096405
-0.0239620237035236
-0.0139527843712557
0.0152692124998168
-0.008139238902654
0.0140543387830263
-0.0144213303143506
-0.00902832238498874
0.0231746717592882
-0.0124734762188892
-0.0099293242719849
0.00127240125847372
0.0284015376289952
0.00109365391602889
0.0184260643565075
0.017358103719725
0.00601241044517398
0.00450576148080284
0.0265321808375969
-0.00149030190305766
-0.0277324026512433
-0.0137193753243645
-0.0152357340626468
-0.0198815011118336
0.00425723490433416
-0.016328332545557
-0.00997151150300102
0.00813775636027803
0.0072798050020122
-0.000711609760483789
0.00415264598348752
-0.00591581911490469
-0.00430422488644933
0.0062771210578525
-0.00511909729784499
-0.0097409910536026
0.00563824175166694
0.00253065527394725
-0.0117462382113107
0.0385622958952654
0.0221762046688738
0.00495244913109794
-0.00248593321542145
-0.00153168267728354
0.000906629980431006
-0.00489945294310434
0.000685058997817123
0.00802222263007923
0.0245507099153386
-0.0101424659822902
0.00926221037380248
-0.00779605098463509
-0.00947515689922884
0.01285046143897
-0.00590914114169294
0.00237331950726904
0.0114825200879949
-0.013124699848448
0.00633148991686383
-0.000270133200992007
-0.00809667951248549
0.00439865855196864
0.00541060120984493
0.00718032025811333
-0.00524252758717836
-0.0052140280873223
-0.00613700273256423
0.0205167488666405
-0.00591847002257317
0.00955204695482337
-0.0065646533250634
0.0100769063205819
-0.00126802267712733
0.0218762943482664
-0.0110321175965264
-0.00481298557317
0.0230226657978747
-0.019864365003067
0.00152293627051758
-0.0144711372478517
0.0115003820089523
0.00178566502822708
0.0161675059455764
0.00997126039397767
-0.0132761929493688
0.00502748542131748
-0.000265377966931268
-0.00250754722632962
0.00615024349594862
-0.00366769630268848
0.0272122737267617
0.0209049348636272
0.00578967093869576
-0.0167396744854917
0.00589151516474473
-0.00512587967392353
-0.0160969949093817
0.0241202171793287
-0.0140896451181129
-0.00161490898852534
0.0187190531994244
-0.0147509055607058
-0.00727732202992204
0.0176753349760963
-0.0060567485469063
-0.00408543170206066
0.0296405690469523
-0.00801419459414277
-0.00923018254852259
0.0190636339840813
0.00315946455426452
-0.00275479605708107
-0.00555161094206369
0.0143254663776062
0.00621626082003246
-0.0201202541068408
0.0148463093966216
0.00414461367934837
-0.00921524014174402
-0.0111620816722571
0.00431031886034461
-0.00345968527321361
-0.0199844815375041
0.0246215069588249
-0.000320222170777207
0.0105314440939477
0.00052641211394544
0.0107714601252509
-0.0110504381892023
-0.0163140156261603
-0.00834388677819398
0.00789466692311525
0.0202319075932449
-0.0231605586415258
-0.0147046110482982
-0.00832288235640988
-0.00799880227867167
0.003064143451037
0.000287951886707383
0.0302818035097241
-0.0062395459407556
-0.00196813998173084
0.000766331255459995
-0.04416751395211
-0.0120262057042231
0.0215038056867174
-0.01780585208434
-0.0179827172373042
0.00352298158407116
-0.0120751197538249
-0.0179079238218849
-0.00560508645454316
-0.00802154878162931
0.0435571128752965
0.0106578145805836
-0.0186861998903556
0.00275779477769333
-0.0246817195943363
-0.0251007903392741
-0.002370330501547
0.00726162616390003
0.00834684198805125
0.0132805838394479
0.0113791199892139
-0.00976937057199745
-0.0286346395146113
0.0151163480461571
-0.00420345498914099
0.0213129311603417
-0.00229737539429919
-0.000832611287092888
0.00562156386827972
-0.0116529928363294
-0.0054049667036411
0.00320251286204787
-0.00999237450561363
-0.00990823869251223
-0.00833415029216322
0.0231512549848629
-0.0288935048671615
0.000955926477416824
0.0196255954924798
-0.0215639345427858
-0.00228612690291286
-0.00124181276394797
0.0179874177732442
-0.00371667763208361
-0.000108940685794146
-0.00834549361428927
0.00147591234184397
-0.0129362662555605
-0.000654763216198617
-0.0131858275375709
0.0110185472620374
0.0221159924043279
-0.0123126777410096
0.0206299687554514
-0.00526754413650554
0.00357054650688227
0.0556419026684782
0.0257760214795502
0.0108632373119981
0.0083740643664072
0.0104912362910214
0.00491208245808217
0.0204858091870674
-0.0028507591324578
-0.0240930305923817
-0.0116305009163744
0.00441813280437398
0.0170633270383549
-0.00447926832083745
0.0161655008126376
-0.00557492882682631
-0.011410185830119
-0.00407830219013317
-0.00370109052961709
0.0090369239689414
-0.0164594103942326
0.010721522899642
0.00450037585385399
-0.0136324849646678
0.00944322355457849
0.0158707653373202
0.00746059760267492
0.00550527713087146
-0.00925092980444386
-0.00358190108256551
0.0113457074069201
-0.0106063815946129
-0.00832306338009037
-0.00875596724323113
-0.0242772153442203
0.016407251610703
0.0146949985844209
0.0103745489787928
-0.0110546753056875
0.00471415610262316
-0.00806100435749268
-0.0137794572737144
0.000582477396053882
0.0119471545030656
0.00411566204235747
-0.0216344174990102
-0.00776359176365737
0.0383203393917935
-0.0251461107116313
-0.00411553698787603
-0.0086944858916036
0.00698357442692377
0.00319350898689841
-5.28646419670764e-05
-0.0222658699898268
-0.0218714990444688
-0.00847790138028781
-0.000712569196942958
0.00258290812753703
-0.0145821610091268
-0.00337389878636607
-0.00699200985357784
-0.0183871560033149
-0.021547785413345
-0.00572625687769523
0.0104960559102354
-0.00403188515330122
-0.00755517048793752
0.0112996066728188
0.00949161545721111
-0.0152273189700365
0.00256087887132939
0.0154837737062721
-0.0100628529505506
-0.011284209346619
0.032846977328103
-0.00106888884943501
-0.0140752237143076
-0.000390438486578049
0.0158645509803899
0.00845675456524475
0.00023353072167076
-0.025846322173698
0.000140746041639161
-0.00492051586653375
0.00364261248272335
-0.0111403355548987
-0.0145968747039076
-0.000268854537344154
0.00250317768589436
-0.0257623473700734
0.0306699658907981
0.0313123394103467
-0.00691065306632943
-0.0145448342711294
-0.0112216128338085
0.00966687759239448
-0.029800031411515
-0.0118916030745932
0.0159016620784129
-0.0220017625270481
-0.0407952606878705
-0.00918640241933666
-0.0153638923483168
0.00286504017581457
0.00545753142086003
0.000418390038378291
-0.00841372477263391
-0.00310871585805117
-0.0307071347124941
-0.0104502572972454
-0.0248972407913222
0.00743459565720883
-0.000996455061316404
-0.00343688360977357
-0.00657851985660596
-0.00457293026590389
0.00375117729720476
-0.01853479465177
0.0081383243460067
-0.00308547146849403
0.0125913848318122
-0.0176102355020324
-0.00212038316465613
0.00032882580883431
0.0248686792930704
-0.00228131283380151
0.00913321159010572
0.00750459102847234
0.00641619064544674
-0.0583973863327909
0.00243062054571119
-0.006444694242564
0.0103916186844364
-0.00590544895479184
0.010623439436622
-0.0115160085804185
0.0258556878718741
-0.0067396583238537
-0.0109276869197572
-0.00949457037441803
-0.013095928510281
-0.00215214532076224
0.0299333754429458
-0.00242192017773402
0.00493438033127802
0.0144567071919468
0.0115087706635517
0.000853855397701331
-0.0188231150857874
-0.000140671955072946
-0.0102029184310135
-0.00171573220058185
0.00948547371538133
0.00528693689745641
-0.00329912189067194
-0.0250076996932451
0.00703098704482397
-0.00188707462661686
0.00130086219269732
0.0128943767145291
-0.0230730233293315
-0.00648484325389109
0.0280156695629827
-0.0235827044572305
0.0085899363862918
0.0138117410987979
0.00472341656566666
-0.0109158648527456
0.0212041342368163
0.0095832039588144
-0.0128352382826451
-0.00698617345896047
0.0360343158807108
-0.0185082907686711
0.0306191495985884
-0.0135560245550632
0.0244320540671019
-0.0104063313274754
-0.0123605578962769
-0.0161870987405504
-0.00322055754400719
-0.00341002009756597
0.0104303730375417
-0.0231869320637381
0.0068739276937837
-0.0137318446081851
-0.0066727741382735
-0.0268383047922001
0.00822875457672279
-0.00868030234441441
0.251529822861877
0.020372361931706
-0.010727186995596
-0.00673459487651407
0.000741784463296646
0.0125819789135582
0.00220917737829929
0.00195506232058662
-0.012492269429405
0.0157307493996246
0.000649914070531388
-0.0239035392958433
-0.00714258178429095
0.00123353180794439
0.000821097118659964
-0.00311700477939336
0.000366375645322492
-0.0114365645556367
0.00917106271389123
0.00712532201622018
-0.00530085226658272
0.0201082736986287
-0.0079654159183411
0.012185394852299
-0.0144387212278687
-0.0191479102274945
-0.0185588140537982
0.00924517199608754
-0.0222477876537992
0.00245408065338903
0.0150229367059174
0.00898413497573625
0.00812463567047494
-0.0012900278133916
0.00293853719373605
0.00738317695060697
-0.0191382940388811
0.00640252331749647
0.00796495743194114
-0.00182256072304732
0.0065580710593407
0.00423535599464397
0.0151177196912586
-0.000310186099123477
-0.00247174888497259
0.0255992171287884
0.000786014035202065
0.0143750779794685
0.00901024315947119
0.0340876516739028
-0.0115881130020377
-0.00904618837224902
-0.016594310873522
0.000919361169362531
0.00398340134089459
-0.0248811010148664
-0.00380578713823176
0.00870457470153241
-0.02235292470787
0.0206237971475378
0.0144546140990727
0.00742151292409243
0.00929462014607019
-0.025533401026502
-0.0297560954945482
-0.00359466090396854
-0.00477991107771736
-0.0180702099030308
-0.0156639295964487
-0.00123902685884847
-0.01212643342945
-0.00603186399953692
-0.00487434452889612
-0.0288869241884031
0.0105096456880238
-0.00171471255495703
-0.00413474898445543
-0.00707036594169885
-0.0059127827540788
0.00811141986173336
-0.00851873110625867
-0.0206505677677535
-0.00368194665071808
0.00517005332653753
-0.0222774651763631
-0.0141460629355823
0.00187563080277542
-0.00371988441120852
-0.00549380852912407
-0.0240805049387962
-0.0262355176909068
-0.00459300644346072
-0.0200117298100464
0.0459763607784671
0.0146777953987369
-0.0123059348935248
-0.00659667963547417
-0.0148219256277073
9.09910084283538e-05
-0.0192420866838772
-0.00651422342991381
0.00323115767601312
-0.00140152116684433
0.0120133947979664
-0.00869110641267934
0.00650387486017845
0.0157389089744306
0.0102880156435514
-0.0013518197925908
0.0146644579513779
-0.0142976291347185
0.0340875604572739
-0.010014869181437
-0.0113432890437126
-0.0126142587075329
0.0152007904149727
0.0141424567436932
-0.0119927126809438
-0.00365982079636673
0.0226961801917165
-0.00989225727828025
-0.00595418710310014
0.00175217053766552
-0.00786656964611954
-0.000734814796978789
0.0195408818475045
0.0130185343224891
0.00107579605540753
-0.00791833515578144
0.00752265349319181
-0.00356334239542999
0.000471999812490687
0.00185387315465757
0.00180108190715078
0.00272707352766588
-0.0044543338783809
0.054927656006889
0.0135860839554658
-0.0105921770410093
-0.0262765010493684
-0.0210757741806651
-0.0242642896668732
0.00196847252495047
0.0126182863848632
0.0215169379655187
0.00588687095870633
0.0124657221432312
0.0322556050852825
0.00160551139427678
-0.00608919943553055
-0.00753680715814564
0.00272400973101927
0.0124341330809887
-0.00184599205631564
0.0254307466187074
0.0298593614975484
0.00468389675830494
0.00346344405530985
-0.0055570308945212
-0.0269625672120233
0.00669968636867058
0.0113447177501342
0.0107600554405272
-0.0124649056971311
-0.0206717118323896
0.0117648474928691
0.00783114140483043
0.0130525387307765
0.0531367874946218
0.00291403167369708
-0.00535715826554917
0.0236711298171963
0.0163308710655388
-0.0325197299433251
-0.00802460714123754
-0.0184462671124503
-0.0156649166350551
-0.000642821900570745
-0.0117931485166265
-0.019940359019941
-0.00451383884504342
-0.0102484949983142
0.00629440376184132
0.00395015684037237
0.0244410118774354
0.00966393054139481
0.0172480514564564
0.0077650527799431
-0.0209503271364193
-0.0137916426914551
0.00560587463398043
-0.0205441649892046
0.0124450442573885
0.0121371676741004
6.1763596597153e-05
-0.0168773994385178
0.00265525249083787
-0.0108205703453068
-0.00562952135579575
-0.00159673950294881
-0.0116271509608357
0.0295539153568436
0.0129576028538345
-0.00210420132136324
0.0105469062611592
0.012001713192836
-0.0026270181303012
-0.0174750644882975
-0.00233074364297892
-0.00418231599874375
0.00963341037322607
0.00049472198995737
-0.00295668391416903
-0.0181801696886428
-0.00574820269291454
-0.00502379020549348
-0.0165949582309706
-0.0245264018425067
-0.00530501888097579
-0.000503500656706457
-0.000637275317367347
0.017411692131903
-0.0138826171164759
0.0056561330513496
0.0134822023346528
0.0233333820129902
0.00933515650470884
-0.0193362660901437
-0.0031996353060606
0.00178777701279831
0.0152031327862323
0.0079279077577592
0.029907022720951
-0.00626367325481514
0.00271016027750459
-0.00821014441486945
-0.00191403297873016
-0.0177378368478704
-0.000274295558005733
-0.0221025665265548
0.0075223124085797
0.00964420032123936
0.0317894325713386
-0.0154738767284019
-0.00812350677952089
0.00858636443872918
-0.00440462794810159
-0.020940644133371
-0.016835249046828
-0.00441411837443884
-0.0125973812059259
-0.0229395055825776
0.0142828790054343
0.0186142507916154
0.00430484082784854
-0.0107662984685737
0.00249875490729501
-0.0142509581703258
0.00975185685742108
0.00780257686814423
-0.0258559847432185
-0.00726743745060254
-0.0108065397974624
0.000382733819495051
-0.0035255313467184
-0.0127511113881846
-0.0225047912792702
-0.00534895304709249
-0.00614531302851429
-0.00783744065033964
-0.00650990281963182
-0.00758229174470681
-0.018356551200311
-0.00587442349879908
0.0228400200274255
-0.0196056840432757
0.00499359269581312
-0.0115859001205418
-0.00762224747482332
0.000481352758508358
-0.00830803572385985
-0.0126031105070545
0.0180274804565155
-0.00187461831498759
-0.0303872594355852
0.0169566720011627
-0.0089037616376153
0.0260762503207452
0.0190734493406897
0.00315434346142762
-0.00684603655369376
-0.00830005829760161
0.00267644122522714
-0.00577324898297071
-0.0249324704039653
-0.0242038259218615
-0.0146574013081597
-0.0120546771901751
0.0175505728091006
-0.000187814097058592
0.00443647749044107
-0.0319310146994827
-0.00370558116351294
0.000950449546694543
0.015071912025995
-0.00947083463723519
-0.0293129933425389
-0.0226030523883241
0.017448594059978
0.0404652384603823
-0.00453009128568915
0.0101661524045271
-0.0188850185804386
0.00447898605222719
-0.00276514002522799
0.00657509294961489
0.0122049293530297
-0.014512010641103
0.0265762575871467
-0.0128610131598661
-0.00208708474442076
-0.0030683834368368
-0.018338097349214
-0.0245745333897949
0.00439661342962694
-0.000650445911555941
0.00128568767077475
0.00204824054702435
-0.00653564962205344
-0.00331635651086426
-0.0136739603991254
0.0265252110211254
-0.00545351852090192
-0.020892564611974
0.007067241871618
0.000544097035463764
-0.0039081565726331
-0.019867987120584
-0.0109221984180383
0.0351144062525153
0.0193799542389144
-0.0118028294471388
0.0126569507904808
-0.00655860849120771
-0.0111181987253328
-0.00562485086680908
0.00821335549042956
0.00167805203820137
0.0132420178021775
0.00407716763961474
0.00527237171698047
0.00119851931628556
-0.00703382267665287
0.018355662094919
0.000646733032876767
0.0152342332714692
-0.00904338142008321
0.0141439379887194
0.00802328333811086
0.00126609957205837
-0.0170022272350376
0.00331512151207658
-0.00952126666697328
0.0122915338218803
0.00437660305636722
-0.00324865495975857
0.010510584138971
0.00480671490095563
-0.00839455510122988
0.00201760084785718
0.00172615834806589
-0.000939284260273787
0.00329237939763516
-0.0163747235309835
0.00865490164148763
0.00666021447472609
0.0110519421594732
-0.00112711403542587
-0.00785369899357846
-0.00904271717316885
-0.00876135468685568
0.00477618061864682
-0.00416836717905333
0.0116281322372593
0.00152361023991965
0.0160280398469901
0.00877803627677665
0.0156468802225556
-0.0129826417804599
-0.0106915674784949
0.00679664380217559
0.00940909538636436
-0.00235682315747443
0.0278487631611011
0.00417026522215913
-0.0195727106942796
-0.0113808176100161
0.00406852327158447
-0.00322491062847252
0.0113824801706599
-0.00229464881723906
0.017539274664732
0.00142972030738697
-0.00379787398152054
-0.00397338184824569
0.0053201085731116
-0.0145175173340899
-0.00516947811272672
0.00187224196911462
0.0204488208294356
-0.00313363419726453
-0.00717754666625492
-0.00333452818196189
0.0144033261452803
0.0018618426290038
-0.00503328292343053
0.0105042751297058
0.000152912678095696
-0.00232064846074653
0.0119151918036016
-0.015129169155732
-0.0116761818348134
-0.0187558458096584
0.009580615694607
-0.000709165228898634
-0.0171491349478101
-0.02475971115574
0.0177889951854118
-0.00984049851489388
-0.0181471692454327
0.0116014269259459
0.00366327123750221
0.00138352378332929
-0.00955533626001603
-0.0214463950613624
-0.0179452902814337
0.00275286514594786
0.0333057552883282
0.0111229905126091
0.00347891424374858
0.0130092855308721
-0.016929367807375
0.0069328959524233
-0.00308916331644404
0.00350390818838164
-0.0119761409521173
0.0228722956677858
0.00700245608803662
-0.00533336934988338
-0.0114383476149245
0.0214498015638416
-0.0203310278971491
0.0066418258923937
-0.00330526382749863
-0.00852137930097108
0.00125144675985833
0.00492952548327974
0.0113589297718448
-0.0229013590861502
0.00384900053586357
0.0275237140666595
0.00620837945763686
0.00804476855915848
0.0242979437455979
-0.00199975158895604
-0.0199632864406114
0.0208639567845408
0.0123394742276002
-0.0325285584628867
0.0120561369283942
0.0135393065857077
-0.018781359785474
0.0106298009304018
-0.0105044326676378
-0.0254912903440792
0.0131052612345499
0.0121460639518443
-0.00788428844175648
0.0413229110954427
0.00794660184651175
0.00221506511639902
-0.0112067503256759
0.0178974107069196
0.0219837380483465
0.0169927572611526
-0.00764523178948195
-0.00440159476417001
-0.0166251814651961
-0.0019278549169286
-0.0020952736507649
0.00241524409877503
0.00932789760292874
-0.0101257920891582
0.0207044268765326
-0.0107121497203577
-0.00112577862899776
0.0251389392156849
-0.00975169703120304
-0.00313832579106599
0.00238080286763953
-0.00813698690851528
-0.00690173392304327
-0.00576753471693792
-0.0150044564299687
-0.0362483072263675
-0.0131023739235401
-0.0204333600217161
-0.0210231745529317
0.00255194708120765
-0.00312798992925334
-0.0150021753581386
-0.0164184259535602
0.00849388538958795
0.0203028753993832
0.00974261645087182
0.0107375103438994
0.0104136308576281
-0.0115888368759052
0.00377605941362447
0.012162587024827
0.00957724812804006
0.00342738089996875
-0.0190513508984669
0.00254597224814823
0.00610887366123603
0.002707131688374
-0.0108741993509396
-0.0168552009107756
-0.00591246607956908
0.000127375290638554
0.00897992861199182
0.0118421936209652
-0.0140687663430059
-0.00327703407174518
0.00237475876096926
0.00445183892154333
-0.0103556408500518
-0.0157930781327824
-0.0174884856115618
0.00203381622277021
0.0127858058786261
-0.0184815450772016
-0.00879594166848108
0.0119964957647767
-0.00143960869405824
0.00498898860627861
0.0159272582453269
-0.014078971672979
-0.0239080024262472
0.0095932664385785
-0.00874652358164951
-0.0200043785168287
-0.0235525625966773
0.00652443001794367
0.00775384245565647
-0.0110120622977821
-0.00982897663475146
0.00249770943258287
-0.0227407334891456
0.00451901270123223
0.0114475161654592
0.0127522095616994
0.0261581075012991
0.00315361726694174
-0.00604970167695829
-0.0015316031103394
0.00544869824011052
0.0112665513535628
-0.012899386613161
0.00221675246925024
-0.00892512594819816
-0.0013608291630467
0.00366342107535811
-0.00826229095494391
-0.00692345351027424
-0.0179399715601543
0.0281963111928656
0.0237957953801136
0.00200199488689812
0.0107791009071381
-0.0176096052918915
0.023651673699745
0.00313042816717335
-0.0049507275526457
0.0286747062075596
-0.0229323197092954
-0.0117577085083589
0.0108420624054641
-0.00758651064282567
-0.00237948312184422
0.00695295655969463
0.011219332493055
0.00809680200714968
0.00770688386401819
0.012390223310331
0.0180430841855133
-0.00579008222447808
-0.00216898761607887
0.00888895943651402
-0.0241607020824901
0.0146457397971549
0.0132133450154095
0.00258553087313018
-0.034145420078711
0.00357974759822355
0.00733222845374737
0.00115546507624043
-0.0178083619580942
0.0178161319975363
0.0137359386637756
0.0158607434275284
-0.0116610265065544
-0.0127934241162917
0.00763239437486352
-0.012254666066065
0.0105246216947679
-0.0259614985635084
-0.00869918761036903
-0.0336401065054934
0.000124615485972868
0.0087033032146504
0.00210910107594664
0.00313547821172033
0.00166737451738364
0.0043665459127622
-0.0126876300964147
-0.00222808008300657
-0.0211502774463606
0.0104324916502581
-0.0107502576765865
0.0169796962327
-0.00390890169028513
-0.0246874942409843
0.0260942310238903
-0.00394618312551565
0.000561008148300957
-0.004181266601468
-0.01433503571171
-0.0223859413801337
0.0135012112130495
-0.00709625482628251
-0.000508730113018885
0.00280559027784744
0.0129230125443653
-0.00583522042841267
-0.00613413344050073
-0.00300411074918738
0.00864013771375127
0.0034265384296317
-0.0103212995729827
0.00715425035876205
-0.00730531321499051
-0.0252860195444464
-8.7707667524306e-05
-0.0134451069922736
-0.0057840805237328
-0.00828424273187789
-0.00578760554295954
0.00388430957969454
0.0175580274463289
0.00890728651859352
-0.00469721944534118
-0.00857082611597892
-0.00501959742741764
0.000713124002900578
0.0123917285110844
-0.00496644483772268
0.0258651631249256
-0.0306020825322477
0.0310967531036628
0.00266780827144864
0.00449013755636862
-0.0157464450527156
0.0158797351900279
-0.00115999856334525
0.00323931625158558
0.020985663901218
0.0288743544996697
-0.0079874531010109
-0.0275807553601659
0.00913169924426338
-0.000852525256772374
-0.00433753972153816
0.00770673569171887
0.0223749213038547
0.00611948910223159
0.0147324970288842
-0.00990691180141123
-0.000177947356596597
0.0136749785110766
0.0160629993948946
0.00700850762544647
0.00656595925786974
0.00153590851889884
0.0156847622338052
-0.0179003006912195
0.0241578624060113
0.0174382688361323
-0.00472690077508542
-0.0081762018585021
-0.00266964815151383
0.0335332738018232
-0.0199942296279412
-0.000336499191821993
0.0272498120727054
0.00702653650064367
-0.00409821195284987
0.00182401714451963
0.000678748180348521
0.00282069587856615
0.005587084426109
-0.00328995412866639
0.017531047938208
0.0218361622165393
0.0014940825578762
-0.0127626823637046
0.0138845919994584
-0.0130835599994077
0.017908791046561
0.0122675925088451
-0.0127424830842529
0.0127529776863664
-0.0050195583255741
-0.0134225499192828
-0.012963859373361
-0.00205435601174031
0.0117495502335405
-0.00541851194824261
0.0153646293128036
-0.00224905025782718
0.0066965805427408
0.00749596651572215
0.00754531863119645
0.0181090596257514
0.000187537382367431
-0.00405501031655842
-0.00906397350981702
0.0203664259189287
0.00835845816276315
-0.00371287708595247
-0.000102664176839795
0.00964575156184377
-0.00460279374672901
0.0132863334616307
-0.0255523844944463
0.0139304862185128
0.010158982597984
0.0211026678942883
-0.00820493880742657
0.00815075964827905
-0.00242014077779906
-0.0246849816873738
0.0156890307034505
-0.0115763575158629
-0.0286244719737496
0.00234253794517514
0.00491976531715732
-0.00805523065112901
8.00150107069797e-05
-0.012679407952886
-0.00832867969292117
0.00125184345168527
0.00743587478006713
-0.00617767941427605
-0.0298919885222348
0.000361141759494643
-0.00162047176598445
-0.00304379171219704
-0.00124829348119615
-0.000816194879494248
-0.00177287299566053
0.00803332476329999
0.0159728348043124
0.00263330662291672
0.0135337460031293
0.015485708151636
-0.0136377144819839
-0.000821242232212249
0.00386472867405185
-0.000910591742658617
-0.00628357263827883
0.0262203396703411
0.00190813357044295
0.0136628421176583
0.00639233408259354
0.0140912331466803
-0.0059824975023961
-0.0189557341650506
-0.00574750254733303
0.0297981232469526
0.0198195862252861
-0.0146681066051642
0.00513150270235752
0.0110447535306397
-0.00781424113434959
-0.00111005350042337
0.00800455223373753
0.00188786335926316
-0.0299529692674714
-0.0163522027779059
0.0151361107666776
0.0251820463264947
0.00759164039576543
0.00679503307348739
-0.00711589344951324
0.00587220550205636
0.0123549164217192
0.0304180225675275
-0.0141134266384206
0.018954024235839
-0.0207998600424686
0.0112331297388115
-0.00631805051670575
0.00694906926161387
0.00233149936875598
-0.012808101468031
0.00140027836047008
-0.00199286404917398
0.0194753605424056
0.014533120413339
-0.0337620001444154
-0.0073966699261474
-0.00988667133249876
0.00434423821633789
0.0299921072524905
0.0104420498750564
-0.00979876329243989
0.00454926274000655
-0.00552700307588339
0.0337858420532804
-0.00930145144052652
0.00260405745826731
-0.0299918567446236
0.000833034374139174
0.0164162402913774
-0.00886585965895659
0.00490701401530469
-0.0160729250283032
0.00208377581530605
0.0189991342367017
0.0136267476643424
0.0113256296870414
0.00442396992761918
-0.0155460566575201
-0.0100807997854986
-0.00458085909328254
0.000665156684094725
-0.00795533619905431
-0.00471553835992289
0.0129742127623187
-0.00830855209248593
-0.00257454410454816
0.0116500968839963
-0.0129377662436791
0.00653597092535207
-0.0027914479851896
0.138319742145088
0.00799118118542363
-0.00158800341325005
0.00914527131906873
0.0184273647967741
0.0175670811203181
-0.0120060865988005
0.00806705894131099
0.00305041082680724
-0.011487803858194
0.0124059212436478
0.00280270099833579
-0.0122432666058909
-0.0184840085720355
-0.000446066007094181
0.0200407019477096
0.002495844715666
0.0115594839056854
0.0199637050529571
-0.0117309805623913
-0.00970383095324046
-0.00482676885210509
0.00976936135649886
0.0324358566178473
0.000883708252116477
0.0308052722390482
-0.00748868983441131
0.0279715820634987
0.00099601661416937
0.0143507434880625
0.0205360364059723
0.00792278402840108
0.0112784902021978
0.00808198751053446
-0.00393880063887231
0.000664372634126664
0.016418824477209
0.010026708097417
0.00127387174057692
0.0195878989907952
-0.00796522651517506
0.0137813553078292
0.0277659286708634
0.00965884201540401
-0.0102462032728132
0.0051367214254272
0.00217120802057913
0.0244666716041699
-0.0103300334010807
0.0225557297105867
-0.00582769515331805
0.00213236997874677
-0.0143220885937723
-0.0176858684382317
-0.0173614015404784
-0.00688190839635894
-0.0118289478057276
0.0224673428537256
-0.0207122896074026
0.00839251736473656
0.0134474638391442
0.0152039534800217
-0.0159304599574464
0.045152160064422
-0.0117967629161599
0.00955369535004191
-0.0215719761706037
-0.0114756870602237
0.016769531660457
-0.0146716196901275
-0.0308705691689966
-0.022550886077541
-0.00727742339315274
0.00674551933204093
-0.000484583960925988
0.00384571539945089
-0.00798351288142829
0.0117534100888079
0.00398747876445782
0.0181001535411092
-0.0206012277368472
-0.0037894770260225
-0.00365133813403773
0.00792924654652882
0.0142785599865602
-0.0157538738372169
-0.00648892547139468
0.0227487748696049
0.0189860377975846
0.019192954390526
0.0205053645108082
0.0119298708894506
-0.0101080520924093
-0.00650827349923411
-0.00194187636368515
-0.0297826120887441
0.00585070391519693
-0.00377537050124044
0.016784612045357
-0.0125725076882741
-0.00557007962749534
0.0158555989944489
0.00233947789899691
-0.00899820504447835
-0.0224294216054979
-0.021598011430549
-0.00160484335971489
-0.00168710749438272
0.0379335594614982
0.0160652785832518
-0.00159091354543062
0.0466860199413732
-0.0195269364629658
0.0133605996461563
0.0134074202869865
-0.0233793577789649
0.00216690813501419
0.0327649615729388
-0.00774701152716428
0.00932509527813608
0.00302527820873078
-0.00904889814314469
-0.0181988722377016
-0.0170310587423366
0.00553447431929843
0.00581468386795247
-0.011258093924674
-0.0128081865435847
-0.00915212842525737
0.0107512915252395
0.0126053043876242
-0.0147277734449309
-0.034017081164051
0.0300017224138527
7.93774831100436e-05
0.0275343101726282
0.0243441104135487
0.0163741705517522
0.0256168776178285
-0.0180990396911378
-0.00334139690400637
0.0138426493337214
0.0169427396742252
-0.00837131575000782
-0.00206958475474295
0.0139279986725924
-0.00928899847416353
-0.00618172764579583
0.0258657645588727
-0.00166922451030249
-0.0137868808968191
-0.00094969963556224
0.0114283897137266
-0.00334270089962896
-0.00694544958592846
0.00893246237475065
-0.00144127915467251
0.00368705533253166
0.0485657338969618
-3.40160700913472e-05
-0.00224365448554398
0.00504560738196957
0.00807968632920897
0.0137209003330083
-0.00718976328160181
-0.0160222360915423
0.00828721622677797
0.00378377654745687
0.0216157559088286
-0.00234612291405778
0.00012808079798976
-0.0140365523846233
-0.00559334211224805
0.00214289660428069
-0.0201591028898429
-0.00721148983387465
-0.00956780817967928
0.0222492814664745
0.0120159021634203
-0.00203450644993186
-0.00880681385035142
-0.0115524281718562
-0.00465097873818721
0.0156886982981881
0.00668208939501991
-0.015448730694601
-0.00817623960320901
-0.0123572179355298
-0.00383521159782862
-0.0128396488918705
-0.0099756792838166
0.0059431001811987
0.00392092078693107
0.0148701233212174
-0.0137915300677376
0.0244494825711721
-0.0235822064928106
0.0158657336504566
0.012273807801793
0.000152441288912897
-0.00825143234533332
0.0144033600213502
-0.00834059086647443
-0.0115544547977295
-0.0109423845644221
-0.00494482676088648
-0.00804459039459093
-0.00101539965767294
0.00206084396731931
0.023346873122466
-0.0147680367888396
-0.00446419334752512
-0.00460942891379101
0.0105934131849281
0.00330334124108855
-0.0309122827866259
-0.00266318763799678
-0.000953025078068492
0.0325680859256003
-0.0150565736378887
-0.00616200870085581
0.0138882640535734
-0.00734524880851151
-0.0159329955919523
-0.0212156431073067
-0.0175424108909032
-0.00460128150283534
-0.00818430550469884
0.00241499200326967
0.0125013539673215
-0.0145820506203815
-0.0124526315486335
-0.0138929655329267
-0.0107411136916147
0.019648962505368
0.00518492133662196
0.0104626116631863
0.0230317173763668
0.00664240098967372
-0.0255257263208879
0.00598815309010181
0.0020378025645611
0.00782013069325327
-0.00109038713513243
-0.00394433892603363
-0.019604842458655
-0.0190708743485963
-0.0197859454896516
0.0185715375026509
-0.00939947701786803
0.00116604212971261
-0.00200037872439385
0.00542675856597974
-0.00693185167455113
0.000645817797488846
-0.000617832729273182
-0.0219971016987506
0.0163045160433724
-0.0251156437494249
-0.0020612596464975
0.0223750798230578
0.0018071115924041
0.00783060431396088
-0.0235382887739481
-0.0033365973531847
-0.0287303298154349
0.0392931631333964
0.00245924470715497
-0.0225368503903551
0.0346974932628594
0.00379093075055348
0.039459999965695
-0.00453892050061899
-0.00841981300379047
-0.0045267161643423
-0.0241754195180519
-0.0183758414243673
0.0079938798749577
-0.0206909132967601
0.0121618073961569
-0.0073426201034188
0.0127912375333556
0.0163949064599294
-0.0121106360112879
-0.00209464928570569
0.0269400243023004
0.0270776100993615
0.00475954161550796
0.0370038245391928
0.00112832133766005
-0.00874058076694251
-0.0141558194664428
0.00458277954999886
0.00517359833830522
0.00189041875033702
0.00625632282149891
0.00114230133369375
-0.0116252439871127
0.00862561665311912
-0.00723887748643381
0.00413042005030828
-0.00799771202672961
-0.0205963875851616
0.00744146310093186
-0.0133985178949549
-0.0145393462698733
-0.0187193019496918
-0.00842105852422836
0.0070858772609439
0.0013503576019076
-0.00702178875859527
-0.0129639784254811
-0.00825476724095697
0.00543071102663006
-0.0132161062242906
0.0451857071229309
-0.00374254376425309
-0.0148570956835954
-0.00905301861824714
-0.0159266576258092
-0.018983896828189
-0.0215197598352317
-0.0147401180642497
0.000387623377073432
-0.0187062590212248
-0.0112350154462542
0.0148924883553834
0.0116455149890271
-0.0130881522530784
-0.0145062373255458
-0.0132787510341865
-0.0177034350582224
-0.00386695880369103
0.00186029531307774
-0.000246652711434869
-0.0158065995485313
0.00508811474369697
-0.00110413960711941
0.00831998145110191
-0.0254889210847944
0.00589725500979643
-0.015769164133502
-0.00315886887615324
0.0002440973922333
-0.0373184562805795
-0.00375688342245528
-0.0162534453137448
0.00147224948716485
-0.0197989747714455
-0.0176420115473332
-0.0436158780958769
-0.0128516142602422
0.00191510278621188
0.012331188321455
0.0258170472138364
-0.0194525963370875
-0.00919600706451185
0.00554190464787574
0.00994714043150413
0.0114569388121968
-0.0189703166597228
-0.0179463638655681
-0.00481540806633518
-0.00823194114394887
0.013848635921307
-0.00989650266464981
-0.016640430950968
-0.000444422436728154
-0.0162989326821625
0.00137649640881499
-0.0131068180439176
-0.00462436390686527
0.019598701497558
-0.0338337321844593
-0.0298180875548484
-0.0082140187845372
0.0247115560105522
-0.0286209350866837
0.00756752293896845
0.00052521290520513
-0.00100995730656894
-0.011078126534974
0.012035581858223
-0.0276276778036442
-0.0072018872661177
0.00656470472528259
-0.00241115161589978
0.00337090037120014
-0.0184633532134582
-0.0114115299660122
0.0275815895217093
0.0204955111029825
0.0152827250931784
-0.029539938730391
-0.0404497762971392
0.00984369460349388
0.0102556157458151
-0.00514199666338655
0.014040378920666
-0.0138270437021619
-0.0100632213948098
0.00250159889910684
0.00556050910733319
-0.0272623200360274
-0.0120819069380085
0.00813307090411541
-0.0184041309537735
0.000292514171913005
-0.0177242324757323
-0.00909393503699718
0.0156414116913357
-0.0165584647626726
0.00589167302575611
-0.0101942022980266
-0.0118644209116683
-0.0318624791414184
0.000727846175923474
-0.0372743696630069
-0.0124227572173021
-0.0273966840766704
-0.017216093018904
-0.0149149830564683
-0.00811180905951314
0.0162910468691413
-0.0265763162668362
-0.00155684322067895
-0.00589312693382738
0.00798559524196385
0.00217835944418976
-0.0120659644853394
-0.0117134021868992
-0.00160300167508343
-0.00355189333932238
-0.00234863595088886
0.00406407741389359
-0.00264426966584175
-0.00100991494230485
-0.000240948093887638
0.0222370432040826
-0.00760047171284306
0.00319394940279416
-0.00253668030902521
0.0149884469708281
-0.00218481099675127
-0.000346611292767918
-0.0222428802129704
-0.00317814503438107
-0.0161468744698094
-0.0149331754721027
-0.00179197633152484
-0.00163840322895048
0.026671454634327
0.00139969956941943
0.0232550671960974
0.00843057069676156
-0.000830841736369159
0.00469328044722062
0.0190227925872382
0.0286869522208049
-0.0038474309751253
0.00112695416520214
0.0221512985361931
-0.0238696627721273
0.00106619188065782
-0.00363658799116884
0.0113465408260858
-0.00101742512888325
0.0243392451133415
-0.0116136973657337
-0.0210527446609019
0.0131047769033481
-0.00547753895578573
0.00464257991138695
-0.00850118101374431
0.0158549244291555
-0.00915314749221707
-0.00662813682227092
0.010265325476329
-0.0151123016845309
0.00330757168623119
-0.0088891284246797
0.0273215167418472
-0.0146474001046588
0.0100603695702999
-0.00134767219674892
-0.0165312102610997
-0.00188135680931101
-0.0105709452419998
-0.0119827517611046
-0.0206520501551593
0.0125842434619239
0.0155355740833008
0.0267927177260434
0.00135399747600307
0.0061626897552074
0.00131608191775445
-0.00437157895400819
-0.0110235302616788
-0.0197459542856455
0.00123780309772759
-0.00341986571728636
-0.0233010700934289
