-0.0164839848257952
0.0047973372975445
0.00123595306467905
-0.00175840543777817
-0.00852681756992091
-0.00687145858914029
-0.00171553356215881
-0.0160731991333805
0.02135545348726
0.024881079566148
0.0277125278523389
-0.002155627004786
0.00336978993741077
-0.00217624846619735
0.00836241104222246
-0.00287070688766455
0.000895399171984224
0.0056898115360724
-0.00517385449899344
-0.0155093082817466
0.00378694744097174
-0.00663507203389635
0.0328457572403167
0.0171782553787647
-0.0156367877416912
-0.00764250092815466
0.000169052087317212
0.0113480866690896
-0.000399513174720312
0.00590233752607539
-0.0059122506269258
0.00882547481813667
0.0232163996561017
-0.00305862801949885
-0.0042280281104663
0.00244333730694102
-0.00397444648431211
0.00558766702808633
0.00387013469648778
-0.022207559266894
-0.018147354448713
-0.00475275724191881
0.00660419350509045
-0.027020054301536
0.0061262535956832
0.0133351777727331
-0.0116736969311528
-0.0109493594654921
0.00881852999007471
0.00111451110087657
-0.00749367607747864
0.00283333222415827
0.00809915541093353
9.21553713837397e-05
-0.0189348131486202
0.00516285076824019
-0.0103417528399614
-0.0146891949188355
-0.0287618309464008
0.0145688182966683
0.0209991234154607
0.00425781952246496
0.016613461338757
0.00226082956629625
0.0249755397863325
-0.00102326007309372
-0.00085756601824194
-0.00220889522939594
0.00215973231212097
-0.00204116138982435
0.022522533165855
0.00272355681243575
0.00558895077126742
-0.00281190555465294
0.00922431265523116
-0.0067275869097152
-0.0209610492223593
-0.00457984770391384
0.00585653613414827
-0.00894098377498942
0.00659730575742046
0.0171816897965122
0.000845693872811637
0.00357859051987752
-0.0158849793431628
-0.0036490990444058
-0.000175809592947829
-0.00494035364730649
-0.040968690540474
0.00698469183054407
-0.00134185905276318
0.00990393310256188
0.00684798285736932
-0.00431249902116626
-0.0159237989379317
-0.023700383119051
0.00609998537649936
0.00124305624664345
-0.00687626819916431
-0.0127030555763863
0.000340418626434413
-0.00196570771258031
0.0149762317459263
-0.00249642162333075
0.00941874064781345
0.00280911275595308
0.0229126399152673
0.0081061159674185
-0.00953164777377502
-0.0203674922908412
0.00631927263138721
0.00653446736032848
-0.0213893119057644
0.00354962741226572
-0.00737825130702774
0.0244781202001505
0.0191255352664008
0.00641859953150714
0.00783450945700359
0.00924209564915834
0.0011449122487992
0.00425303936907362
0.0034430986037659
-0.0129310612363192
0.00456114127234741
0.000545251028217564
-0.00879619823184541
-0.000801040527566244
-0.0175129383064867
0.0231298139317708
-0.00795658313656666
0.028533604703167
-0.0197339775831225
0.00797597230886815
-0.00777117921228054
-0.00593645959076738
0.0155642920548527
-0.0155221806727504
0.0108609974448228
0.00411251898662535
-0.0160566635862587
0.000782496669579302
0.00524688219268654
0.0177058115284598
0.0312555184886882
6.7409401491858e-06
-0.0117731810741422
0.00422767326057816
-0.00271759499060131
-0.00871993922925363
-0.00843628250870765
-0.0230562516544506
-0.00688461380286931
-0.0021583491389201
-0.015436896249712
-0.0105383357761184
-0.014498118737496
-0.00763673274665422
-0.00198954721816769
-0.00210672083250962
-0.0147093899718787
-0.0502464082794205
0.0058674262756977
0.0183183546425632
-0.0132331832133943
0.0102783164871134
-0.00592857782335443
0.0133340243976559
-0.00891797433604857
0.00136407774422231
0.000500515544736402
-0.0299031492536859
0.00433068906414213
0.0135370997615016
0.0012618873118857
-0.00425721098008225
-0.00318629828774064
0.0150294473699173
0.0151699407656718
-0.00489675750309182
0.00772770143576729
-0.00169550710731059
-0.00588184237193445
0.0117445840574959
-0.010112480774362
0.00910621177188098
-0.0172799340282097
-0.00236100849373244
0.0153705095049048
-0.00931753097357735
-0.000740780986024703
0.0153908846598796
0.00914870723092953
-0.0155637835956099
-0.0121089737830786
-0.00724599560856554
0.00253467632817816
0.00678953520203862
-0.00936088313955175
0.016343787578629
-0.016315268124135
0.0022863718231072
-0.0124473901703901
-0.00973224958999452
0.010426255814064
-0.000723738240630212
0.000729948550086235
-0.0141595789731728
0.0110687282420372
0.0217876730158189
0.000822559342351425
-0.00296662589602903
-0.00917604769371039
-0.0170473775837525
0.00318886113809036
0.00155721490728311
0.014575160072976
-0.0289336003257485
0.0131585175557731
-0.0151019860855239
0.00546865275185304
-0.00671087080568178
-0.00325485911693768
-0.00213970793478246
-0.00127568813952905
-0.000633565272876169
0.00276400857304537
-0.000151447024647311
0.0122643460339908
-0.00890696213744668
-0.0101220745787298
-0.01153264689491
-0.00807067268777573
-0.00309873541882411
-0.00821528890240053
-0.0147072585543295
-0.00195692607184306
0.021332345693752
-0.00988549362335966
-0.0054690196626872
0.000121381634157203
0.000253407912355286
-0.0203717483408035
-0.0175419954254519
-0.00346388784155671
0.016015952108452
0.00516047467265324
-0.0117822931525016
0.00940244068383222
-0.00408324640585533
0.00287625400774516
-0.00739140369163138
-0.0148209701255198
-0.0110179968594366
0.00701582750578922
0.000432819824906616
0.0109707936227856
0.00920818376877186
-0.0123000985589048
-0.00644226777200885
0.00210603557506417
-0.00244228966650972
-0.00227179433352198
0.0131395663301905
-0.000866410524219319
0.00511643577126897
0.014989198915492
0.0187160986341386
-0.0030681283042675
0.0135888357372398
0.0178849699367074
0.00979607552498507
0.0110188403269369
0.0123899435000876
-0.00420386807926576
-0.00394388704014936
0.00569790096157341
-0.00273042405899737
0.0135584264864992
-0.0112590256299576
-0.000754070922763361
0.00336058341297196
-0.0152160711958196
-0.0105351796273787
0.000979970918269402
-0.0152485361165535
0.0193920552360112
0.00960876873233829
0.00121901595393048
0.00042859701293807
0.0020592516886051
0.0195654591092449
0.00108961105857119
0.0038822086244199
-0.00579297905820653
0.0126257590789347
0.00771016707243888
0.000964576208456691
0.00310811569181624
-0.00651512391158704
0.00261006015401577
-0.00760093924632699
-0.00381523586511001
0.00263933547308781
0.0119249949298723
0.0125965758130668
0.0212370758090312
0.00599013321396313
0.0142072708396714
-0.0060467426328028
-0.00498317173319052
-0.00990471958019512
-0.00469762946995012
-0.000848052598339422
0.0138537971211985
0.00479630173796863
-0.00168257563891494
0.021139450096225
0.0191603935689955
0.0125407533042203
0.000458858289967168
-0.00244184509874756
0.00545713502309297
-0.00376130287955867
0.0172207194654419
-0.0128639337484238
-0.00861540614460132
0.0253006274599592
0.00866953260830527
0.0178641653498595
0.00120672048741
-0.01725693029816
-0.0148172855558233
0.00659102132170197
0.00324930526359601
0.00915167556407148
0.00504608185433497
0.00218316207901736
-0.00888749488989049
-0.00170847819482312
0.00950563545031002
0.0110933852293336
0.00976237236197797
-0.0082663529546636
0.0177468349833383
-0.00154013098274852
0.0245797610007887
-0.0183007053434974
-0.0157955959475533
-0.00536962586616418
-0.0127399852128214
0.00441861429074741
-0.0104558347611512
0.0269154733732648
-0.0167514308019925
-0.00741978700429868
5.85273216238136e-05
-0.0294359386909235
-0.0161906061198369
0.00420306519799851
0.0146730310958016
-0.000641556011490962
-0.0285986274318564
-0.00876861493799197
0.0143790528557108
-0.0118572876618703
0.0207465758015459
-0.0110159291030296
0.00410725095001396
0.00888176857754353
-0.0078466143589857
-0.00299833517054537
0.00321849481501957
0.0210980019723053
0.00619108951780234
-0.00632889016940297
-0.0115409803811115
-0.00103753580987309
-0.00297229100464058
0.00160240574445147
-0.0134481630064123
-0.00586865341550258
-0.0106096427943712
-9.68726631356276e-07
0.00529364555397649
-0.0159459331785765
0.00305503331569312
0.029596598647009
-0.00727000260388166
0.0126844364501082
0.0045561701477137
0.0303164436933425
-0.0239838972163788
-0.0180869947795834
-0.0154408823430288
0.000928301915635643
-0.00974996522464622
0.00815597065136942
-0.00244028943752816
-0.0199109330855016
-0.00948537361982815
0.0104680654175375
0.0207812494482837
0.00148393158194793
-0.00201168539686769
-0.013352709776127
0.000341080558369455
0.00382928364533441
0.017659763734569
-0.0252833644010426
0.0095183610541465
-0.00499040717375365
0.00148504656826276
-8.76321266307656e-05
-0.00681755872626333
0.000151909574350739
-0.00269683658675746
-0.00488641162618642
0.00514187595577731
0.015518090824628
-0.00133314914543803
-0.0134984400986422
0.0200034413336176
-0.0241519353292148
0.00387928951506389
-0.0130886812743096
-0.0231897285458302
0.00749990368580278
-0.00271522526669976
-0.0148547598342077
0.000494245394726534
0.00117832341050672
0.0268868569057688
0.0118444226801238
-0.0158792951326756
0.00846710725366684
-0.0184904128934775
-0.0201519233583038
0.00731780518403369
-0.0152209220340715
0.0276606320895443
-0.0196590616804961
-0.00237899026224575
-0.00412773871834915
0.0105376412355227
0.0100979911454964
-0.000318574404703398
-0.014805632488315
0.00343092817881008
-0.0117816597282339
-0.015845135327778
0.0168153836092895
-0.0190255804569439
-0.00932371237997209
-0.00942829377993348
0.00860173467054359
0.026104128254099
-0.00612871080794086
0.016385628472376
-0.00926065010841626
-0.00144088009690613
0.0117585342153319
-0.00838051516570992
-0.000503312541686896
-0.0126574735156311
-0.018588209616393
-0.00136486706807482
-0.00974374294209213
-0.00547722834254039
-0.00648512712395011
0.00727517850812376
0.00238459840656269
-0.00265803645731211
-0.00188824541466559
0.00526558718249071
0.0058816155304573
0.00996213613827912
-0.00974632109063656
-0.00617600554199882
0.00403558944163329
0.0029930153009694
0.00585560114827288
0.0084479879050825
-0.00407670332076293
-0.00498648956942915
-0.0159474711823631
0.0069687247902408
0.0072321576932044
-0.022547740856627
0.0137421542419816
0.00720950918691976
-0.00902800066694098
-0.00808013216328973
0.0160418033276279
-0.00428227118850799
0.0101532769435853
0.00791040542339161
0.0228377311135084
0.00966071561630777
0.00362479355002954
-0.00650866482069468
-0.00675795180118044
0.0248324927614938
0.00215773060031488
-0.0056202196286872
0.0140081762096571
-0.00266961280315314
-0.00877331994099606
-0.0100559289060964
0.0139414179766035
0.0106998718634053
0.00167811231483483
-0.0268622398718676
0.0105175395730654
0.011273039132492
-0.00342175734457051
0.00534850221249883
0.00657020259003005
0.0284329308964946
-0.00787460088012892
0.0180561848269107
0.0195321499995487
-0.00500924624448729
0.00320305597963966
-0.0124149934387301
0.00123750626869779
-0.00663069930993387
-0.0046294358508856
0.0130170815949135
-0.00613167118222968
0.00408221390975605
-0.0193983290206798
0.0125422868520726
-0.0164205645366167
0.00171401967456219
0.0208621790576231
0.0124838093465485
0.00564662650936221
-0.014150110560891
0.0115049545527448
0.00280248846291542
0.0144573732882147
0.000929821273338405
-0.00907681287126927
0.00118689619097623
-0.00367787693497057
0.0115459679564189
-0.00465396248703698
-0.00317050211362613
0.00343095957542161
0.0102687393877829
-0.0129202447277255
-0.00568354981840713
0.00778581352385821
-0.00104692683833107
-0.00722848469103177
-0.00687994803116965
-0.0103299723552084
-0.00793215669954606
-0.0108250128257996
0.0231444054973249
8.07164932030702e-05
-0.0107556676401543
-0.0134045629074855
0.0171467569576773
-0.00159699685407055
-0.0034131410651117
0.00447734750458118
-0.0296864310139942
-0.00565251135348177
0.0118963273296711
-0.00435660639983659
-0.00323808500968426
0.00433509402801313
0.00187844399745174
-0.0010571664581196
-4.96902068487515e-05
-0.00495274847781246
-0.00088820520133126
-0.0038141043766089
0.0127828366076113
0.00421607668964441
-8.72799428641713e-06
-0.0120263141513135
0.0148059112348324
0.013819559089189
-0.00613798813655109
0.0019087024122264
-0.00857814529919665
-0.0114228884340104
-0.00976162808736447
-0.00948046593419782
0.0220940664840761
0.0145067344338514
-0.0165418567772662
0.00800941632515872
0.00146457452040849
-0.00187904001873562
-0.010311734000803
-0.00046810453284607
0.00540220545042303
3.53986307572995e-05
0.00499521995468299
-0.0136297291446219
-0.00170604042909517
-0.00792317013889843
0.0260424956411054
-0.0139891519062356
-0.0245076096285022
0.00748416735847712
-0.0160783008399346
-0.00936478581453137
0.00517013905662544
0.00804552335202224
-0.000701694728057589
0.0147234660256448
-0.00951534420320677
0.00351756981989126
-0.00518091171197099
-0.0162110112509222
-0.0260906288929075
0.028902071913409
0.0349535156296259
0.00171247936619956
0.00584539743572243
0.0150973400109589
-0.000790319553829022
0.00269026712002152
-0.00402729336463459
0.00310109719672802
-0.00880290704640174
-0.0115911150175858
0.000621648646943029
-0.00181818272188572
-0.00919880318930844
-0.00785281812120786
0.0132963091028966
0.0090751305320147
0.00517780846956661
0.0226190698461917
0.00162163688240646
0.00114521083632901
-0.00926108710477713
0.0155387391395401
0.0037395590847602
0.0072914585703181
0.00600530163035273
-0.00456512959316058
-0.00545274193738621
-0.0060891834660719
-0.0159060680953562
0.00282011799532711
-0.0154413748840057
0.00473769480150033
0.0135304112988912
-0.00940528888352077
0.0198639437173611
-0.00691354461763716
0.00267789134805341
-0.00811911060412385
0.0151878681052899
0.0311624207404542
-0.0139195183330436
0.00490892926971753
-0.00891919479526671
0.00150505758616326
0.00506042161085318
-0.0142213189263689
-0.00977195990317092
-0.00592667068212194
-0.00573599909029454
0.0071117857692311
0.00145631787542833
0.0136898398715886
0.0113105211174194
0.00313443898974697
-0.00325362983047128
0.00111090406951497
0.0187945399377494
0.0150182434412098
-0.0107312597953317
0.00184159832491559
-0.00162124739436287
-0.0186953239806211
0.0205965408645472
0.010852452768102
-0.00356056931241788
0.0127883192495908
-0.0135496936942996
-0.000709279142757424
-0.0163582167020895
-0.0130263854784367
-0.00826715098424913
0.00669182643335731
-0.0158288197494407
0.00250673823615699
-0.0128719875743233
-0.00976034220149202
-0.00237912176624455
0.00507048668457344
-0.0163693367345576
-0.0160989182392548
-0.0125221562424862
-0.00156144549406356
0.0116358566176746
-0.000559688351373211
0.000363313966689205
-0.000965492656545663
-0.0179301182422424
0.00766779609824653
-0.0248024584042046
-0.00220303468515581
0.00539181927659094
0.00289217102053207
-0.00766198142012442
0.00885714290806661
0.00651721647016146
-0.0167355127232156
0.00896808357801149
0.000325849135869305
-0.0035439562690236
-0.00415151714255124
-0.0131794432425725
-0.0152084262467493
-0.0114006460750691
-0.00267561130224259
-0.0053894289811236
0.00145287716428655
0.0285096706269439
0.00283640701450061
-0.00511603719006004
0.0067452476636447
0.0100183037827311
-0.00830776841949188
0.00948672621178659
0.00874696645124473
0.00130622044506978
0.00583487686054696
-0.00123362064638499
-0.00568474953488618
0.00391327245360173
-0.00871260489537029
-0.0033333015827548
0.00975990112766567
-0.0110828146281534
0.00884284198537877
0.000535410864729968
0.00836888135569147
0.00276106932149212
0.000153227884668539
0.00611201132567984
0.0191894133192037
0.00132355866956679
0.00898374817823466
0.0109345419530591
0.00418658872706423
0.00832077335368986
-0.0205609316899338
-0.00366246566976081
-0.0132066554478243
-0.00658506769267575
-0.0199863449423479
-0.0135638790533328
0.00720536778766068
0.00343488391993496
-0.00851766055903624
-0.00633879493901723
0.00520958464633736
0.00796650890112183
-0.00724743302534669
-0.00564729518152696
-0.0070333431909706
-0.020435475639891
-0.0151693144048775
-0.00506185399179238
-0.0136838870083302
-0.00612145456922519
0.00725777206990585
0.0195500094343029
0.0248556450530142
0.00209844306766449
-0.00588365013921965
0.014406896055922
-0.00533899090914502
-0.00513126656221985
0.0056093312060046
-0.0239948266787788
-0.0101718653331559
-0.0098799900252029
0.00614584524196005
0.00585158622424053
0.0203757612496993
-0.00109877630919897
-0.00907880769216263
0.0180733604284669
0.00397298171315086
0.00525140763811649
0.0253368104492555
0.0147511408131908
-0.0116136385410908
-0.00800843411460583
-0.00622502413598447
0.00591203215319958
-0.00860912372414724
0.00422895360540565
-0.00285059918957131
-0.0130330492995459
0.0119390992167538
0.016719899017005
-0.0099472647854828
0.0113557529410411
-0.00889931066624428
0.00478294988346306
-0.0107984308212963
-0.00445566669864661
-0.000507728905024152
0.0127970952423606
-0.0116156880364233
-0.00261742614047833
-0.0101150335184208
0.0195408968955331
0.0126442142169427
0.00155092032053616
0.00952985118012606
0.000398775275575858
-0.00477997797102603
0.0135005745503882
0.0100825756814551
-0.0315065081061174
-0.00274039886343935
-0.011431375280841
-0.00861087726429055
-0.0199188823782048
0.0094914923949716
0.00825209459471843
0.0163837581016502
0.00637640224897851
-0.00192394377983973
0.00724407783602388
0.00693402107387442
-0.0299267484894887
-0.00862163953429906
-0.0195405284071573
0.00365505887333484
-0.0135289471055611
-0.00198145549114237
-0.00426317920068087
-0.0171394921795329
0.00229675301403098
-0.0312487416103551
0.00751106101896859
-0.00656170087765062
-0.0132067856867639
0.0194234319978115
-0.0108853348703182
0.00375778630866641
0.00420700389847894
0.0273973174384974
0.0196007635477731
-0.00636641065215926
0.000708625425968279
0.00595523247482355
-0.00946444106761213
0.0122616740523167
0.00207894226134897
-0.00527569953793616
-0.00166874742145673
-0.0158740269274968
0.0222327555502435
0.0109414365986193
-0.00882890241465617
-0.00638103752036656
-0.00136758738439191
-0.0146809416735376
0.0194261052517533
-0.00897481424415325
0.0206343254292847
-0.00121547767214913
-0.00605547620685343
-0.00238627821067361
0.00759711939872965
0.00789324423522686
-0.0193263179468541
0.0124036612708878
0.00317506456368477
0.0134734632959876
0.00105395329201841
0.00553266455680834
0.0111132823611726
-0.0035490664472686
0.00414312342446799
-0.0051482493942121
-0.00263448421388546
-0.00966628324613517
0.0099656150768066
0.0040543688671022
0.00193119488264237
-0.00713376470596927
-0.00801107251003152
-0.0143851790343188
-0.017649897897476
-0.00259026256031269
0.0193626207090336
0.0112396912449491
-0.00350805073942517
-0.01033691839738
0.00642539874785975
0.0140994174065536
0.0145533411451879
-0.0081630616662558
-0.00442378285009326
0.00192835172834549
-0.00621873633024883
-0.0135499798135879
0.024059417969772
0.00309140094578808
0.0145886566707567
0.0122334563878557
0.00754595918545142
0.000389068333326748
-0.00404044255864378
0.00781604890834409
0.0134354372642189
-0.0168383123514868
0.0102758358430872
-0.00337018602191286
-0.0183335190532095
-0.000882758513512272
-0.00388682925943229
0.00654610004327161
-0.00395373172710656
-0.0156856693593834
-0.00857872134784365
0.00603627543879881
0.00619748784497176
0.00484187880635467
-0.00316148416326278
0.0111599299788256
-0.0145745252688627
-0.0089430307909808
-0.00323863722322137
0.00189920516419662
0.000674011002709918
-0.0246835037357176
-0.0241568994899346
-0.00930609925513082
0.011796366806367
0.00543618472758389
0.0023726946506013
7.47324997121268e-05
-0.00532095418525813
0.00868390375708827
0.00280616020576829
-0.00783379660982497
0.00234950460776417
0.000815937492586016
0.00147715332498599
-0.00689860341775272
0.0104989829038331
0.022825871980805
0.017418052073447
0.0333849676570459
-0.0263782352098421
0.0123933171982333
0.0245240568548617
-0.00893975302681227
-0.00177840177075339
0.00384503072300468
-0.00171826458803359
0.00964347074613237
0.00856468227557805
-0.0170965084219237
0.0104948084138599
0.0198030182427296
0.000605619826227866
0.0256094135490859
-0.00438020091574387
-0.00285264955148179
-0.0182207882798853
0.00435475806159502
0.0121503201588595
0.0128320502656472
0.00607279539218197
-0.0105252218918448
0.0142867474081445
0.0122706317911394
-0.0100561206693595
-0.00731688792474827
-0.027968647986544
0.0013343104982031
0.0189237177004955
-0.00172679640889051
-0.0234250905730438
-0.00170444405314818
-0.00103313304043517
0.00467096763724228
0.0121089749018015
0.00391157946745935
-0.00312941920782528
0.00659018811655088
0.00911212142021434
0.00312285970746373
-0.00144042758050134
0.00530390789982427
-0.0159093883679429
0.0159872542170891
0.0154153771136283
-0.00163538821031217
-0.000209605587016881
0.0095489810663647
0.00107394103369529
0.00304018637598524
0.0216750285600966
0.0124719418817723
-0.00387538783772179
-0.012115842606093
-0.0175653049754292
-0.00316131037320844
0.00669687653791406
0.00506661100979677
-0.00272538262257527
0.030019235114608
-0.0179806574888666
-0.0149367295886353
0.0279910689188227
-0.0082476634756059
0.0051608643271237
0.00854354438779303
-0.00312173209273503
0.0120112893945272
-0.00789749957521835
-0.00169371120220063
-0.021076148028456
-0.0105876318605453
-0.00733217586893886
0.0038676062241656
0.00394902368010364
-0.00501116151631287
0.0236986080945876
-0.0173382313346142
-0.00431918490206407
-0.00630510876643342
-0.0156839336551879
0.00241484495412436
-0.00745490322291786
-0.00738676467751276
0.00961705315779859
-0.0151605324505493
-0.00144918469107225
0.00332120175151118
0.0156515111856432
0.0111133132602035
0.0140265548767573
-0.00962352226017771
0.00302007956836015
0.00679774347772799
0.00255830640310251
-0.0102795941268852
-0.0163871054925604
0.00323085564212988
0.00908190914302054
-0.0190787234442649
0.014733355392627
-0.00912951152565711
-0.00839676699026981
0.00584591514590649
-0.00725835375545714
0.00566112829297616
-0.0204700945705962
-0.0261728992869799
-0.00672138984497828
-0.00276477587545187
0.0156707000966581
0.00770879155737703
-0.0136260111938462
-0.0137466362128897
0.00945474508607091
0.00219561547387137
-0.0203488350158878
-0.0108269644322654
-0.0125558397100161
-0.00710848818514798
0.000534116932815465
-0.0140692306840808
-0.00198541006975361
-0.0207733873816132
-0.00416082430313836
-0.00167336357955428
0.0258491868225015
0.0105590007571124
-0.00730248066184913
0.0137689738922617
0.00830990296795875
-0.0186576545235866
0.0203619116521487
0.0153610833488997
-0.0242031466261903
-0.0153620570261452
-0.00357667292637309
0.00157556975623763
0.0085747396167335
0.00885857792739131
0.00711044692454976
0.00174463618901832
0.0071868733858178
-0.0140273121491656
0.0041571167005241
-0.0224758236194091
-0.0113002360879104
0.00219857238024268
0.00246496735843493
0.00333036082651539
-0.00828106326248701
0.00220647107217786
-0.0119703538417237
0.00203758290752987
0.00224812015781239
-0.00317495773254173
-0.0156771704142056
-0.00804868507998258
-0.000237406463766021
-0.0107466112395382
0.0129456608905372
0.0127688775888757
-0.0116982306432742
0.0110720603100667
-0.0141437999212339
-0.00288624972365348
-0.0136865789219272
-2.84372700178892e-05
0.00564898008904358
0.0200661881108779
0.00677099197381459
0.00828258722477315
0.0124321405183974
-0.00151218710496259
-0.00747811810033916
-0.00967386901273493
-0.00694461429426596
-0.00875934532437839
0.00178914339967839
0.0266793941646846
0.0063628257706867
0.000859713720128497
0.000999450204584917
0.00242134939581184
0.0139711659493091
0.000792800250597026
-0.00604256879016241
-0.00817721699513108
-0.000471192531739106
0.000166002537083543
-0.0116948783877575
-0.00450520950978017
-0.00550001116815757
0.0133959260406495
-0.000832509215019428
-0.0225703899290437
0.0121961751897341
-0.0156753097815354
-0.010200037519386
-0.00826117290084483
0.0266336117757202
-0.0122551016577361
-0.00183004479713489
0.00228291762027766
-0.00379029232093409
0.0122987930288616
-0.0201088484237122
0.021132316466435
0.0132830871507572
-0.00148266895023141
0.0163172695519407
-0.00692921493134868
-0.00779108695450148
0.0028393302153642
0.0277385375594914
0.00343884604107991
-0.0148044640956115
-0.0186224960957269
-0.0178880896769709
0.000169325374892892
0.0116379564758535
-0.0297307930675448
-0.0125066847032311
0.0214007634830597
-0.00992091254225969
-0.00810304810725526
0.0134104857583939
-0.00320456977661188
-0.00646867681423657
-0.0040632477913114
0.000109256091716858
0.00386008295534701
-0.00240130851576126
-0.0107895934507116
-0.00867008940427993
-0.0089239276187314
-0.0129612480565395
0.00110731037572265
0.00483709733925508
0.00584092615041065
0.0113689907266572
-0.0092900494838144
0.0134353421485223
-0.0107143632317364
-0.0218193582108839
0.00597111976188991
-0.0152157390890455
-0.00770857593045449
-0.0198705456995913
-0.0119134439972761
-0.00233071241353144
-0.00839722371639162
0.00290048208153948
0.0272736591696141
-0.0102469890184835
-0.00597987872740191
-0.0138686593795487
0.0091596241124563
-0.0161893350024638
0.00518151353929674
0.00680851539527083
-0.00418859254320303
-0.0061664163117392
0.00915021754848233
-0.0110853124189045
0.000262507782055721
0.0106852218438256
0.0210085816676475
-0.0144360137722259
-0.019659266644549
-0.0168258943146853
-0.00448591916648233
-0.0102488307795277
-0.0362463347787365
-0.00743260768750886
0.00239507266802086
0.00304833657660808
0.0232531731167605
-0.0126867974770697
-0.00898415712668488
-0.0174841822677863
-0.00795837723851456
0.00484918279066804
0.0105707754268174
-0.0231341393992164
-0.0230304541883957
-0.00423496072928309
0.0100657342285544
-0.00406104846165789
-0.00780787102612912
-0.0173533760291971
-0.00398869531296953
0.00231658860454154
0.00481671133177031
-0.000498655311725216
-0.035927786870003
-0.00527059956123388
0.00406503782751066
-0.00771330841489259
0.000884969650387646
0.0130761855371091
-0.0153410103194496
-0.0143291239202821
0.00386909360735288
-0.00200935485614018
0.00278135249489608
0.0126552764817411
0.00108772558746928
0.022062511800149
0.020093177784366
0.00624324078426852
0.00665162345709369
-0.0156714177694965
-0.000880431407850324
0.0149706762465893
-0.0148101506723588
-0.00265087989579094
0.00952325200417192
-0.00092705359954337
0.00706786752832755
0.00870799808998335
-0.021161362759953
0.00967872017866611
0.00297914614563233
-0.00320039879860268
-0.0139647771440732
-0.0108009661619022
-0.0133768382390755
-0.0140806035859153
0.0130398462401864
-0.0140894605428326
-0.0153688698146368
-0.00511189551723312
-0.00542973197060626
-0.0120972508332624
-0.00171410779140047
-0.0115864536371753
-0.0160331424220548
-0.0227571807042626
-0.000799402449304765
-0.00490023899356906
-0.00232148608803762
0.00909081847501803
-0.0123336433073948
-0.0147811407661091
0.00668705948926274
-0.000910124600157047
0.0103923898024636
-0.00131671918417453
-0.00480303554058992
-0.0144003991247388
0.00671685035930381
-0.00505570981238002
0.00796892100938074
0.0148831646229741
-0.0404179625731995
0.0137712360445832
0.00738186890073855
0.00573668385799131
0.0194809508482017
-0.0102599680237816
0.0120529920712737
-0.0115405859944442
-0.00473012814698137
0.00373417885204574
0.0369625477003552
0.00578210315479488
-0.00777942870643678
-0.00579920150948254
-0.0270897345879941
0.0100995839776257
-0.00927833685401502
-0.00802428282884549
-0.0018018594640683
-0.00934758663229296
-0.000422856409851846
-0.000548156402748745
0.0056904014622905
0.00166448843724964
-0.0101489986391812
0.00511092517436218
0.00333670197974278
-0.0103632557894962
-0.00314712363716119
-0.0058522312159468
0.00694093775548588
0.00233350174731761
-0.0135964585169344
0.00503317216688437
-0.0124904867392424
0.0133825587501288
0.01179687199377
-0.0300428057537339
0.00632547436561914
-0.00395394850677278
-0.00500252297020332
0.00378328839013875
-0.023095045705567
0.00364194357985426
-0.00685473081260035
0.0279923183842108
-0.00998979675688183
0.00325276920385775
0.0055345431231455
0.032268574244025
0.00734659022803363
0.0118164952653004
0.0123006938746393
0.000452804648578109
-0.0175862478808408
0.000344540190791776
0.00672138336414818
-0.00850395924129899
0.0101940950105348
-0.0101831262898724
-0.00840873212281323
0.0195155792014621
0.0165944466447794
0.00218642154505133
0.00301547890710019
-0.00944785362860578
0.0205113023843904
0.0105210599790055
0.00768354149028738
-0.0136315604465747
0.00530041351020039
-0.0112521786382533
-0.00565913951254693
0.00407129356514346
0.0129565448690538
-0.00509082755299772
0.0538116987220896
-0.0206023148311054
-0.000698541437211375
-0.000648436002792963
-0.00415387649378651
0.0147149578495558
-0.0131536859104919
0.0181125407475147
0.00436669785156241
0.0225803631147254
-0.00360043803023657
-0.021992668655308
-0.000111511154155863
0.016887626716878
-0.00291969058176633
0.00856501487079697
-0.0152961160032845
5.12823257867723e-05
0.00790899459799199
-0.00190078789856685
0.0153769586734089
-0.0085405662330178
0.0203866719483088
0.00399475815284411
0.0104184179962505
0.0158194777395337
0.0130080795477063
-0.00595316923766376
-0.00800192284752299
0.00949079097167882
-0.0412281419261458
-0.000600324156035725
-0.00311480000710951
-0.0125302966813887
0.000703066959317766
-0.00956134904993
-0.00170004057595108
0.00468649307656577
0.0130740829570204
-0.021049420103024
-0.0167079140813691
0.00780743787543337
-0.00795826565570223
-0.00503656432960575
-0.00318737925045731
-0.00694542440419532
-0.0110760399001766
-0.0110086831556302
-0.00553779872932481
-0.0153995747286295
0.0202450760600197
0.0110611705887624
-0.0138378522595204
0.00401102226085825
-0.0131712465560927
0.0162423058369718
-0.00285288112259607
-0.010073277747102
0.0109501196535824
-0.00429837019721546
-0.00347090725176002
0.0133813340108571
0.00719337370111184
-0.0105604028282524
-0.00481316846194524
-0.0161523472407996
-0.00456720256598153
0.0126379956457914
-0.00514358871007659
0.0109829652875071
0.0103760383675091
-0.020460427472587
0.0240916607430623
0.00318693308635964
-0.022606294674695
-0.00299773588524666
-0.00221328020675138
-0.00641317226027027
-0.00336704833362234
-0.0120559958928244
0.0118730184556544
0.00870042563740192
0.0255564578599952
-0.00325555285765766
-0.0216059851003667
-0.0171935884229413
0.0036796164333861
-0.0154612396634253
-0.00786260326865751
-0.00684889686469248
-0.0126425935878238
0.00785959676423253
-0.00550706610330209
-0.00200935044412631
0.000137662096840074
-0.0029691888288248
0.0139185926843055
0.00558645570999161
-0.0227313555501283
0.00487754339951429
-0.0164455721250665
-0.00848918964501522
0.00656268419683848
-0.0134053972333117
-0.000159348468624643
0.00326052225083373
-0.00392459363793307
0.00342598136465888
0.0249918021775049
0.0136456643850096
-0.00964722693834474
0.00268364757067197
-0.00186284768882139
-0.0186952291458606
-0.0298155362633068
-0.0173920930043732
0.00231448260940148
0.00111514650424915
-0.000765323927108597
-0.00699841307946869
-0.0220280312452008
0.02385588810162
0.00469265626635007
0.00456845520613847
-0.00811781648626742
-0.00130881390518844
-0.00619804055109086
0.00247510625277236
0.0140168654064361
0.00118258239972491
-0.0127008590683175
-0.00968801974022782
-0.0120982072247919
-0.00292353273019863
0.0169149882245474
0.01085310862182
0.0160312068298918
-0.00140596364324175
-0.0105002312432614
0.00302949800617647
0.00830148001217879
0.00707615983363752
0.00505091585213435
-0.00507294403797331
-0.00355527851825954
-0.00188889339682241
-0.00375392723277024
-0.00134852679113528
0.000900489307390728
0.0279121818356618
0.00937357198923117
-0.0116141180061025
0.0202545319485576
0.0141962251161001
-0.010891395042842
0.007198774022946
-0.00350660654027912
0.00673379349333914
0.0215520847313222
0.00918965788278214
-0.0243558378455901
0.00637034142520676
0.00202406362223329
-0.00475478955796582
0.0109776813629878
-0.000600071916757372
0.0200005733427826
-0.00956677636438208
0.00621420505779291
-0.0074588048242461
0.00668708259988193
-0.0155018306883186
4.21190877268884e-05
0.00437192341946435
-0.0135984145562933
-0.000661063086212721
0.00315894511873793
0.00368848562528612
-0.00200053143263901
-0.0118771810568354
0.00216494465628081
-0.011729102757478
-0.00351035595280713
0.00389874793996903
-0.0173709245441103
-0.0553287864051786
-0.000954261842046833
-0.0278981626303185
-0.00763578299434364
-0.000993842413837598
-0.011220349175348
-0.0101925709502275
-0.0122777896891098
0.00113303216627791
-0.017128378782111
-0.0186435103317972
-0.00842316441822177
0.0277680064231696
-0.0106612709888552
-0.0137970032007146
-0.0133578610790259
-0.0124676269872044
0.0117425133063556
-0.00425727702010015
0.00924056163633935
0.0122050167555887
0.00551613156733133
0.00230622809108816
0.0132988592783327
0.00288641261707845
-0.011816779714195
-0.0127347596969134
0.00929194284822188
-0.0127962069683711
0.0104001992029374
-0.00507005608007738
-0.00792067674554531
0.0140279362837159
0.0111455033081977
0.00332252032840152
0.0039056550210006
0.00741650673798944
-0.00206771000202544
-0.00768895546818626
-0.00086915210982319
0.0251647468001366
-0.000395761749354406
-0.0142030185134772
-0.00669229312675057
-0.00599758091481561
-0.00732169449824482
0.021722605819388
0.0116741338589268
0.00306537638489601
0.00666573985972541
-0.000110004609554792
0.00577315605752027
0.0026508453252152
0.0104862904915866
-0.00202385362602975
-0.00346350907529036
0.000388039738828283
0.00934313642615869
0.00491101096604396
-0.0115811124483685
-0.00665643631533008
0.0123746233657496
0.0120740838976729
0.002528267332913
-0.0111164004792315
0.00119209727315273
-0.0194977356916404
0.00675777491907503
-0.0055970239061871
0.0187651189297071
0.00879960288213688
-0.0131438846511998
0.0165759221151021
-0.00643805037620737
0.00182500780975836
0.000634688577996201
0.000131349864574304
0.0196886653693742
0.00412515642399214
0.00128288585945846
-0.00643078312642942
-0.0110846453360054
0.00579131006310263
0.00321498043040691
-0.00574003401785284
0.0141678869566846
-0.00974265712270039
0.00472447440956358
-0.00462094597991047
0.0023459069570837
-0.00296294883153969
0.0269152759739679
-0.00314360247820211
-0.00274430257762681
-0.00116812907196007
0.0137128904167394
0.00916665692017737
0.00806370261462597
-0.0224617557881484
0.00447977897665552
-0.00269420519978603
0.0224745665017636
-0.0100855377472904
0.00160556932113387
0.00530341503501219
0.00290879127300414
-0.00213363076921524
-0.00319047430702213
-0.0130283933980113
0.000877215294959655
0.0113468006448052
-0.00442354131643263
-0.00851415152804869
-0.00317269490108707
0.0143338346318878
-0.011855347004996
0.0178853725415475
0.000672702026646377
-0.0283771807572162
0.00525226022230996
-0.00660686881729333
-0.00259326545581295
-0.00744876581831733
0.00609789048615639
-0.00445088852329434
0.000662572553380869
0.00505567375559757
0.00843435255172409
0.00779245165728426
-0.0137979743896679
-0.0106995353316215
0.0206611934374106
-0.00663778878913313
0.00657845949041835
0.0192369049230248
0.0045738191529292
-0.0102536942209408
0.00282020936086447
-0.0154950463032169
0.0061952940669201
0.00763188028248507
-0.00504839630780829
0.00697364185326244
0.0027102609666656
0.027698912943027
0.00100538515798299
-0.000823117418983443
0.0106673014429788
0.0106097752168619
-0.000281251566185858
-0.00270702695825698
-0.00209076790441465
0.00212883538411823
0.00620194039566968
0.00728402081197466
0.00645802171340826
-0.000485580890867254
-0.00300791453354243
0.00400938724735589
-0.00144140005349769
-0.0199837240641578
0.00495442343088115
-0.0168931037583135
-0.00628658401374338
-0.00149274066370353
0.000277616856608986
-0.0023038503170234
0.00344408136207441
0.00726214720212681
0.0222307101643775
-0.00440028396682912
0.0206972638877065
0.013600145426155
0.0168132363714708
0.00252671122486881
-0.000146331601451166
0.0132622272681093
0.00574332274655376
-0.0210953070319633
-0.00189800070031154
0.0281696424982734
-4.17019977838606e-06
0.00501460979589297
0.0155238209745239
-0.00207723234229285
-0.0015298316662431
0.00136726376019425
-0.0141617852664258
-0.0010025519419159
0.0136267132579011
-0.0257624715319622
0.00986710461800655
0.00508742468028522
0.00264346311398533
-0.00546033536714496
0.00935302570100305
0.00664875924335995
0.00395185626251582
0.00381077876464175
0.00673847795414062
0.00863123312518788
0.00843142466691482
0.00516976395166502
-0.00185248446442543
-0.0014042375996226
-0.00244107613032973
0.0134402643613161
0.00824245813427105
0.00427940249371872
-0.0164898488811591
0.00520458794809997
-0.00608003425872816
0.00844179235198972
-0.00153727011034199
-0.0132953359183183
-0.00933950879047352
-0.00759015254093498
0.00624426910564679
0.000954870131252505
-0.00241646235826032
0.00687911243215567
0.00523854507694743
-0.0023142219393435
-0.0186872379966481
-0.00677193360934325
0.0320675296156789
-0.012012277107381
-0.0109933682630778
0.00923489191998605
0.00763478349187174
-0.00698197266950551
-0.00453256120290213
0.0154337809986398
0.000617713164608347
0.0123944343825677
-0.000459457588860346
0.00244289116540486
0.0166061056151587
0.00260774100925154
0.000513328054520201
0.0205215019273997
-0.00514069265823558
-0.0226863726610205
0.00664808892009283
-0.00223401496087838
0.0043113484527737
0.00799881266567581
0.00596437344860057
0.0229085235898268
-0.0286609816883381
-0.00761880540769688
-0.00275076288404819
-0.00798984440937822
-0.00776862697408021
-0.0182070671762045
0.03267653886207
0.0113005378543871
0.0170700965268438
-0.00230821930562897
0.00542355386202509
0.0214884904401984
-0.00379301810342447
-0.00721651279262581
0.0202239968117457
-0.022117999249188
0.0236059837789284
-0.00859597277160873
0.0069349387685147
0.00687717668231258
0.00789449837042433
0.00341752666039774
0.0145227008705291
-0.0083124838020403
-0.00147461618604794
0.00330825689199266
-0.000962398926752428
0.0199747820647787
0.00293740960454514
0.0161511458478589
0.00325695426338868
0.0102465673608947
-0.00798250650999321
-0.014009510293576
0.00698920956147475
0.0184380776274473
0.00907876199916835
-0.00403212275720222
0.00918223472527302
-0.0263762481999947
0.00541557590011621
0.0102870333681313
0.008564815266352
-0.00391890155976071
-0.0107740119886053
-0.00477971530692933
0.0290605406670412
0.0328560743051067
-0.00193826231958916
0.023168436863287
0.00848387840142451
-0.00663634708745953
0.0199950380102543
0.0426206246410796
0.00940715569585748
-0.0161683177029204
-0.00874023509233623
0.00690136290041998
0.000663540936148621
0.0085715199438976
-0.0254512521384296
0.00153221193911257
-0.00815097468597514
-0.00704445030127765
0.00656436858973564
0.000870318730262554
-0.00869418097571995
-0.011620027396015
0.000242212254690344
-0.00533219349905245
0.0120758923144617
0.0103409442143629
-0.00225047114661692
0.00625036155673087
0.00503381386875112
-0.0134058463409126
-0.0227019102502908
-0.00958639227959779
0.02398487266335
-0.00958557443395769
-0.019179484225786
0.00516000591319354
0.011559392180434
-0.00810129246065117
-0.00471154020194575
0.0066998734431909
-0.00420607109703575
-0.0122042872357024
0.00237944599351181
0.0278336603360998
0.00544681747177478
0.00184373951066341
-0.00523300379984271
-0.00113536371072698
-0.000903433368225848
-0.00653189542877186
-0.00992802050269859
0.0192481492781038
-0.00574198008237659
-0.00743021383484432
-6.75701837042908e-05
-0.00678289164762624
0.00621766226570486
-0.025324992904844
0.0309375843975204
-0.0206993753672862
0.000153328205296788
0.00955681455101676
-0.0170479894344755
0.00637229676030415
-0.0167330627423468
-0.0126138809183338
0.0197159247758965
0.00641306124052576
-0.00982186312801403
0.000199571026431755
-0.0118559227784409
0.00481806818974739
-0.0101088489877057
0.000392489919516237
0.0129154192303709
0.00658603205245356
-0.00226699569757649
0.00527733882054804
0.000150091671308417
0.0125860166834872
-0.0182896102849313
-0.0146540539858346
-0.0142423737532482
-0.00950093324400569
-0.00965527670583732
-0.00318620398861569
0.00661122164014039
-0.00390560329529066
-0.0121471783308387
0.0193768611078724
-0.00673195961140749
-0.00146721397820571
-0.00736379179003066
0.00225020333610715
0.00622712251038138
-0.0143206929157333
-0.0112713735304659
0.00219829349267009
0.00200194096401241
-0.0216046229588027
-0.0110162716942845
0.00183670697800409
0.0124278237326561
0.00287949172275859
-0.0208069989949262
-0.00892067086605586
-0.00167112268464642
0.0123117605532936
-0.0175278640988363
-0.0153819766981016
-0.00823596422902284
0.0101574143509442
0.00347645153028253
-0.010207964549787
0.0047434014941139
0.00181324930555249
-0.00955721956386313
-0.00462371770225189
0.00259647659905404
0.0126664835419241
0.0119207092533102
0.0132076077246897
0.0104186494552412
0.0228532090281348
-0.0137552746935938
0.00526938980915759
-0.0144183617186417
-0.0211904274400112
0.0049528538599084
0.00879885120128598
4.29986999375132e-05
-0.00865830061358075
-0.0177945380624038
-0.00884199760103854
-0.00167563761890044
-0.00526423136677678
-0.0027919684881379
0.0121020139040073
-0.00628060684766574
-0.0339484037450699
0.0222696127157835
-0.0254432525820079
0.0151673138187256
0.00736848766461762
0.00727260378003081
-0.00200474618043245
-0.0129064594308925
0.00107869651914072
0.0154159626539556
-0.0122942725332056
0.0212754916895523
-0.0191330575836641
0.00386474576042062
-0.0181754095383759
0.0167775645435349
-0.000823148279343044
0.00908638527324612
0.00302787181716724
-0.0144290493776946
0.00764786761321723
-0.004456425326131
-0.0123607446219154
0.0143971854162626
0.00166419656321537
0.00727202228781287
-0.01138803275696
-0.01770131902237
-0.0104831479117991
-0.00322832672364726
0.0110220561433625
0.00334663254089484
-0.000531780811369842
0.00328231484359875
0.00924034228154014
-0.00517716019220593
0.00441107489734094
-0.0295362700735318
-0.00213834333395901
-0.0188034355857116
-0.00824192531469947
0.00738511477635484
-0.0116530559163159
-0.0194001313299808
0.00628720804762573
0.00340494918749634
-0.000813512617353851
-0.0115613913973558
0.0156370042093723
0.000843873998489286
-0.00373068978231927
-0.00606755963380046
0.00946966349470557
0.0177856482872123
-0.00440060002625664
-0.00834194819445599
-0.000409648398443707
0.0130880628123453
-0.000974665381120232
-0.0153253460872076
-0.0123858697006067
0.0046345731967854
0.00877722918847645
0.00465291989766392
0.0161595763682687
0.0211904365192428
-0.0110301912543793
0.0010440413584476
-0.00681031473898486
0.00103905962314954
0.00297900906239867
-0.00240622749915786
0.00308391033772004
-0.0279057054983731
0.00690045796495475
0.00484185203129073
0.00307983021348512
0.016709464055829
-0.0191403396436751
0.00643372474028325
-0.00634245672951295
0.00822055237795993
0.014238275209701
-0.00613036435562897
0.00795909672832273
-0.0248021768198878
-0.0110990271750442
0.000217854942087925
0.0107861708427137
0.00906074955332414
0.00809306134478405
-0.0156386897881813
0.0137385025614574
0.000409208125377702
-0.00195351817293243
0.0114844729872292
0.0059352882310364
-0.00143149664003417
-0.00333859945440373
0.0051023332401563
-0.0131427519514311
0.00866227633040673
-0.00629297085301239
0.00714553937495666
-0.00987294531654115
-0.00781431694231749
-0.00539244772908098
-0.0230912655992164
-0.00384422749033142
-0.0159387586643458
-0.00332002511285623
-0.00377135733729261
0.0248500820962008
0.0119904028574744
0.00449829308965377
-0.0101629410020223
-0.00493173593458174
-0.00379790178826234
-0.00185785747018841
-0.00232245130686337
0.0138490015356485
0.013921597537168
-0.0194967136386541
0.0121504527971599
-0.0165073126877395
-0.0108033046607972
0.00577758616218382
-0.0145855845108684
-0.024570768329534
0.0080697750166685
0.00249054303826313
-0.00993081410181595
-0.0152502640666832
-0.025688808294456
-0.0252879022794446
-0.000423261322895385
-0.00455654449469733
0.00727168939304867
0.0196791566149948
0.0212065086425763
0.00575326682054467
-0.00100720114163622
-0.00945418660761632
0.00586000288783595
-0.0116188343170887
-0.0141550477208252
-0.0181245381135486
-0.00132912377494954
0.00267198407313884
-0.0156362232530274
0.00888429858034101
-0.00635965982950282
0.000334384381840636
-0.00478358560010328
0.0205992581479642
0.000618747417110654
0.00338297269791177
0.0231565499408681
0.00956253955121511
-0.0029258794411362
-0.0125965238220012
0.0156765010751663
-0.0210317029808085
-0.00833124070614488
-0.00118739886394614
0.0094525885095571
0.00222859446205348
0.000231403046079492
0.00777664346096785
-0.00856426989278347
0.00854882874551421
0.00108032874555519
-0.0194901232347924
0.00468256496334263
-0.00529113063068642
0.00789435246649539
0.000404969568913671
-0.00306231745510388
-0.0125668998215982
-0.00341763473968903
-0.000361763832319895
0.00666816651337498
-0.0034163930022153
-0.00738883051850081
-0.00920986754244169
0.0190702623615238
0.00199315104710251
-0.0165673378730311
0.00685788747692229
-0.00609971663960529
0.00680330428286524
-0.00720036743191699
-0.000106112158446692
-0.0117625101408407
-0.0344572375042667
-0.00294338656187598
0.00583110051871571
0.00585448066743766
0.00416259009890396
0.0154495339626699
0.0177668440784071
-0.0165065159396356
0.0151470686737003
0.000455516460382555
-0.00230182223937092
-0.0133987285141721
0.00400802855817872
-0.0202799563543667
-0.00182869020139087
-0.00259490057444012
0.0121748379799413
-0.00839620468338254
-0.023874248880098
1.6553085954385e-05
-0.0122359049548439
0.00197347218942312
-0.00246115396189417
-0.02157247423456
0.00544889766525891
0.0170120585710034
-0.00672300017228444
-0.0111170606400481
-0.00843083062796346
-0.0190156103441428
3.44562602663245e-05
0.0207615463573649
0.00124091072115817
0.00265675576678959
0.00639524950568848
-0.00463087840424237
-0.00429854016657849
-0.0154494841190491
-0.0174414891763011
-0.00419344789394493
-0.012226692718901
0.0164425294139949
-0.00533960568796843
-0.0227914557333442
0.00425425662733048
0.00920711268406826
0.00431905487658746
0.00288081337457236
0.00653282103145081
-0.010996104628294
-0.0201821702103029
-0.0162007688200418
-0.00198078272814328
-0.00184818987889024
0.00883718291723312
-0.0252184405862987
-3.04621993318932e-05
0.0021880405528627
-0.035076942173756
-0.00377137639947556
0.0210842998616609
0.00721353889063536
-0.00373640642098394
-0.00691886507488526
0.00100893419439707
0.00882907656269794
0.0270605886278616
-0.0156197113392462
-0.00401664451620221
0.00151734170367313
0.00907670504568792
-0.0041740096656806
0.000457129813096202
0.00993664786020609
0.0102624031414198
-0.00555152586187901
-0.0120460535852231
-0.00457634692708808
-0.00932627835462796
-0.0104231546130364
-0.00380897590913243
0.0221365167126528
0.0154050924275317
-0.00988886924091581
-0.0162928065672006
-0.00114274741681619
-0.0184741004594127
-0.0138390737066594
0.011698737774088
0.00286971380911361
-0.018301821244366
-0.000781390808878513
0.0188132854885019
0.00117154256856189
-0.00677659882766868
-0.0113480947756841
0.0210069363564678
0.00122678482175509
0.00704010164431068
-0.0026335554657404
-0.00507458207968448
-0.01780158984411
0.0113075960405578
0.0231444322262515
-0.0144130120956749
0.0091352969516052
0.0057397169161586
-0.0119024966526595
0.0159193604334753
0.00160712030892896
-0.0147908511230312
0.00495412094174519
0.00923300253696091
-0.00476887636056311
-0.00678669369937701
0.00208760093049953
-0.0114560275320343
0.0221536268738181
0.0243065268923779
0.000657565828879214
-0.000336139477633779
0.00857344344873212
0.0203031642990723
-0.00079324124734903
-0.00487799465337524
0.00410166601423434
-0.00100896714433674
0.00909426673920954
0.00591823217361309
0.00582061614425911
-0.000688896277640794
0.00523902912597585
0.00788727811689327
0.0240379975356664
-0.00501791951734099
0.0329436753216736
0.0151161823104555
-0.0109813466743525
-0.00167906244696958
0.000364974476820379
-0.0185110686280545
-0.00194833432120767
0.0152608867957724
-0.00973896315155542
-0.0118756722231215
0.0115465824239038
0.0127872100384749
0.00819899172066307
-0.0182901973823277
-0.0109252684746188
-0.013198045606833
0.0135149857393273
0.00873824105380017
0.000872538542857626
0.00235401582370898
0.00502384899668051
-0.00155252408544371
-0.00249328190931308
-0.0213680754409715
0.00899182056696723
0.0261506167566665
-0.00935596901218361
0.0245369983210999
0.00428589786527667
-0.00619988310705111
0.00734489850660935
0.00814744851025928
0.0127160028369815
0.0147761828921507
-0.012479660163077
-0.00887827716563017
-0.00706005152669498
0.00456031481632024
0.0184073059121204
0.0154362122738512
0.000145958643663846
0.0109423511864719
-0.0170940937891118
-0.00525448999374767
-0.00352547466286168
0.00017041532907669
-0.010037558811181
0.0149154708287984
0.00504120570645483
0.00849868339358295
-0.00203326914976643
-0.0146887786927152
0.00312756252744961
-0.0114524833923753
0.00531976790757582
0.00815320008633691
-0.0100982179542424
-0.009047780295667
0.0202477908558674
0.00417598228600013
0.000630787422547741
-0.00177981753972389
0.0247372049076677
-0.0118063474031338
-0.00331159128309189
0.0133382293340372
-0.0162805220143305
0.00629066183036109
-0.00984352639346575
0.004951718442058
0.0147881638350214
0.00552195706602987
-0.0128374128825364
0.0211626855069387
-0.00647825358593046
-0.0250629035572558
0.00389810170693927
-0.00774359229283128
0.0112094643779219
-0.00251469842495311
0.0107079386295528
0.0121598435793615
-0.0117849239172436
-0.0135077088868201
0.00941426794370415
0.013244837390296
-0.00656186154677663
-0.0151201170759521
-0.0181983564878845
-0.00681622439948981
-0.00436669649669241
0.0210843861502621
-0.0201545435002046
-0.00823152437759767
0.0167054354788974
-0.00123898924230836
0.000767563113958758
0.0148212126029641
0.0132895080479667
-0.0122972110573443
0.00853218320305871
-0.0167951664250428
-0.0155599032785627
0.00304262014943646
-0.00650356642864658
-0.0289743661108837
0.00734286822645203
0.0293682323055169
0.0145866280921645
-0.00880158513131768
0.0182029027784587
-0.0227604673289008
-0.00376367810249256
-0.0035019418539548
-0.0051211332028771
0.00961458933436177
0.00080867674240892
-0.020246419455658
-0.0146427259436059
0.00178476457904964
0.00499882534098006
0.049027920214554
0.0112620820704716
0.00597898117342943
0.00444179448422588
-0.0142911714545484
-0.000131016586058408
-0.00291927064348663
-0.0117928077153966
-0.00304984804187036
-0.0256030288471365
0.0072773373292776
-0.00390905253679819
-0.00992191315788915
0.0182458122543032
-0.0176907234923842
0.00796231364832067
0.000957505483450305
-0.00512723654609637
-0.0156411131251204
0.00223796148291378
0.0210687115490433
-0.0213982754382034
-0.0325204762691182
-0.0168376769600993
-0.00602508664444379
0.00299023525903941
0.000328745700615585
0.0113699958417932
0.00875506007397142
-0.0160984140000728
-0.0019321880729013
-0.00363462152792415
-0.0151281473613789
-0.00513602342598674
0.0128576886607785
-0.00554898583933472
0.0156878308553345
-0.0128684797875778
-0.00725564033410109
-0.00618035216728785
0.00466452549414242
-0.0163494107217534
0.0150265379740855
-0.00250556668099122
0.00750680127289627
-0.00844251483901282
-0.0226007154845185
0.0157246616052777
-0.00655181558732387
-0.0112831876613004
-0.0153195967968038
-0.00831476914910212
-0.00820812879450372
0.00140768498794763
-0.0127362090411136
-0.0065130663601014
-0.00097789661337444
-0.0130031824143284
0.0223677280295647
0.0219666378265977
-0.00806997040086088
0.00457844272257013
-0.0245752220508031
-0.022605918151859
-0.013945432640325
-0.00154092042124354
-0.00564807973886694
-0.00434441072389724
0.00386103232708201
-0.0210265025736653
0.00906639847327462
0.00846555978772301
0.00437299643219724
0.000765333648949706
-0.000365127268974419
0.0160710779570312
-0.0218602981938059
-0.00187491230553682
0.00156746179880152
-0.00971495516146703
0.00161250288090642
-0.0174902872771643
0.0179599187884047
