0.0117901405973251
0.0144568056450995
-0.0125586966238325
0.0152277728119772
0.00197159281397563
0.0117344353703319
0.0138014585447952
0.00877702572232009
0.0330756415723268
0.0047488479944755
-0.0058478205561463
-0.00301066023072871
-0.00784586802477705
-0.0202394503841936
0.00282594893471866
-0.00180407843795583
-0.00534846408126644
0.0128749166956534
-0.00296695809902925
-0.0137813143888432
0.0125416775110359
-0.00562926657779528
0.0206942803239674
0.0285410439277474
-0.0214733093621839
0.0132199648685225
-0.0185206747436202
-0.00579616965914687
0.00723457841570374
-0.0063494309589176
-0.00182305659327109
-0.016390005796991
-0.00219668096536196
-0.0036899488680231
-0.00505579046667748
0.00189983237352243
-0.0044157261044826
-0.007229616597628
-0.00943828982254558
0.00174765118944964
-0.0132516494908095
-0.0155163983764928
-0.0107800145139076
0.00539318152017265
-0.0157909742169664
-0.00389758993516498
-0.00461583227216011
-0.0141658814078476
-0.00790454527763207
0.0212702636819215
0.00417184025978634
0.00579077805228323
-0.0108183854539485
0.00302438260900684
-0.00352106628303694
-0.00675472652739839
0.00321504184709465
-0.000936754250373539
0.00755574468222031
0.00272746851826411
-0.00229882546185878
0.000852187541520388
-0.00389426671270798
0.00825004306922983
0.00046065768046466
-0.00300962287564355
-0.00799840605261992
0.00407871318253528
-0.0141090127846166
0.00614853832815232
0.014686361581425
0.0185416354651897
-0.0141768329473049
0.00159309104853
0.052133409787632
0.00670146973883745
-0.00441797375145092
-0.0232257280617432
-0.0145008183261348
-0.0174745810225574
-0.0137289722891059
0.0134835913077944
0.000424972243717514
0.0107835669773197
0.0118696761074031
0.0036675706898317
0.0188230572056136
0.0168826769795425
0.00794239981143385
0.0190964626650321
-0.00197675997151792
-0.0107985562620583
-0.01070213558342
0.0138331893526729
0.00510877736526938
0.0016457649400663
0.00853876889615712
0.00652305334916092
0.0023885419446581
0.00338932459454688
-0.012019448475445
-0.00695023185606058
-0.000234508889095375
0.00111059956279291
0.00751181197204787
-0.00869789935844656
0.0057833118808237
-0.00660440765045833
0.0121576954874072
-0.00167064687820173
0.0126783382235405
-0.00720810845798403
0.00552861672740135
0.022252463401903
-0.00684851756270288
0.0116732929616632
-0.020506316391117
8.07836864922251e-05
-0.00804656246308189
-0.00169778661624442
0.0163299485834507
0.00151469569570639
0.0232798949574218
0.0168073063426406
0.00844508744721262
0.00867839032101392
0.000540229212868448
0.0112064039100652
-0.00451050186634405
0.0249270908115067
0.00637973439069928
-0.0124367169701798
0.00903193347764408
-0.00585080158110896
-0.00869685313086643
-0.0143096457733436
0.00145071048791845
0.0189282315657677
0.00588667214971594
0.00164387331749283
-0.00133057501968659
-0.00718085099207211
0.00580518038160815
-0.00172098011951793
0.0043907148295057
0.0117558738646986
-0.00164113039457314
0.015014466765455
0.00408163483083501
-0.0126390642458474
0.0201158535397847
0.00878567586296319
-0.0192648398163497
-0.0168433218618225
-0.00317322629550509
-0.00683654040855686
-0.0152834780496094
0.0271418854922731
0.0132405466001775
9.66530710255764e-05
0.00686529057108642
0.0137168329658679
0.0172895625586942
-0.000689945605936604
0.00546607555294698
-0.00489729466020417
0.00364143123782057
-0.00138175826687847
0.00788594999332592
0.00585163787491116
-0.00157704818330773
0.0117305772529088
0.0146253294691847
-0.00294825160661127
0.0138794867302512
-0.00724711372868869
-0.0202689807214098
-0.00638703073582247
0.0166458103949036
-0.0090992274033852
0.0124414567756221
-0.000855535740481139
0.0146465109146829
-0.00399119699728656
-0.010873922032739
-0.0150881339245408
-0.000103071880439121
0.0161017904013077
-0.00530123952194983
-0.0172188052908302
0.00730092137419924
0.00887135661324057
0.0020410202386314
0.0246883723386249
-0.014577051264862
-0.00884847923772236
0.00253128704701733
5.64379226026812e-05
-0.0144436342557213
-0.0102307498481249
-0.0107677715170174
0.0155949273388694
0.00365290463185652
-0.00546706301213984
-0.0178308677277275
-0.00298394479344544
-0.00899399013281776
-0.00611278294238371
-0.0148336948153664
-0.0154617967428075
0.00280197845756103
-0.00169570849075984
-0.00145116593921513
-0.0144771186081378
0.016531919354515
0.000668617422682649
0.0253205598214694
0.00207994900657527
0.0106225109317288
-0.00981599104369013
-0.00103513207802597
-0.00349698206709115
-0.00768027374137725
0.0102834702395795
-0.0153406843185508
-0.0120343540838195
0.0128107019237671
0.00101312213347882
0.011343962538785
0.0255967374768742
-0.0114433365196398
0.000191305071925996
-0.017890921606398
-0.00532408521133965
-0.00171139753945115
0.0159997137135894
0.00407809056360242
-0.000675894253318488
-0.011091271659035
0.00124933315178755
-0.013793222445921
0.0140226108514534
0.0144268332098032
-0.00239374479432275
0.00900805040131214
-0.0307725308813125
-0.00218817230101598
0.011401849865561
-0.00656562791419346
-0.00724140983577803
-0.00273489305462449
0.00144700860715763
-0.00116573887921012
-0.0185873692821152
0.0083190003904019
-0.00384262555466375
0.0157202566721946
-0.0046168139841869
0.00623831780816664
-0.03569024017176
-0.00838991067342354
0.0161216747670152
-0.00618772091681152
-0.00239339397249827
-0.00825713528599326
0.0118177362461382
0.00726490953587988
-0.00917280067632387
-0.0038151628802181
0.0143543395038626
0.0200751048110057
-0.00875621168860352
0.0104572360768342
-0.0040463480918409
0.0102908759655209
0.00459890264885154
0.0216165052319328
0.00561164505103928
0.00564160304649963
0.0092378149314909
-0.00848247425275139
0.00854688769926004
0.0209238748502429
-0.0154538779131697
0.00922338581808324
0.00263518654433836
0.00692935187813526
-0.000655525615443908
0.0121427071726583
-0.0102260700724728
0.00529728661844597
-0.00539402511350673
-0.0111305703048363
-0.00365346121921206
0.0170057121320242
0.00195024553866907
-0.017111980138214
0.00519790992413438
-0.0112716025206427
-0.0013843269387368
0.018255388220872
-0.00148838172525911
0.003232869156367
-0.0186283502107378
0.00679790812199044
0.019204114329374
0.00904365985737932
0.0133659152255998
-0.00706802964005337
0.0118221511078913
-0.00253191843779055
-0.0129337962637153
0.00511939694375863
0.00295727971777127
0.00110451889897023
0.00503175362252883
0.0134845847155749
0.0020657211854973
0.003175309633068
-0.0109497856963918
0.00102238910811181
-0.00492210606181032
-0.000663255376123439
-0.0146043624574128
0.00548846629606015
0.01209302022976
-0.0207663217903358
0.00637682801852391
-0.0105984021102259
-0.0118180666061896
0.00608560232362176
0.00364671228354396
0.0194122715760183
-0.00451306417829289
-0.00402711716091342
-0.00256350666816685
-0.0182127978142506
-0.00877055682562267
0.00582137671647232
-0.0024268033368724
0.00763465300147437
-0.00239768214617864
0.00423351815538053
-0.00221913936481966
-0.0130475856277779
-0.0079430298698977
-0.0115511328080737
0.00476527084801126
-0.00131006711650916
0.00556482274305425
0.0191640340862893
-0.00863387439392671
-0.010504290046889
-0.00879114546525495
-0.0154729403153342
-0.000824130407495405
-0.00457442224477389
0.00105963804544573
-0.0013746451789487
0.00222968822480452
-0.0168979725526479
0.00913581512399153
-0.0277556912115586
-0.00530603298570531
-0.0106867618267885
-0.00948696914852154
-0.00574074908963773
-0.00420328191697328
0.0196603752980813
0.0364240158756273
0.00239404934556076
0.0121877450189756
0.0101334834834348
0.0163066804240448
-0.000127875704889258
-0.00506614164485608
-0.00235457679008011
0.00530151362391451
-0.0118978830056093
0.0204929222921468
0.00166501071061642
-0.0103296372990018
-0.00175424576438621
-0.00379693939997217
-0.00461490334186432
0.00811571489286766
0.00692093169835895
0.00256480228219624
-0.00684982870567263
0.020949184813553
0.00936548171229301
-0.0043571577431869
0.0112323668634706
-0.0138573191829785
-0.00670581904151413
-0.00880455855882856
-0.00143649936991164
0.00010093156426727
-0.00249979349687557
0.0037031285500877
0.00560112034108839
-0.00923889652919985
0.0194825781280383
-0.00870300285969705
-0.00372904392452855
-0.00231892364522945
-0.00221128423778594
0.0167166045324176
0.0185766508744465
0.000404455803885595
0.0122452564815203
-0.00769018726494397
-0.00696688082672714
0.000652611291414695
-0.0138961623271072
0.00887876101263418
0.0213504573481804
-0.0215002602295165
0.00737973071778142
0.0200689120211335
0.00759499286587073
0.00933418455546753
-0.0140542369111925
-0.0218964092440106
0.00106443107023146
0.0051335833947328
-0.0172725837323826
-0.0131402390530175
0.00363279957786222
0.0110737921710329
-0.00115299449735939
0.0258502979964756
-0.00550419376724331
-0.000179680599100562
-0.00452837850181109
-0.0148051220259704
-0.0045015627014251
0.00922191121927929
0.00543970858374365
-0.0101281266993132
0.000580922131089068
-0.0108955775651549
0.00746432002776798
-0.00507515569009587
0.0030900794664428
0.009161433143138
0.00608273457629194
-0.00552940008142944
-0.00382823031794954
0.00793716795304933
-0.00762417344350608
-0.0196826635392877
-0.00787924340490664
-0.0158161429582231
0.0161789497365814
0.00641929223204274
-5.60967620975017e-05
0.00737281891533792
0.0051319130252343
-0.00174907980733585
-0.0104181569623305
0.00552618003109284
0.0109694757387684
0.00524660378535202
0.00971771270629795
-0.0112259932845813
0.00246874164044519
0.00798657742609454
-0.00952139183904599
0.00166200624381485
-0.0148948792164394
0.0187312914669528
-0.00857360163794252
0.0161326777623849
-0.00100640382111572
-0.00466269521091567
-0.00391051591083702
0.00906740141871731
-0.00508748240202528
0.0127483287387182
-0.0266947422203132
0.00828433599408762
0.00260402349308886
-0.00618316285686649
-0.0107707166308122
0.0141765341347799
0.0088401464027279
-0.00354044051193592
-0.00526600537588617
0.0127784376365032
-0.00625932483203773
-0.00488442165848979
0.00367979908972527
-0.00126054336714576
0.0313733722292644
0.00356578172921651
-0.0129034080579844
-0.000599275679459943
0.0121258865317342
-0.00159368441283481
-0.00420257181931549
-0.0131016896106215
0.00724795125930511
-0.00657361371304188
-0.00220826090208259
0.0097078569328255
0.0110045963034573
0.0046058334009893
0.023973787798474
0.00779516295676097
0.00899766256816426
0.0153385791900746
-0.00934150277106482
-0.0257669186431759
0.0149305342309103
-0.00084149287271984
0.00289293568010418
-0.00645980880177222
-0.00660173414215515
0.00671516668180905
-0.000119751629298559
0.0205681359441352
0.0115558344185696
0.0199143022768073
-0.00313702861302301
0.0037017848432086
-0.00224560183995548
-0.0140220445398083
-0.0194463165903358
-0.00973494043936252
-0.00967815799006955
0.0108596462808359
-0.0203124477563934
-0.0177804750939545
-0.00474925281699723
0.0034697561016146
-0.0124239265339325
0.00509366047797988
0.000520296831402645
-0.0141045834122309
-0.0116933598939617
0.00131001842488399
-0.0272475824678617
-0.0128038581619008
0.015243111924752
-0.000806476496325814
0.0124969991854935
0.00200571781713665
-0.0065429909104382
-0.00856921734334026
-0.00315576635782033
-0.0101237100004277
-0.005203058260973
-0.0186505565727264
-0.00447341745591934
-0.00555751350625378
0.0374751687139059
-0.0102551393895962
0.00161350757640522
0.0156670020815814
-0.00654961233081663
-0.0100786034196962
0.0132105462952719
0.0163023614546958
0.0122966323264826
-0.00292346820060918
0.0165899911615903
-0.00212943108137753
0.0182327667380069
0.0129996592462152
-0.0137366046704361
-0.0254777830961914
-0.0109484032454339
-0.0210974233054912
-0.0018524785198053
0.0155443625459915
-0.01187791654565
-0.0130364373369833
-0.00656654554480118
-0.00731595797674278
-0.0116119149569243
0.00324257446770604
0.00813981650033968
-0.00238820204463575
0.00195487975429876
-0.00466658259576769
-0.00693713270628082
0.021019946626311
0.012806961898254
-0.00723410835949845
-0.00512986615112099
0.00125592394046303
-0.0171788040999876
-0.00413096921043743
-0.00454113296052916
-0.00312973962631524
-0.00917819077899984
-0.0175596523022379
0.00322524315739381
-0.00972000091070124
-0.0131444373932827
-0.0139413895431937
-0.0210208214645684
0.0224906439100006
-0.0124175690379953
0.00401660052341701
0.000702848456638927
-0.000874643654643181
-0.00856637868698895
-0.0218903134042125
-0.0179904352842366
0.0107794513273378
0.00172223599540966
-0.00864982239167866
-0.00685114933004471
0.0202800187551466
0.000174909202221629
-0.0163345128786161
0.00116481644878674
0.0128574671524948
0.0154119261965169
-0.0107170684365754
-0.00819877226837185
0.00665742065582631
0.0045466568634438
-0.0044577322607553
0.00603258542010421
0.00095750007958384
-0.00188039041604116
0.011142335838394
0.000705297215181089
-0.00115776850353155
-0.0286772261074955
-0.00560375243363698
0.0145860274251177
-0.00684666667641354
0.00103083893987144
-0.0508050677995939
-0.00414998764711183
-0.00363002275375113
0.00381794398520263
0.0226057984495187
-0.0100318963682606
0.00354295058366438
-0.011396478615004
0.00853912010133895
-0.00329227912180508
0.0104753246725555
-0.00912416219660295
-0.0144018232483702
-0.00330453167411515
-0.0123411394316668
-0.00619706181238522
-0.00328137720322674
-0.00216137933758431
0.00947044448647372
0.00809567071885753
-0.0224248208075442
0.0190915296924652
0.0137791526441571
-0.0150280569714509
0.0163560107408851
-0.00141440107009116
0.0190711015692397
-0.000682108018089433
-0.00748645718794005
0.0131004192968103
-0.0166452348205417
-0.0120172771258129
-0.0023551786535585
0.0140684941636933
-0.00744390919709659
-0.0091764199793527
-0.0064815271042471
-0.0101639942915723
-0.005414262746817
0.00509349099874079
-0.0120301479768561
-0.012965725933249
0.0130487273647422
-0.0047464953051044
0.01039044053352
0.0143069925959638
0.0111202606702465
0.0123021923586211
0.00260685290275564
0.0103734749868281
0.0234562300859853
0.0200297485725562
-0.00810078388819813
-0.00680094108896667
-0.00438859552248494
0.0214907317825797
-0.00903738174241897
0.00411101122114244
-0.0101327161606679
-0.0167013623238348
-0.0182119761810329
-0.00264482323212856
-0.0107180642078375
-0.00110637103231137
-0.0171626275164778
0.00260685616029432
0.00135159021698184
-0.00715034938848036
0.0162722236920885
0.00417083667581442
0.00034360427279867
0.00354646279983495
0.00903976366267645
7.0247348560315e-06
-0.00894652022339582
-0.0038686816756508
-0.00523844780467808
0.00785356379112256
-0.0175140824805855
0.00788164336666952
-0.00158015305097159
0.00819599540062188
0.0225751800200436
0.0117537766526885
-0.0193745751824723
0.00350258857114416
-0.00498529653011359
0.00194490295666805
-0.0235809928059298
-0.00357157271640518
0.0113679006002976
0.00568362461317906
-0.0173942754904799
-0.00700305869392026
-0.00757603937292251
0.00506060989116053
0.0115293948077431
-0.00486327498394434
1.20887299763783e-05
-0.00378966901953448
-0.000438375591812479
-0.0196342181575155
0.0269440425774721
-0.0027251691965211
0.0062150127858116
0.00857889365199815
-0.00452703306024449
0.000202500673318617
-0.00469120218296348
0.00803370329267628
-0.00224407403412341
0.017475373641999
0.0243262226558294
0.00226237876751045
0.00373838501054791
0.00600556539755259
-0.0150539276761981
-0.00305849007085324
-0.00334564601388321
0.00147932828910124
0.0110455997586658
0.00172731318657848
-0.00604561307917839
-0.000273944610001298
0.0118796390423921
0.00230988066984583
-0.00342943390469119
0.0208849138756704
-0.0115531948467413
-0.00437522137265067
-0.013985562996246
-0.00960115982798637
-0.00176321051959416
0.0133111876909069
0.00382736068043288
0.00963457546387891
-0.00857574477829304
-0.00456934108084406
0.00469222058093166
-0.0122165439074955
-0.00110008143848184
0.0067483593606037
0.00453573169029009
0.00682077537478332
-0.0215701156724364
-0.00928317568573478
0.010100466566775
0.0140740616221968
0.00555083346905394
-0.000543529787837116
-0.0453027623479922
-0.0180233683920243
0.0199884601628415
-0.012904514896662
-0.00549872521054295
-0.00560583878444376
0.00268813174407923
-0.00283245911644747
-0.000713329411371699
0.0200362356072366
0.0119648376990993
-0.00274505199815134
-0.00858141790894251
0.00885125927857966
-0.00798919071290216
0.0147326011876454
-0.010881805768258
-0.0119530055908403
-0.00207794788126825
0.00741480282740903
-0.0179631919158354
-0.0195992192848942
-0.000339870871698844
0.00267612961239827
-0.0106072512652904
0.00388605359323346
0.0208976080217746
0.0258809179509656
-0.024193370807756
0.0143625885015535
-0.02252127152561
0.0159838651592261
-0.00220499251112294
0.0088059621336225
-0.00644104756302522
0.00418977605787285
-0.012115968562362
-0.000489337916468324
0.000879712738161231
-0.00428546606514368
0.00466387674255153
-0.010747545951024
0.00161132199756087
-0.0169280830724041
0.00258491647177173
0.00454558879683309
-0.00704389713609532
-0.0171997137096678
-0.0115693511440946
-0.0162219817005231
0.0124521669724351
0.00194662814604696
-0.0163980929019245
0.00938015873802334
-0.0116103045361307
0.00806614957084162
0.0197150913611521
0.0016584578166754
0.007406490967371
-0.011830878054172
0.0072704185223551
-0.00891958508583079
-0.0138718312620911
-0.00148933740117974
-0.0102206233342732
-0.00509064792653202
-0.0178487129391653
-0.023325542541268
-0.0155001977519917
-0.00950509290573676
-0.00728669766935264
-0.00723844506497451
-0.0121562842839555
0.00472506020070851
0.00174449328424875
0.0118143585147537
-0.0110895487220912
-0.00160449130044027
0.00218474158647775
0.0200192311641041
-0.0178280372022683
-0.00131548516155933
-0.00740526817758136
-0.00250340984378949
-0.0228907346938689
0.00481578324162979
-0.00818339696673864
-0.00453797517111298
-0.019623679691263
0.00806252438479871
-0.00248695709329771
0.00222322460574786
-0.00142261109547825
0.00255223888559741
0.00680634709510208
0.0131488436315739
-0.00428930894863866
0.00119034672538398
0.00990746743702986
-0.0114795693571947
0.021808418635169
-0.010582467171697
0.00522734966602556
-0.00951838047938014
0.00941977430794272
0.00231573538040752
0.013249506289094
0.00317957477774655
0.00614774305534538
0.0178960598259279
0.00379514505273648
-0.00860549764024121
-0.0185059218279817
-0.0210182609357266
-0.010205118125046
-0.0209050805167215
-0.0024665760952487
-0.0206559279220551
0.0183218618250123
-0.00573957301600481
0.00143855326845022
0.00888813274472744
-0.00897246582510536
-0.00673515130789237
-1.09059556290259e-05
0.00597496371838568
0.00918965827666796
0.00237181113398321
0.000349634126289411
-0.00487966859380395
-0.00809614138300296
-0.00996294364549732
0.0070753766800451
-0.0164451548823183
0.00802212637264144
0.0049119777005151
-0.0181359728627379
0.000821364790347223
-0.0293844811481088
-0.00750663514394656
-0.0371923930181137
0.00950372257660725
0.00279068712815156
-0.00129321168593521
0.00523937083294923
0.00585259086660295
-0.00264000480353777
-0.00852387963356604
-0.000452222211302589
0.00422148427505098
0.00586129091286525
0.00325754236556697
-0.00910545088279568
-0.0167258354774704
-0.00475562425990983
0.00860880874188963
-0.0057295735688383
0.0140989737536845
0.00251822100415144
-0.0103880705054231
0.013913859680152
-5.59914172917342e-05
-0.00273700206884486
0.0145509486909361
-0.000360123255016553
0.0262287376781487
0.0115721189971565
0.00103182875675256
-0.013325291059944
-0.00715852873484391
0.00454990389520149
-0.0136147931687352
0.0107997344740396
-0.0215681691801222
0.00338759351946849
-0.01362225215195
0.00356893216084697
0.0135542961294126
-0.0149911236638216
0.00528696614604551
0.0291937388545338
-0.0079267893667927
-0.0179589294073521
0.00620314127840071
-0.00937451006662737
0.00179569201469931
0.00758999150340722
0.000222943195405723
-0.00561734496930399
0.00101544171166523
0.020237068946545
0.000436455209763764
-0.0113764772777603
-0.00523412051927075
-0.00644761402793059
0.00264905928827752
-0.0023237232138873
0.010147885576115
-0.023066683331544
0.0127199586881437
-0.0103547422286812
0.0109014372868077
0.0155804711470433
-0.0210039429625295
-0.000158239706560925
0.00341092759624129
-0.00520378129824484
0.00614020315087216
-0.0169565699845222
0.0103895543476773
-0.0175985684270779
-0.0194985170545741
-0.00946479057323968
-0.0227156213494237
-0.0024331723659512
-0.0175405105298891
0.0194295239254973
0.0183451478456693
-0.00983211441567033
0.0153682121526644
0.0025905859007489
0.0141534715776721
0.0153547137597636
0.0328733853001348
-0.0067436090537103
0.00162681087046801
0.0181872473693332
0.00345457116692094
0.00747308902836097
-0.0119493028165107
0.000500516040769616
0.00205197432945536
-0.0147843337104554
-0.00431128974197126
0.00499649238488331
-0.00380050160115819
0.00583859602124481
-0.014736891219723
0.00393822913459307
0.00717023045097442
0.00987065276349774
-0.00343823984634306
0.00157869996209792
0.0130819255517391
0.0163429340543673
-0.00505458890309973
0.0154309830839452
-0.0115152922780259
-0.0140148527013202
-0.00342898688014759
0.0162965668438262
0.00548382820404969
-0.008184803732743
-0.00993341937022763
0.0236842185000399
5.85353609696693e-05
-0.0147650194531965
0.00969209298781548
-0.0116347182779866
-0.000402722240380182
-0.013812678694114
0.0132345436742518
-0.00769447642574872
0.00734075201635576
-0.0016473535121968
0.00231592802377723
0.00453184815276186
-0.00541136543520571
0.00221344819930636
-0.0118210325034995
-0.0154757405755357
-0.000918144055978898
0.00200365090590471
0.00482215950329179
0.0397095836242205
0.00464950694288779
0.00306229351304399
-0.0155928242849632
-0.00539551173682007
0.00798713231203085
-0.00132071836497016
0.00708195149358715
0.0085534398728655
-0.0115230486061275
-0.0116219151351922
-0.017484028165405
0.0063714458651154
-0.0126238653756376
-0.0122602875345494
0.0136138143583822
-0.0260692411380454
-0.000416713742214636
-0.00502834784482697
0.0157772631287272
-0.00633492008623948
-0.0101899664149354
0.00704059788078726
0.0136824204502435
0.00195878124142945
0.0191925494673824
0.000960759775563202
0.0110897760971147
-0.00610210147656431
-0.00782182202521708
-0.00703598938020389
0.0128249152462112
0.00754192139082566
0.0128102506583967
-0.0132195177147838
0.0126732041710211
0.00732569417747464
0.00711760839557485
0.00771535827462633
0.0210505062654194
-0.0238317716991514
-0.00153381660720098
0.00895586276213889
-0.0173506464900182
0.00512593905396552
0.00371078435196726
0.0155148100020801
-0.0181582613386049
-0.0038228214299072
0.0107105665772966
-0.00204632605855748
0.0140175213593281
-0.0160635658557866
-0.00124623093547283
0.00281358839717027
-0.0201297634393476
-0.00104363878220548
-0.00595588937382918
0.0169742736319292
0.00683746671187402
0.0127134300583818
-0.00885587260313092
0.0091545138709157
0.00171895554732004
0.00691567080095346
0.00380515554890271
0.0189079823340783
-0.0155799102370964
0.00250695862888284
-0.000994891412792187
-0.0125606139567442
-0.0197779774473537
-0.00374992505618921
0.0142680928102297
0.00368479920284415
0.000322643432816516
-0.0048736903996025
-0.00672844656447058
-0.00488681990050566
-0.00265643916976344
0.0122670545180463
0.0060377666545639
-0.00787610522393845
-0.00757013090019387
0.00580556947323285
0.0132482650825718
-0.00761294135457935
0.0140390218463944
-0.00863541926528
-0.00258042471533559
-0.00870014347438097
0.0040330941479223
-0.00174929744996999
-0.00604243654187564
-0.0115999203593817
-0.0137017082811783
0.0258738255474265
0.017551418792773
-0.0056699143917136
0.0144402922000204
-0.0250300182378489
-0.00556436696949647
-0.0030263550996632
0.012730598738365
-0.00816321479126336
-0.00228308885278028
-0.00803535263263866
0.00328682876913788
-0.0118457807587933
-0.0102147261116357
0.0117239349044951
0.00886434719222162
-0.00302996966718116
-0.0259540804821785
-0.0058039370953562
-0.00577976442270445
-0.00176338606910975
-0.00702360776362809
-0.00190201553181346
0.0151475058271946
0.00810900412845994
0.0052080605440612
-0.01363634193819
0.00953660803224898
-0.00969364753140489
-0.00391463868053643
-0.016134126434538
0.0115765728390158
-0.0108594017710117
0.00476529205869647
0.0181181052964461
-0.00947353284785701
0.00444959431708902
0.00930875556238187
0.00782171566175571
0.0092786026801297
-0.00609823145941268
0.0213988935191414
0.0140861522966722
0.0130799816013014
0.000213054647536737
-0.00872864724627176
-0.00441077769380627
-0.00804183211734144
-0.0291440577595659
-0.00846641531255798
-0.00442743272761881
-0.00365290461616685
-0.00840892238169388
0.0036491253430071
0.00416711245426105
0.00729850628817097
0.00901329289534125
-0.00788109273463578
-0.00522066259704035
0.00354309498653316
0.00168760920723265
-0.00133777150851699
-0.0068943426198842
0.0145525667429927
-0.00456836445217079
3.86431344450155e-05
-0.00952321403983758
0.000835422178204759
-0.00794252907966464
0.000250016082402382
-0.0127134141512435
0.00112100703223295
-0.000761256528923004
0.000249539189228098
-0.00936052894363359
-0.0054056699478664
0.00627285954059631
-0.0104254877699279
-0.00650494493687925
0.00407597342866906
0.00844050332666257
0.0018546813668272
0.00849880777647871
-0.00565747565887942
0.0140635888230869
0.0162890037673142
0.00921729586575926
0.00195783921157533
-0.0099082261343777
-0.0126506499398218
0.00821768148195234
0.00956945421493249
0.00632538949696815
-0.0174453270130099
0.00647600575591278
-0.00472186303325417
-0.00801302954244765
0.00921435297396034
-0.0164376405007833
0.00334710853552411
-0.00640892036071028
-5.45248112939767e-05
-0.00099311910864297
0.0064841632773589
0.00349653551141071
0.0185246762792892
0.00509858402083929
-0.000544796800651337
0.00133847702179724
-0.00695434854277299
-0.0106498790025473
-0.0160528552002401
-0.0031785748340083
0.00389616704940865
-0.00316507831332125
-0.0210609145858549
-0.0108602953777666
-0.00685982496014392
6.61530515198017e-05
-0.00893852125765493
-0.0107400085404299
0.0391054340435084
-0.0191412438415834
0.00637540792666114
4.00996897680361e-05
0.0127301109833264
-0.0054610721865942
0.00732495576766623
-0.00463432635555661
-0.00261783668359516
0.00270008657313148
0.00229804122855737
-0.0173916292420702
-0.0134420662588401
0.0181674238144678
0.00292799275646427
0.00826882046291977
-0.00754153992179529
0.00123855112142723
0.00973029726549846
0.0119964161760235
-0.0116424237326269
0.00274534996618603
-0.0174140666427398
0.0208134155275186
0.0292836050317848
0.00671026398375707
0.00309715144108913
0.0027159805795911
0.0105406183232104
-0.0108312331032299
0.0169926168346679
-0.000813384395997208
-0.0077028542574753
0.00974443818414406
0.00831496653493158
-0.00712127304983312
-0.0069579201190948
0.00985831426028438
0.00224619660754466
0.00271682336135171
0.0106490262895746
0.0144613163735055
0.00114589323968217
-0.00116488691310024
0.0129196828428348
0.00127225114865381
0.000843319555613453
-0.0104441624736367
0.0117002572044114
-0.0018766086491806
-0.0144948005714252
0.0109527408496681
-0.00224640807314103
-0.00934023528440719
-0.0112464157021217
-0.00123265444387211
0.0042902998722123
0.00236723339879674
-0.00873055825884461
0.0093221203831213
0.00420068887556169
-0.00207411064253726
0.0150436396049929
0.0123137142614356
0.0133064472234887
-0.000221680195369389
0.00187433708509244
-0.0127032685323174
-0.00360190862346887
0.00270540530121366
0.0142493427162196
0.00448048928868783
0.0130737421709044
-0.00299727485571166
0.0109783664397607
-0.00559889502950783
-0.000679407677959487
0.00662727117761497
0.0107945623929369
-0.0100372179021113
-0.00594525501319043
0.00102768693885236
0.0145108465048531
-0.00229600589989354
-0.0102517102039767
0.00664743649831534
-0.00102739175717192
0.00428296505558001
-0.000884146275309305
0.00456095850319604
-0.00714916007716715
0.0101290703990566
0.00620762672993558
0.0076301373940233
0.00242954911016402
0.0186738675885545
-0.000254084660478826
-0.00097569540881759
-0.00647322579971887
-0.00152541588647415
-0.00567405058922943
-0.000902011922011781
-0.000605986126606561
0.0091072668979113
0.00322275535544292
0.0136629518099123
0.00542381970337358
-0.00463340220150288
-0.00310551214932642
-0.00415430843458964
0.0107418721443606
-0.00526725249177495
0.0121109567335798
0.0258275449082188
-0.0140507345268124
0.00135221824445231
0.0237776541561978
0.0134502220421562
0.000473300392017206
-0.0118611490052671
-0.0149078598521286
0.00398209931178428
0.0277128105524238
0.0107331289850296
0.00751965562307655
-0.00811723186472246
-0.00805902851658713
-0.0147320716485264
-0.00515601708476998
0.00352854991770091
0.000287185273401658
-0.0150017300884151
0.0194734496724913
-0.00284778132265218
-0.000689317849235316
-0.00870441589860715
-0.00374057992943855
0.0102939298378089
-0.0105479684330938
0.00369395327964051
-0.00250520030838319
0.000409669293089276
0.0040093190251802
0.0103418012288983
0.0124917956799451
7.12234077560048e-06
0.00457563570196728
-0.0111523008138301
0.00769016167343572
0.0220907367645855
-0.00269991235219647
0.00325439610368772
-0.0137641420788555
-0.0155442809239004
-0.00287313958317292
-0.00880652152468486
0.01259549701632
-0.00475467910080019
0.021480054999937
-0.00683453131710388
-0.00316972752794653
0.0026464007062712
0.0187207407543726
-0.0132596928555835
0.00840559493111592
-0.0127345279058291
0.0166172987599043
-0.00216943571634509
-0.0100420759030733
-0.0258228199096577
-0.00631248730461254
0.0236250965434717
-0.00743677703904422
-0.00994387347423764
0.0130774750416098
-0.010508369827122
-0.0209136976329662
0.00282686330158222
0.00632728453109266
0.00513252530009067
-0.00156357851175826
0.00579902647403641
0.0072239400614027
-0.00766448744116666
0.010361035694207
0.00568172874084838
0.0134242464315435
-0.000227905484945889
-0.00825079564391884
0.00116293766327091
0.0037929643100667
0.00774922404542
-0.0159605008855854
0.0005628533425861
0.0149778989742959
-0.00981827416100023
0.0112163853036673
-0.00512804720229809
0.0025625452304503
0.000766034453101305
-0.000851431598543506
0.000108004262692862
-9.48575930670437e-06
0.0100917946532222
0.0163505670802193
-0.00536988697938234
0.00281134773875347
-0.00264890714531973
0.0152214504098684
-0.00628849854958746
0.0048280827758167
0.012269947294695
-0.0081381392269626
-0.0128997576559851
-0.00663353395677779
0.0108391376242249
0.0235531476965773
-0.0145864238534403
0.00319208464797738
0.00521082682397855
0.00650951371851538
-0.0035731460610795
-0.00978131815278283
-0.00232038486409269
0.00308086327069135
-0.0106432493951676
0.0186388377787283
0.0252971255251038
-0.00290207260969089
-0.00929629245502439
-0.0102268177856377
0.00690561675643986
0.0028856521438192
-0.00138025539608178
-0.00577107653493547
-0.002516857399673
-0.0102825476237489
-0.00722929762339786
-0.00165032588598191
0.0179681890734462
-0.0037194422277238
0.0171544896514999
0.00699517642745806
0.00325257035636972
-0.00464853862090431
0.0156715862343559
0.00336239138491634
-0.00639497948257972
0.00918370501647447
0.0107182443646208
-0.00060517116186154
-0.00430790374760437
0.00724705602424147
0.00082664468835314
-0.0135111435191193
0.00622287969155666
0.0185453028900713
-0.00390194030972979
0.00600529852723031
0.00296281611513405
-0.0104758078990186
-0.00386624738590258
-0.00102760536103186
0.00290063880948876
-0.0209043146184469
0.011205621160038
-0.00372089904416995
0.0019757800961635
0.00940079998110499
0.00326853712686104
0.00746555813500516
-0.0167510415226237
-0.0103866962986008
-0.00748012690381494
0.0100065903172042
0.00502888367878462
-0.00208953153251001
-0.0100076271874578
-0.010353466390324
0.00447044027377252
-0.0125202489131797
0.0300042959686271
-0.00697680598095207
-0.00806048571794138
0.00338920751885663
-0.00644410603982015
0.00742775657923245
-0.0261481566566057
-0.00133327683822837
-0.000542057907592985
-0.0130171995295127
0.00463911596528699
-0.0206404198634844
0.00481218195981725
0.0085917331202634
0.00628359301670112
-0.0102284582030161
-0.00661540885184086
0.0269305624645466
-0.0158620732139916
0.00661009290992887
-0.0072704774010135
0.00361811152822722
0.00738921827515249
0.0197559576259689
0.00219837153457036
0.00437261214270857
0.00166866384187769
0.00671309326867742
0.0144462734317237
0.0129188075138638
-0.0142379502315211
0.00502104855999508
0.00347608449345782
-0.0141620583639548
-0.00031589484717065
0.00330461837572948
0.00608949820686644
-0.021821675869456
0.0124067357280295
-0.000877831440364796
-0.00679406337019328
-0.0181520784272713
0.00688135367214282
0.0218221383989301
-0.0187481806417853
0.00011025321238578
0.0109571869437683
-0.00096225831873098
-0.00613642849360918
0.00351494101000394
-0.00139990145546864
-0.00864726882715616
0.0210892574219719
0.00839870238241613
0.0139547954055508
0.0141999480660844
0.00749135778194532
-0.00202553253937254
0.0266212574889251
0.0221201040959482
-0.0112832405940912
-0.0284501989839205
-0.023566553271315
-0.0064999364168028
0.0105544088813985
-0.0139211103337957
-0.010280502613236
-0.000754135238865139
2.8779507053267e-05
0.00221169409546196
-0.00506824019181895
0.00890555339556975
0.00734385739400767
0.02411670597039
-0.00563844906525812
0.0105131677779551
0.00262397091376498
-0.00290137621099973
0.0092799889526598
-0.0154482424855149
-0.0138539990236046
0.00117845669068206
0.0079510927843669
0.00580757724272063
-0.00241685328566077
-0.00208191621331499
-0.00653456560577093
0.00075274966433625
0.00685672197705678
-0.016228348626369
-0.00892625845817374
-0.00657125131770808
-0.0104859904574086
-0.0122573137928637
0.0305253849500342
0.00791380060248392
0.00377996424961702
-0.0408135484351884
0.00247150424920939
-0.0229987259468787
0.00586251927637749
0.015921688990342
0.00153205536444934
0.0139239301841116
0.00500356811861935
0.00566664732042033
0.00596454454551898
-0.0145969579206719
0.00856844268603019
0.00519061012015753
-0.00290764176918712
-0.0175241872412546
0.0109908133551009
0.00327401480889433
-0.00785198403620235
-0.00840254753184211
-0.0113445669983205
-0.00541414622679692
-0.00176045356413623
0.012473620359299
0.00402765611642542
0.00220840575302939
0.00190405138531768
0.00817859722612169
-0.00824446738428675
0.026675540065304
0.00309212957387928
0.000321644572377489
0.00729419178321389
-0.00602321585668597
-0.0235542111636904
-0.00741295538124143
-0.010980336861087
-0.0105474079252219
0.0081430576335515
-0.0123298478728628
0.00377693917879296
0.0144823521305304
-0.0119655344544285
0.00256945594609492
-0.0107460603396499
-0.000427163532933594
-0.0083266116783034
-0.00857219036500023
0.00358517184809948
-0.00470075968030836
0.014002973932737
0.0184858274922821
0.0120822945917638
0.0224370603273036
-0.000879619275141241
-0.00146318470664553
-0.0114577012173038
0.00515760941095156
-0.00634697735081469
-0.0150870064575881
0.00796710836341807
0.00283564417562232
-0.0129168938662005
0.000694397144453074
0.00523902574738666
-0.00137958781534797
-0.0169664764856678
-0.0117667771080907
0.00829328368776472
0.00233453293323738
0.00579850113581193
-0.0182815494742994
0.00556679049932152
-0.00318523085644817
0.00173511871129906
-0.0171800134296547
0.0197418030768481
0.00204746197986738
0.00685792070512026
0.00711015842172191
0.0190867708365332
-0.0102363518381341
-0.0146476797392796
0.0040518106251668
0.00777864292400032
0.0131398129153462
-0.00267300660435521
-0.0082264828213503
-0.00761639304994577
0.0213400059514632
0.00598430062118327
0.00896899747606628
0.0132031708578542
0.00183538558471419
-0.00614922052092393
0.0120953089368276
-0.00804733143745939
0.00584688391748722
-0.00931764734103369
0.00721432673484013
0.00982127317916115
-0.0102167957065435
-0.000811877468607669
0.00614876245143869
-0.00283060351452069
0.00125174106127912
0.00406305947600516
-0.00140035517695281
-0.0285349649754789
0.0117646387303922
0.00822490186771185
-0.00784446574171183
0.00835312702307034
0.0105701682658585
-0.0144654555365233
0.0016558760600085
-0.0168500802172196
-0.00493608759001329
-0.00119741839513354
-0.00973670961691098
-0.00707089447859932
0.00213768647616686
-0.0110643365134613
-0.000339628805997139
-0.00473231231314375
-0.00883437143461419
0.000772125950584179
-0.0152624925322074
0.00127300953218468
0.00889329946280948
0.00967909929938782
0.00150861854003148
-0.0115373807799877
-0.0229498284093084
0.0049375734858117
-0.00562337202778629
-0.0037791116665673
-0.0179393510106236
-0.0042717978589244
0.00179191484022456
-0.000220859757977143
0.00988284650044813
0.0174773614195516
0.00786714787820908
-0.0151230742144155
0.000482550542385551
-0.00920258645591621
-0.012752974940121
0.0120374109559058
0.0194497490632022
0.00432672394457145
-0.00319809918930947
0.0127237452357802
0.00283997010618919
0.0145193089188365
0.00772200851410343
-0.0155105532029229
-0.00732861394584661
-0.00537341591660923
0.00268151333636202
-0.00606759260330758
0.00249353113581652
0.00529574558872925
-0.0141556193715249
-0.00514736325956999
-0.0129186642549752
0.00736870130230938
0.0158076915911756
-0.00101080557239697
0.00226972590020225
-0.0122806472753316
0.0107011223809401
0.0201199609319309
-0.0120601889417467
0.0114682497788465
0.0107514638724087
-0.0159703645566356
0.00284143660549518
-0.0102631123915717
-0.0114821343189475
-0.00156447503745749
0.00484279625660422
-0.00290868968680869
0.00575576987053217
-0.031700505778564
-0.00366630013418767
-0.00964534363531255
-0.0233395250672976
0.00844578234759918
0.00974044340890745
-0.00819629102626762
-0.0145490523679543
0.00533688342657901
0.0195870121271209
0.00299806986001205
-0.00182587284432367
0.0140717521123861
0.00741008694733014
0.00395284256309147
0.0128204075299254
-0.00191522710077807
-0.0151426453811332
-0.00883100160001771
-0.00121681398591811
0.0246064950992668
-0.0070390958168709
-0.00254493722137927
0.0140799779627407
-0.00582717348298245
0.00265895596647159
-0.00499320024683536
-9.64085847050544e-05
-0.00297747496998868
-0.00766483504255699
0.00569835305373578
0.00296401051973705
0.0159623385558307
0.0154825761416233
0.000151393112596043
-0.0210714786436952
0.00397206608552914
0.0169116574801365
0.00969866398475161
-0.00157259981542945
-0.0054760352695844
0.0139243884613258
0.000876029635880959
-0.0177473200689635
0.01947409524207
-0.00887630141154494
-0.00691929072361619
0.00478421482873137
-0.0165096665955899
0.00972592023008012
-0.00229394990575038
0.00213430336689635
-0.0247698743389611
-0.00466820003425106
-0.0114483577648345
0.0130194493512819
0.0167748138323194
-0.0025580993330343
-0.000132421546763295
0.00271093979706749
0.0031364125467781
-0.00976204377658707
0.00649406782461148
0.0130816446139048
0.000342911394974443
0.00785038155152096
0.0051773286249257
0.0183842157314829
0.0119959560144245
-0.0111140453642278
0.00337376788481736
0.00693525081088309
-0.011677057324029
0.00958257070666324
0.00411833797344086
-0.0136077233479059
-0.0105352495234092
-0.0261538317173891
0.0097877010551366
-0.0100479413608352
0.0157814817213546
0.0230493074515823
0.00658499045716887
-0.00883175068612196
0.0202518961394627
-0.00621817933746605
0.0129340105113036
0.000420546782240017
0.0046851728783881
-0.00912597012985139
0.00376973634628119
-0.00209383827969267
0.0083926153147047
-0.00986842064994997
-0.00595521977348001
0.00857958928525826
0.00441075195534424
8.42325528014332e-05
-0.00398186673544987
-0.0111069578181711
-0.0182013554353206
0.0174839528611703
0.00391944206667394
0.0387395345719206
0.000454680386377859
-0.0249493539010888
-0.013642650114992
0.00410049964368109
-0.0181660071231446
0.0268916306921896
0.00172989197883311
-0.00101435590653298
0.00169040500276796
-0.00518690740791872
0.00185125210334802
0.00425864043597368
0.00744751273515942
0.00464256491032056
-0.0161525512520573
0.0107381250117036
0.00940397193608877
-0.0132469364288446
-0.00443459041197092
0.0110632609342329
0.00723675548606839
0.000630130902141923
0.007874713910758
-0.00823256044633869
0.000555736406642637
-0.00472510994861164
-0.000160927967469693
-0.00918692951858713
-0.00230444519995543
0.00288050773507709
-0.0123912558239616
-0.0217909092890785
-0.0162873697434653
-0.0136820639009443
-0.0221838115237041
-0.0104066074417279
0.00165057128448631
-0.00316208737333135
-0.00702062072042997
0.00144534040191946
-0.0169090290164515
-0.0111441187206793
-0.0125746761732763
0.00406202204017281
0.0127758745400754
-0.000740419347687427
-0.0140770694536669
0.00849349030458391
0.00859925067385681
0.00357805734234629
0.00519087060066581
-0.00177518114231767
-0.00436001960944377
-0.00967155932868557
0.0114199847115775
-0.00812515674315173
-0.00793195534562541
-0.00288194408332587
-0.0116037831670499
-0.00655458055428326
0.00662795057777044
-0.00800840944398251
0.0032857320466253
-0.0214771191650558
0.0167091494780991
-0.00812124277505255
0.0047464627588516
0.0094144677263317
-0.0132095281411635
0.00856208020967464
-0.00804784446649331
0.0206512099686751
-0.0154720342278223
0.0111731990614841
-0.0042028979527331
0.0135819034851905
-0.0176418831900584
-0.0193645450008921
-0.00590240588716662
0.000589010832227288
-0.0156059001489741
-0.003609041034071
-0.0162956105501366
0.00117807558381511
-0.00798078182124407
0.014820668960466
-0.00309790584663183
-0.0176579546482454
0.0160457966200949
0.0028761955632759
0.00228934014704119
0.0217311343974369
-0.00444261503928844
0.00330444222081749
-0.00629618827490219
0.0124533535012092
-0.00319391043066664
0.00179839140378224
-0.0212844004951978
0.028022739456768
0.0107809817930575
-0.0165696642891442
-0.0233198024485428
-0.0109053906805749
-0.0173044934950028
0.000783206744236598
-0.0129962993215542
-0.00479895221169913
-0.0192958231159364
-0.0228111238197906
-0.0186455842225863
-0.0138856058051209
-0.00986066821119969
-0.00179496195949103
0.00314432055582881
-0.0148401964831473
-0.00225021744107057
0.0202812250090585
0.0114547274408923
0.00786114058558285
0.00806649974193974
-0.0126870870486639
0.00807268238647429
0.00526506390618153
-0.00299646661106512
0.00042612177188861
0.00133598241209931
0.0256986800084942
0.00247320139914198
0.0275586622681079
-0.00093581983145552
-0.0137540932342257
-0.012181980118499
0.00292915231030411
-0.00332475225953899
0.00725048410575013
0.00857277062644979
-0.00168873771999412
0.005023931529891
0.042074294092699
-0.010990542073358
0.027326808698267
0.00312239479668341
0.00631815163581351
-0.0162576097775491
-0.00502242599612379
-0.00341360463953722
-0.0014653450174984
0.00479847959369972
0.000495881227399186
0.00728982964658131
0.000153273984164537
0.00402062188750296
-0.00246409060521047
0.015488312943118
0.000850467163688862
-0.00324392018249697
-0.00858693523474496
-0.00033889663576292
0.0310144550064133
8.91025966383019e-05
-0.000659773628009397
0.00377309824832062
-0.0128052810418038
-0.0136325302084472
0.00487193769851046
-0.010729902262486
0.00481976031237519
-0.00869588935263299
0.0178315962715456
-0.000309246118419315
-0.00711923232903344
-0.0158497377287854
0.0120621559586611
0.0182018747395036
-0.00583760505567676
0.00838415580165464
-0.00462675271215884
0.0195250601484971
-0.0276819918549314
-0.0149811542287002
0.0151786724651928
-0.00229947933281882
-0.00717100516963365
0.00467098678047395
0.00495478548351769
-0.0136367885864479
0.022614119977644
-0.00623032976848115
-0.000954712388615553
0.0027988671135426
0.0213429267539957
0.0132946440452433
0.00996085216671694
0.0291720026032609
0.00155308325979164
-0.0115882539129641
0.00699349556653517
-0.0201464254601889
-0.00690012931787454
-0.00296073786582918
0.0298956259967587
0.0107033093729771
0.0125041795576346
0.000351041400190377
3.13824147704089e-05
-0.0154403403760073
-0.00571444341176019
0.015216603529749
-0.0274044925973407
-0.0116863415547348
-0.0022542597893711
-0.0102729204878624
0.0196388518939705
0.0074317592619364
-0.00179786129467652
0.00123257915588826
0.00198059228642711
0.00667422874742751
0.00584482391550356
0.00629834897657755
-0.00545805511764663
-0.00523537487506331
-0.00295677625165425
-0.0258738285057767
-0.00698399281709849
0.00332371075334659
-0.01574907047813
5.26123190418559e-05
0.0164745602374845
-0.00398297325035712
0.00543289884592335
-0.00476504461452376
-0.0194886900740145
-0.0139083005760119
0.00247080272183053
-0.00820208383449827
0.0007737484460002
-0.00907380557407822
-0.00262957163153898
0.00106995221625961
-0.000552836035910831
-0.0166573655379558
0.00654693859850219
0.0194723911519685
-0.0193246063813914
-0.00260693030619774
-0.00324188058691566
0.00547232150663257
-0.000500137789896327
0.00211495100030956
0.00182812381913466
0.00120754220037544
0.00917111497692802
-0.00463204137128637
8.18496470322838e-05
-0.0026449898907035
0.0064641071681486
-0.00697014574688892
0.00593564151736281
0.0026540151956076
0.00192031642948898
-0.02057826896756
-0.00279147140936087
0.0119696003510925
0.00146283215783471
0.00295151331946419
-0.0143049932472836
-0.0066019584071173
0.00685372861653644
-0.0047001294904967
0.00550853604769097
-0.0105391579330167
0.00210383764404254
0.00288703408712854
0.00398762130803276
0.0130355183136999
-0.0211692196446671
0.00639846199270822
-0.00353097047455653
-0.0142358089113455
-0.0128846964750637
-0.0118218184734034
0.0120647536574214
-0.00130322694959095
-0.00533391903971014
0.0127277130755827
-0.00583804305338576
-0.00198699244240386
0.00646201751426378
0.000821527484730078
-0.00696199402526076
0.0147407456522235
0.00707340877076446
0.00636989771269292
-0.000155076698785006
0.00184819962462335
0.00485310345364187
0.00467811874739033
-0.0159446135401136
-0.0173974096525009
-0.00182879416838988
0.00313377130716108
-0.00756067228120427
0.0121961934474952
-0.00238019202576645
0.0115350831230385
-0.0103920932890846
-0.0152517254331705
-0.00593033243670726
-8.65370354687922e-05
-0.0144853723735778
-0.0188937233681472
0.00569682992159826
0.00663479616666018
-0.000477688827656531
-0.00137147090274414
0.007801736955243
-0.00630148210348436
-0.0122158009868658
-0.0116382642607387
0.00541941572260551
0.0082323483394946
0.00468155561950323
0.0116532806599059
0.0191915755458845
-0.0018309385807056
-0.00567788002073955
-0.00298779027555773
-0.00512629386735863
-0.00109469775768312
0.00782081215442543
0.0319232741703837
0.00498146596664939
0.00222927040229148
0.00962132013922989
0.00119668809694362
-0.00576140630417465
-1.89523207523301e-05
-0.0125873597380215
0.00952984066849205
-0.0142263994031109
-0.00244916459286904
-0.0127841231084576
-0.0281392847775206
-0.00371297651178515
-0.00689269743502807
-0.00558794060036427
0.00860332691289867
0.0137610721051207
-0.00909647437559435
-0.0174430245831529
-0.00476682897251179
-0.00216218169141391
-0.0126871537139299
-0.0033137189867547
-0.0215242837355076
0.00713709200613066
0.00552658864596811
0.00206080263818342
0.022698764508055
0.00421328784982333
0.00082345457440236
0.0143151063053333
-0.00847082969111268
-0.00583513729857588
-0.0110998454842672
0.00759816082969444
-0.00121352909625072
0.00271026068844016
-0.00193750464029696
-0.00168307913640953
0.00106243366780934
-0.00182561764460742
-0.00363119833002545
0.0151977691448264
-0.0129842679361283
0.0141163837199501
0.0105245285828703
0.00675365417235319
0.0174612383333475
0.00668071999000941
0.00906363651065312
8.72678286534256e-05
-0.00587309766948674
0.000860517323096222
-0.0212167254858586
-0.00992419479323514
0.00304369316933784
0.021147181760437
0.00928883272980507
-0.007220179950443
0.00207143836392332
0.00893361280737071
-0.0215910253830747
-0.00581970751479344
-0.013506687262455
0.0130563515376554
0.00220879274572727
-0.011743554593028
-0.0121036495826596
-0.0026264106474243
-0.00421474629063767
0.00124413204424645
0.00243451931644012
0.0135868546906504
-0.00691067156571856
-0.0162149349709004
-0.00852916136419912
0.00301208904801675
-0.00513677093155862
-0.0131240420035044
0.0183132316115788
0.00781585357479075
-0.00257665249881467
0.0015102412033754
0.00129379971563881
0.01195561807106
0.00887914845630089
-0.0124133775033259
0.0106233926182593
0.00388368405925177
-0.00483354625749177
0.0151430752170405
0.00678484583326311
-0.00482626954996812
-0.0014228187294969
0.000419641098571732
-0.0136917745547598
0.0106906975629146
-0.0291901797163021
0.0012791597317825
0.0144717391800333
0.00819160976144673
-0.0149792697322906
-0.00386172670519636
-0.0136860000697541
0.000756197031554828
-9.83613134497574e-06
-0.00961246569899576
0.00813324853827746
-0.0146484402494946
-0.00106888240638492
0.0223982688781488
0.00216184725867219
-0.0016832741794981
0.0165207136869701
0.00826506763414203
0.0179929361621738
0.00571709480043681
0.00187109376996286
0.0240353716812833
-0.00873475531623735
-0.00437235288068805
-0.014469364765535
-0.00821620657749467
-0.0188697707109604
0.0293056220478503
-0.0138692219659602
0.0164096793847166
0.00267324855280271
-0.000717228167619766
-0.00446612825743342
-0.00149825841097706
-0.00203944415051782
0.00665638008917968
-0.0182325754023458
0.00446670591708176
0.00947842737896143
0.000837940001852111
0.00996526049614443
0.00209066326918816
0.0143890147199675
0.0154603893638734
0.0162859705952472
0.0062658320663731
0.000174839713875885
-0.00802254087517662
-0.0056018201715804
-0.00236458711498178
0.00268533387674763
0.00194945351511233
-0.0117867702370451
0.00670968326063792
-0.00804360921375236
0.00999988197978374
0.0149990977172503
0.00763382791940947
-0.00228608186396784
0.00375253428369549
-0.00776468464439439
0.00489748360252884
-0.00822713715172285
0.00374412830528681
3.34635340581979e-05
0.0119580363220446
-0.0121141877277378
-0.0215612507063319
-0.00415071035432368
-0.000743601715606834
-0.0231659109022149
0.0155340025129755
-0.00505757786095473
0.0185408435574246
-0.0134397228329601
0.00957303595162107
-0.0106072756913982
-0.00378246116195835
0.00647975044042282
-0.0197653431811446
-0.00585132470953154
-0.00519157839673712
0.0056973402692313
-0.0180890833132208
0.0119326584420945
0.0075566514981027
0.0145444183085632
0.00858424286410164
0.0140179724278746
-0.0196751916555074
0.000333231651338695
0.0193738591888653
-0.000600622391839778
-0.00837525144718909
0.0213666808044157
-0.0060901503826154
0.00804217247513184
-0.00901713585364639
-0.00635662850090091
0.0121155188850361
0.00324097271598123
0.0289388974122877
0.0104228796738448
-0.0011275717964141
-0.00360001485519756
-0.00375451347395916
-0.00453908836157835
-0.0111847104363594
-0.0353310855320517
0.00743887911665841
-0.0075746378888597
-0.00869900351034469
-0.00110762147376819
-0.0374718487691266
-0.000580373500018272
0.0180812776389452
0.0193309410627558
0.000915912707211808
0.0154500105319653
0.00279660012573846
-0.00323393861487764
-0.0106110336078857
-0.0161623171402374
0.00165858021437493
0.00366576720966294
0.0023358893975316
-0.0158677804708656
0.0150236020572758
-0.00454843550977069
-0.0183479024437943
-0.000500497811222633
0.00797358501126988
-0.00418647525535043
-0.00534459672154508
-0.0158082692198667
-0.00107679302159625
0.0029345919880015
0.0010456566309982
-0.0240715405545771
-0.00453410767649309
-0.00733398213932057
0.0207919736874833
0.0109592639325662
-0.00266436979960138
-0.0108061090335037
-0.00101031645262228
0.00190430827102395
-0.000209189135584209
0.00853855143608984
0.00849173465687891
0.00790144490357747
-0.015605261549505
-0.0128145305589777
0.00620292540697265
0.000467901225691403
0.00783226735803422
0.00885736429365669
0.00072119003868476
0.00150449695096055
-0.00956206914077296
-0.0172149085907614
-0.00379541926023363
-0.00477910339685472
0.018114536850153
0.0084290823765758
-0.0139662630744009
0.00482641515060367
0.00247312692836577
-0.0119380053157592
-0.00308280270325367
0.0191947054296753
-0.0137263213390542
-0.0137492422754564
0.0120209017620043
0.00626222964896472
-0.00830204267957835
-0.00904170506000046
0.00416302467160889
0.0122839568295889
-0.0158610347358388
0.00191645488924475
-0.00162102577114442
0.00874180306841921
0.00687888163101702
-0.00313322444586728
-0.0167057751000899
-0.0017027763059787
0.00795392515150972
-0.024589838614131
-0.022377555331313
-0.00779450039999485
-0.00964641113713993
0.0212183169536635
-0.000742050417241957
-0.0208142556922035
0.0101913339703381
-0.000886366071765066
0.0187654650618405
-0.0110664718235063
-0.0125558499835217
-0.00643435691135985
0.00856741035114084
-0.00147612255454388
0.00494309339301746
0.0168812202139483
-0.0118564133353842
-0.00256075708236847
-0.0192715545901334
-0.00639470224646521
0.00709119421348436
-0.00461701244128987
0.0128803190486448
-0.0155717848370276
0.0189876680242105
0.00853728067224702
0.00980006248056142
0.0010265329365704
-0.0102593960328903
-0.0228407158921882
-0.00420610060691384
-0.011882496667456
0.00902282469275573
-0.00794138149280643
-0.0129110784134279
0.00122257713814489
0.00660117190356324
-0.00335646107739063
-0.0200238535781314
-0.00323706135380997
-0.0142098074837838
-0.0123528342355077
0.00756831527022128
0.0103461582084161
0.00614480025872099
0.020468802208081
0.0105240465778238
-0.0107448162220027
0.00623018691207999
-0.000373528296973458
0.00348600765851304
-0.0113666763137317
-0.00346826890726759
-0.0257188598199709
-0.0186141939215632
0.0032260434950413
0.00730058751676932
0.0176406849705175
0.0393316934806285
-0.00037018399419253
0.00844308954569395
0.00895020285321246
0.0158135917560713
-0.0185605776541613
0.0102172917301107
0.000994306347994911
0.00528252517886751
5.85956992655845e-05
-0.00205562894600497
-0.00432199013180057
-0.0183922348332917
-0.0149572478208462
-0.0011583805235349
-0.0108495540601248
0.00877978136122781
-0.0048541273611038
0.00547887207165498
0.0241716308457702
-0.0134229769595913
0.00424214656299071
0.00381841074921874
-0.00452456383380406
0.00294144477438274
0.0113622834751932
-0.0143774879981087
0.00946638289207691
-0.00203737334670628
0.0102448058130422
-0.00381860327266659
0.00208916893273559
0.00266302429323484
-0.000794116791483557
-0.0131907771996782
-0.00444916484822122
0.00799701650819973
-0.0123646787743958
-0.011884588122157
0.00488185491742787
0.0102874730786577
-0.0137903574151532
-0.00134148210393947
-0.00112222024459196
-0.000498943176504563
0.00291609876998322
-0.00430416141219481
0.00322448908333839
-0.0116761609680962
-0.00464641931700238
0.0122456249976459
0.0101510009776886
0.00977036471965143
-0.00796900036266379
-0.00865597636994675
0.0224592394522749
-9.45863640016142e-05
0.00414548853915186
0.0114892206482995
-0.00534788603248115
-0.0049582654284166
0.000136046659518163
0.0100535514619269
-0.000739408092571336
0.00723912041092434
-0.00351023524095306
0.0126500206398354
-0.0202034029866478
-0.0272207850508799
0.018675091428938
-0.0187288733532409
-0.000753520446535205
-0.00986762369808769
0.00879573119905608
-0.012766753041946
-0.0124851945584472
-0.000670515568527152
0.0173800188315196
0.0127462618469283
-0.00649537646755882
-0.0149070205190225
-0.00816225604309517
0.00223586599304948
-0.0199047842552063
0.00675505500168994
0.0121230182064493
0.0072903430796929
0.011425876503194
0.0283837003283454
0.00218782921336413
0.000615043848277708
-0.00492068657696176
0.00423767098247385
0.0046593075814505
0.00547166710020508
-0.00932281736736473
0.00154507336672993
0.00494016028123001
-0.013683360505383
-0.0103882705108456
0.00548215176506228
-0.015245724819138
0.00767224326953242
-0.0124339046656479
0.0150375639333109
0.00150581413258166
-0.000751095674298208
-0.0123837610122142
-0.000600781356447699
0.0116763930832515
-0.0129330896198163
0.0158839205265824
-0.0128086260345708
-0.00794111189600488
0.00225992132578168
0.0214366401489747
-0.0018184234692582
-0.00351484036119865
0.00251076574722364
0.00415863678731987
-0.007736763384252
-0.0045241978025361
0.0148648530109281
-0.0111916984727232
-0.0172443382730474
0.00131472851151382
-0.00526540806132036
-0.0110094693362881
0.000524712978775765
0.00959806910387684
-0.00429571126856865
-0.0204801295874242
-0.00623763564402546
-0.0081430497677597
-0.00965434521173347
-0.00289197379769268
0.00520577202968031
-0.0115539957759356
0.00792831705560748
-0.00497967437068692
0.00377292508344906
0.0020546935578214
0.00572089675802445
-0.00689865593451144
0.00146547990987322
0.0112695078266496
0.0248304364555576
-0.016125867707099
-0.00298321142652291
-0.00547931148409431
4.77780213463674e-05
-0.0159197104473949
-0.010163148040826
-0.00509875818066874
-0.00401834782179455
-0.0109900207130587
0.00171021190241993
-0.0177483875729971
-0.0185529837629645
-0.0075872419491676
-0.00342014655075396
-0.00668627009505274
0.00608240293589013
-0.00913289636203252
0.0130143492346622
-0.00420801840990781
-0.00964607064206557
0.00444291114120277
-0.00966518954406181
-0.00735064942363883
0.00619463027631761
0.00490313406518372
0.00168126998153073
0.0176138388949758
0.0182651749488829
0.0161014586103483
-0.0262350929091242
0.0274322553019573
-0.00923352583912962
-0.00743486808649263
-0.0159702540052471
0.00677178587266036
0.0134169977089598
-0.00301210996554824
0.0193932866795943
0.00682192264919967
-0.0359950384070791
0.0117234375123851
0.0230142796365367
-0.0159516940568383
-0.0183526661518658
0.00898779343517431
-0.0085264126614164
0.0245478747182788
0.00578603800560673
0.00127874912233872
0.0222175879600832
0.0229654778404036
-0.0140499379756303
-0.00137680202345258
-0.00304746755607432
-0.00363597470896848
0.00863167725403291
0.00040860263624154
0.0157464506535578
0.0115075305986432
-0.00453166530928595
0.0030646196208115
0.00470702225657815
0.0420278881008525
-0.0033121078653422
0.0262310112872188
-0.00373466348292673
-0.00293085281474559
0.00502141542198475
0.0170659857330839
-0.00063755254703235
-0.00832440147983049
0.00425325548124755
-0.00219751910006205
-0.0157550417163081
-0.0179554068824885
-0.0121915962311132
-5.88687783646957e-05
-0.00519562251338157
-0.00640360674424967
-0.010157029925608
-0.0084474567524393
0.00783065248791281
0.00496261838848211
-0.0013907365586161
0.00274189774841016
-0.0101323579165067
0.00623324271650372
0.00424769666852298
-0.00631193755540438
0.000277008497904463
0.00593490941048236
-0.0109902110583653
0.0130892127902786
-0.00627328278150685
0.0054678476769221
-0.00961700060689141
-0.0146486826055841
0.00455168039662279
-0.0234630118742418
-0.00414020976353546
-0.00497766905959707
-0.00798803579650453
0.00576807953581504
0.0145467124925633
-0.0102017827771839
0.01505508923288
0.00296333135680293
-0.0062307887571913
-0.00106357603257234
0.00212533051131292
0.0119377075387042
0.0124594946528316
-0.00794557435311183
0.00512670760909084
0.00401472825773275
-0.00204797568195181
0.0156753994729228
0.00854358712952275
0.0101741371377568
-0.0234568250572558
-0.00213378768801609
-0.00857890014509621
-0.00455874655327126
0.0204000691592909
0.00428405067759252
-0.0173837073808589
0.0101793330142352
0.00297214563752402
0.0174194788214743
-0.00252919226842852
0.00524894422495215
-0.0114781427523669
-0.00633051127006223
-0.00583666372604008
0.00419213727410095
-0.00956210965750892
-0.00924136113624208
0.000580008725947989
0.0212045886694623
0.00605000061084104
0.000876438676995495
-0.00324732823259755
0.00861235104932168
-0.00810449653075418
-0.0208767946631074
0.00881829637778031
0.000568467901256087
-0.00536897128968161
-0.0104448358263447
-0.00965383348025761
0.00164261599203841
0.0157438732624602
-0.0208909971651892
0.0222584599275413
0.00186461935627702
0.0122107495038331
0.00788609786354155
0.0260556551063191
-0.00875041243541763
-0.00795876362104675
-0.0028881081436769
0.00317684722293965
0.0192463692542286
-0.000630060412083688
-0.00966016385563817
0.0188887022837549
-0.0105730663065016
-0.00493460716551564
-0.0048139177750135
-0.00116892304124505
0.00572612712254505
-0.0385773057206413
0.00600933436594575
0.0118546986208277
0.00402806715699877
0.00521447723448731
0.0138998340326684
-0.000890640447617219
0.00628831357265058
0.00490492418419275
-0.0173218669625799
0.0116665627281185
-0.0235534024703445
0.00452882289478285
-0.00741548277431181
0.00279452539853331
0.00458815950304681
0.00150521884673682
-0.00992624526263941
-0.00369378772290641
-0.00451974554681001
0.00617047668104242
0.0191201971555235
-0.000237511688742531
-0.0122254293453938
-0.00216320546171467
-0.00957828698358631
0.00312272842120609
0.0177037251970766
0.00354924596560524
0.0174956549088015
-0.00170987970656977
-0.00275251032298862
0.00805068069642245
-0.00213707389269779
-0.0166595417080286
0.0157828901111567
-0.0108190100433163
0.0167227749459737
-0.00241088785262589
-0.0184868433404748
-0.00681751373251727
0.00355246586558566
0.0286403769729215
-0.0155374138735953
-0.0146064992176853
0.00456487101275349
0.0133310651863165
0.00615120525398227
-0.0105632374292595
