0.0168936909656932
0.00615512026097065
0.0119653059951137
-0.0221312766972233
0.00200502229788668
0.00247241870374637
0.0140861357891868
-0.00642931512482825
-0.00853391483262733
-0.00864166715804338
-0.0228776388641538
-0.000114375833549119
-0.00348048707809312
-0.00791467659371037
0.0119987702098001
-0.00774055031008736
0.00134730924528448
-0.0072305210043595
0.00179386549067395
0.00956447465671673
-0.00916855004408923
0.013772432238051
0.00780396609799183
0.00736781535485065
0.00421767393089567
0.00163801834153965
-0.0106572140347261
-0.0267768828583712
-0.00968781452346512
0.0121522305747046
-0.0275422192484776
-0.00102604612825274
0.0139512775062354
-0.00881815374528117
0.00332328623088074
-0.0273701598909746
0.0157078529837786
-0.000653574750792529
-0.00196355325605424
-0.0186165981365818
-0.00478033227780372
-0.0127132606945537
-0.00731889092767979
0.00241011947173142
0.00353309639445776
-0.0103351054435787
0.0110679124355162
-0.0230571078475084
-0.0073050189206203
-0.015720675607712
0.00714922716345257
-0.00488112812996278
-0.00149473834193081
0.00784101183259978
0.0104577749829229
-0.00273448609612359
0.00171616346422354
-0.00538571459418158
0.0069828791758777
0.0733487121451741
-0.00184629237538303
0.0105437969479087
0.001542803787002
-0.014826231260443
-0.00500639664140223
-0.0168666087702292
-0.0212021054097296
-0.00367440505590899
-0.000331152476638508
0.00350461235506927
-0.00456343926212455
-0.00516981888947754
-0.00622359675874939
-0.0124427294987317
-0.00896665336927605
0.0157757894326309
-0.0141101934661165
0.00762196977294138
0.0058340597461406
-0.00224108446101035
-0.00929904576523555
0.005004929863345
-0.0138135991850508
-0.00131465258618668
0.0128376485798949
-0.00613138446258077
7.96302418830663e-05
-0.00162606896891937
0.00331597189752486
0.00619500742106105
-0.00786515842391999
-0.00860445290848588
0.0086648154653215
-0.00106432322067462
0.0105731665392401
0.0275766735453562
-0.0252076627953137
0.00678078830413753
-0.00823504838452394
0.0145394515299007
-0.000145807105313978
0.0386230818857172
0.0318017203291561
-0.00458449730806265
0.00986736446815328
-0.020532495808613
0.0103119136083638
0.00618588998876923
0.00297345249786751
0.00487841112038723
-0.00843419919273458
-0.0128324780390923
0.00576724327474487
-0.00766019071995316
-0.00745585301673835
0.00482721813376763
0.00123835997935018
0.00553112995979888
0.00512412489995562
-0.0138213717680991
-0.0115221794231832
0.000918051013494292
-0.0119242553870471
-0.010816708245267
0.0110012817670953
0.0155047542795881
0.0145296514088713
0.000388510518515517
-0.0122039212626515
-0.0140772697145213
0.013041948323524
-0.00555742362630873
-0.00586386410646433
0.00682723718913714
0.00947777827006568
-0.0187218057976875
-0.00773645027700987
-0.00211727895782765
-0.00080501065528793
-0.019957250986975
-0.0201502037463346
-0.00548121515547706
0.0209408176051404
-0.00916131609771398
-0.00840004538549799
0.0221548886779139
0.00499306481495942
0.0243093216983254
0.00969111816953472
0.0119475222620142
-0.026503615633759
-0.00997134211569595
-0.00373729627208164
0.00094633649109177
-0.024398650915856
-0.00218979412540499
0.00674089071020845
-0.0147109507616339
0.00269601758676608
-0.0101021886360382
-0.00479357738423047
-0.00050131943481091
0.0179559958978608
0.030432456488521
0.0276216400825788
0.00380646423696973
0.00215643419035594
-0.0106188339399491
-0.00282459051561901
0.00765472537038647
-0.00749720671128884
0.00475546289818141
0.0193125382700181
-0.0269669599549545
0.0112587720017512
0.0156891289016112
-0.0354639223817657
-0.00175845815822484
0.00230477697501996
0.0112065931173149
-0.00418510315375187
-0.0229972194945756
-0.00699055921154823
-0.00247741111722277
-0.00134330271205307
0.000948938103404018
0.00388736725942529
-0.0149871920366618
0.0149576647543572
0.00473074881247015
0.00934906063834084
0.0174180629337517
-0.00261981828937152
0.010140262073806
-0.00645254448925492
0.0303865524595661
0.0199787029215184
-0.00186459608384126
-0.00678465950250207
-0.0185965825315151
-0.0120566862393741
0.0337604478189597
0.0099854190541695
-0.0133188910939612
-0.00334376375210077
0.0120025865554094
-0.0119807410507651
0.00164106204354475
-0.00875955707359921
0.0025003230417564
-0.00217548731745865
-0.0118732783560738
-0.00498148037704382
0.00456794730955856
-0.0116325154974852
0.00588706885935331
-0.00404737591578019
-0.00584482801394692
-0.00430068427496622
-0.00972196255581892
-0.00667415264895865
-0.0230455816099511
-0.000775377493427598
-0.0127709276470735
-0.00625253571799433
0.00486929748944931
0.0111446840125105
-0.00944624209146028
0.00766987345165582
0.0059396040098374
-0.00210334910318188
0.0212448704498716
0.00731842610122335
0.00637381295357997
0.0221537893360377
0.00652854804590675
-0.00118392255528654
-0.0145463939172661
-0.00258002249215572
-0.00486174909573656
-0.0108993389267162
-0.00410984933987102
-0.00415299116634316
0.0111101215680467
-0.00553042252895786
-0.00939974438681901
0.0160408095450819
0.00683106429894131
-0.0112542729689
0.00468682103321072
0.000457487772411724
-0.00803936792984317
0.00593427021149218
-0.00574711207012157
0.00065676417663596
0.00819937896216594
0.0115354274005899
0.000608357993689523
-0.00846967998203496
0.00743818742383873
-0.00577715751102659
-0.00754087299495509
0.00859775998671175
-0.00327253461197152
-0.00344172241766394
-0.0117422995861087
-0.0120237193810446
-0.0114432806673417
-0.00890050751595162
0.0140857453713856
0.000202211458661949
-0.00372133462497182
0.0120893394149029
0.00590186367860568
0.0017247241769045
0.00404765212822511
0.0109321433827194
-0.00515402247830288
-0.0025330569610329
0.00114910702044746
-0.00390230796158875
-0.00182709347714827
-0.0148792605995531
-0.00816391723412657
-0.00599351209053545
0.00938098567027446
0.0175770155531865
-0.0108116075362812
-0.004938209200267
-0.0191367973408116
0.012598861194089
-0.000278281532414937
0.0131247601883278
-0.0045625132315017
-0.0168837079528981
-0.0197650244716829
-0.00634243271017176
-0.00702468557082803
0.0122156386262446
-0.00760934434663341
0.00898107052260499
0.00478078117658676
0.0193922987523205
0.0140584473448655
-0.0103998188125196
0.00273552614532946
-0.0208989300704836
-0.00100258058495051
-0.00939889651601966
-0.00470527923844521
0.0157183278772166
0.00461480344381826
-0.000423654218867142
-0.00290048336569804
-0.0053336707356717
-0.0108234536060614
-0.000155215072668469
-0.020801341798272
0.00355077555230388
0.0118801062063927
-0.00655471832438792
0.0206588463062758
0.00133815209079202
0.0194478124374378
0.0242880849819915
-0.0104993948079013
0.00707462771521605
-0.00444674312616122
0.00785093898264044
0.000203561537361452
0.0119471674547889
0.00532118190995412
0.003844060401752
3.60895932836058e-05
-0.0126383317800904
-0.0158395373276718
0.00312075433146219
0.00216270259776685
-0.000743896878612205
-0.00660300184671669
-0.00408766246964731
0.00816008625599274
-0.0156807160210963
-0.00912448847718395
-0.0205304633781704
-0.00368429239978063
-0.0137360797389707
-0.00915830525294403
0.00298163870990997
-0.033100556030119
-0.0167024187622768
0.00725593991401929
0.0138947223949195
0.0136764018918996
0.000349967923323646
-0.00552764784029947
-0.00111190353131363
-0.00117373327491421
0.00743457992044938
0.0147585199903393
-0.00147763587463068
-0.00529464762059817
-0.00672776107345641
-0.00984761659706201
-0.00034297793930449
-7.95735031875466e-05
-0.00796093728604141
0.0230891711340977
2.97978691286005e-05
-0.0114514048732293
0.0146355601153925
0.00257353885699096
8.28154565049033e-05
-0.00981129267848502
0.0132441787804041
-0.0206815299493606
0.00628316124700845
-0.0154310495869581
-0.0120062707939201
0.0165217942912541
-0.00756854690964204
-0.00771950371359509
0.0213656952970727
-0.0140754989067045
-0.018900207918362
-0.0214910097749872
-0.00535573849019499
0.00189692007032427
-5.52693644007007e-05
0.0069746644260622
-0.00758727313915131
0.0180568047054432
-0.00231096002308462
-0.00102151228582947
-0.00868694193098207
-0.0109112499351873
-0.0147462868231614
0.0139904304701695
-0.00199120437042133
0.0170211387057915
-0.00749134970187271
0.00897007486215706
-0.00153000771300427
-0.015124003457867
0.00259182978548722
-0.00243257416657627
-0.0017822594650081
-0.00928614124310734
-0.0150698672285827
0.00484409223351534
-0.0138404303800197
0.0143386679186115
0.00573853648621281
0.0191072056389583
0.00473061325157786
0.00603485163889417
-0.0148505427498939
-0.00642132660415839
-0.0197491524330022
-0.0173851609008775
0.00440885522063539
0.0141289864281084
0.0185445742483097
0.00118513905080597
-0.022588527494694
-0.000466753915770113
-0.00321564325174073
0.0125421329976074
0.00392160793240315
-0.0287614040762438
-0.008097591989495
0.00151212071281925
-0.0123035049022775
0.0108170594760484
0.00602313091533269
-0.00212721011459927
0.016243431635834
2.56016970681117e-05
-0.0133277957258588
-0.0143127537380856
0.017064216085231
-0.00652192045509459
-0.00316175545959929
-0.0269340406480225
-0.00772652643554217
0.00875968677808281
0.001650557621522
-0.00526320639213829
0.0114338051440512
-0.0273588996022891
0.00360358662275218
0.00737509291166205
0.000738741713451674
0.00265108872873654
0.00558361171555433
-0.00793807364293819
0.0210120256269057
0.00332971688322026
-0.0028083506042389
0.00240223287724817
0.00870610357724466
-0.00667249149124416
0.00316235197831283
-0.00107799969038602
0.00267319813224276
0.0262259712782562
0.0120591521699982
0.00942587980129872
-0.0216984593352656
0.00863633088734872
-0.00419128087090392
0.0225478828759798
-0.00149312398265344
0.0493998677856897
0.000118094203729768
0.014337184471076
-0.00714433856869157
-0.0169097832352403
-0.00119120871668166
-0.00702565774965791
0.0100846861594679
0.00541453490028587
0.0151000077605037
-0.00377302216431552
-0.0170711396927743
0.00383323847283812
-0.0255415280935285
0.0105861843075541
-0.00645659822377276
-0.0206783279369986
0.00398531552698955
-0.00608660519251636
0.012502152569553
-0.0152165187462519
0.0140337447549186
-0.0148228004854758
0.00676108936067443
0.00798777072425061
-0.0165341618731745
-0.0112661775908212
0.00907281654689385
0.00881576329024014
-0.00789636194106969
-0.0193463765141644
-0.0135649924642021
0.000410914003920126
0.010090280772328
-0.000981113146412582
0.00344269725139235
0.0129915076670191
0.00145887702887393
-0.0202672661686236
0.00253963132956692
0.00386114643948687
-0.0120295147533938
0.00708194226577064
-0.00326572956110205
0.0186392477683768
-0.00286361914572986
0.0101995111943047
0.0136272804224902
-0.00297722920153021
0.0187742354799205
-0.0055203508286148
-0.0108794086376491
-0.00562093409017095
-0.000430650312710057
0.0210512028042356
-0.0121893605386028
0.00494672907321103
-0.00706848344331235
-0.0273931872427813
-0.00301039618076793
0.00709391089120537
-0.00539154422762778
0.0103315496611849
-0.00245197536468744
0.000421243207298971
-0.0219667312920642
0.0108117215933028
-0.000138975137755182
-0.0123259355526084
0.0123813898033589
0.0228642430236548
-0.0173496721663273
0.0142827446419442
0.0154527237423476
-0.00495007221846144
0.027050969996834
0.0188586310799632
0.0149106103961678
0.00689740501408842
-0.000434897773477161
-0.0047235949342479
0.000309359703795309
0.0132137819608982
0.0133494597891222
-0.00886830802308403
-0.0118393372049823
-0.00643642077086781
-0.0122765663474169
0.0227219205922449
0.00153638894117414
-0.0172595716413539
0.0174047352423319
-0.00933046171535956
0.00409502319285515
0.00772749244683801
-0.0064222948845547
0.000499949933375987
-0.0113948196388556
-0.0168018945075179
-0.00583781557500629
-0.00556583659469645
0.00771136643372472
-0.000346294776004896
0.00798878468225617
-0.00236961465758689
-0.00780569034359146
0.015512406542582
-0.00351114278775455
-0.0166510344056885
-0.0126849316199085
0.00205624602112309
0.00319419730234927
0.00498852064812461
-0.00445169346192387
0.042778992494636
0.00114183121209521
-0.004174934563828
0.00467002035793485
0.0173517044924285
-0.00634650644006207
0.00987696706799035
-0.000743808929952294
-0.0104356969974315
0.0115249033305229
0.00660009401379469
-0.00811506477888102
-0.00480680578601778
-0.00608989910180391
-0.0124978052226545
-0.0309355599100911
0.00590063123750539
-0.0148962931266485
0.0114947814621758
-0.000939618364087735
-0.0111971471302414
0.0252722443565645
0.0275328302003714
0.00543979244457837
-0.00129360394281086
0.00340776148221167
0.00388532865158275
0.0037100561010277
0.0448380011375189
-0.0024211853943541
0.000767856945076417
0.000576285252281039
-0.0078412621138817
-0.013936275060523
-0.00498941488983462
0.00947941543068431
0.0121699092115648
-0.00928687832600517
-0.00543728796641751
0.0192784141654219
-0.0186949139881349
0.00281091150893253
-0.00593546177775828
0.00376068263751961
0.017176755790949
0.00990860351727818
-0.00469918814600589
0.0209433320714325
0.00697602400613029
0.0145871589146722
0.0028221097725627
0.0116671649115947
-0.00519726623516448
-0.00539997738636799
0.000479220883649489
0.0212755209652222
0.00133532835941352
-0.0130942558008922
-0.0141482488616607
0.0104625684875916
0.0127598156416759
0.0059936021645477
0.0098602004894488
0.0140182670686322
-0.00309580102608287
0.0217714588751914
-0.0166070788667199
-0.00554593644793222
-0.00416979331130207
-0.0101050392983417
0.00675234482477727
-0.00624787804649785
0.00400684394253936
-0.000716518320510673
-0.00829770627268012
0.0324054791778572
-0.0113092354759772
-0.00372350130635368
0.0193582151808069
-0.00606383801954102
0.00855386254882085
-0.0197901525899038
-0.00245006048116458
0.0147864055316518
0.0117534789005305
0.00518017434876583
0.0126112094273925
0.0373574813251878
0.000707352501057912
-0.00222470419184972
-0.0101500328071662
0.0111317495655125
0.00760553487758209
0.0227060264682883
0.00436105194251901
-0.0037973656576451
0.00184791230988068
0.0251748075477511
-0.00867868839903352
0.0106009621105816
-0.00647356927695242
0.0291971168091436
-0.00925080329753314
0.00161208071655849
0.000428504681480035
3.17474776991844e-05
-0.00347707189312274
-0.00413239966373169
-0.0167100774901972
-0.00312269728625303
0.00971141437619671
0.00590064970638515
0.0216113050435904
0.00155331685737892
0.0165968935122738
-0.00719791902347033
0.0094622582084245
0.00296736238605178
0.00444383189607933
-0.0247504170039274
-0.0186327059318412
-0.00254673544430339
0.00484184174812796
-0.00637265605010917
-0.0204783693025679
0.00679958363500788
0.00341583280230751
-0.000775111479203616
-0.0178670363633291
0.0124692029906956
0.0118192733031801
0.0104662926779504
0.0097741399310749
0.00751910342646944
-0.0262972632441212
0.0185641787187176
0.0283967902874078
-0.00607262120707119
0.0145725371294638
0.000433562968208179
-0.00217356159477511
-0.00260904075320489
-0.00576646978788986
-0.00940014711965631
0.00845312378259777
0.0134763719348339
0.0100358803031142
-0.00557506995182777
-0.00543266329787961
0.0045106498654377
-0.0105604766382328
-0.0157774203903251
-0.00118350808120127
0.00591985217956648
0.00416689525161118
0.00144845430402896
0.0305306983298266
0.0198462810276787
0.0139883660564557
-0.0161641406668895
-0.0256154726447999
-0.0129559370848646
0.00696798978177782
0.00498516731668985
0.00631510178190631
-0.0173563980424287
0.00121918401131715
0.0113933454835298
0.000572760185164611
-0.00265547511406083
-0.00668635908141191
0.0102837777269791
0.0145280285788179
-0.0137155534708118
0.00441800342062848
0.00794785353905603
-0.0180471310475045
-0.0103955722180409
0.0158877733769813
-0.0125487940180893
0.0117860920472896
0.00693604810231996
-0.0148969539726291
0.00799201573322428
-0.00584539364173686
0.0106216713223919
0.0115083160004446
0.022974115907191
0.0128672241875343
0.00160786452080508
0.000334739127557881
-0.000433350007048361
-0.00398137634491924
-0.00273908132982825
-0.0108516736923008
0.010680875755968
0.00229887897454972
0.00379685311231981
0.0222315268111508
-0.0107290241461016
0.0161027007903165
0.00451693319617341
-0.0216898881602319
-0.00611606709831136
0.0120728622812205
0.00449994826694144
0.000447059176812203
0.00718004939365358
0.0301398939917554
0.0029087246517463
0.00879985281601314
-0.0125079040562284
-0.0198489344183574
-0.0104288649162338
-0.0181687802801545
-0.00543954401710955
0.0163053679067655
-0.0100449676608338
-0.000280051187850461
-0.0115973913494578
0.0107198227416294
-0.0157682960592691
-0.00449870852214573
-0.0178217421752525
-0.0150035034695311
-0.0131559673815183
0.0245230686923961
0.00373693748990078
-0.00668706861896773
-0.00279491693933132
0.000681268863619522
0.00665817166005311
-0.0110580366581186
-0.0113892083984748
0.00757982905242827
-0.0104111944037335
-0.000870167964968971
-0.000318797425617134
0.0150946720437268
0.00459140781384093
-0.00076033690965005
-0.00768135515719415
-0.00480171072387847
-0.0047924594257438
-0.00977426674492321
0.00105455425279288
-0.000605070913019645
-0.00690168586558038
-0.000657663216282245
-0.0280353946328802
0.0229610096621577
-0.00298546428075142
-0.000350907730942041
-0.0155150947603264
-0.00871425899667955
0.000517055930286503
-0.00511594866777187
0.00497417348572071
-0.00054962047079421
0.0202629570542321
-0.00978513469788211
-0.00805099048543845
0.00662512948641591
-0.0186305904760413
0.00136562036839827
-0.0129044609904376
0.0148046696813502
-0.0269696127239865
0.00298151989913897
0.0135251017255502
-0.0210959118480272
-0.00909216431722726
-0.0105275573520647
-0.007352994756058
-0.0250910081974673
-0.0205078512955481
-0.00455830810443203
0.0167754441607268
-2.08499465017553e-05
0.00375480983303689
-0.0183363129804786
0.000643024465535547
0.00902513949846373
0.00118024434232389
0.0187817982700107
-0.00547693165545127
-0.00264724258110149
0.00408842684071686
-0.0166679630347311
-0.0174100481832582
0.00258920387417128
-0.0275046236379808
0.0143809714285048
-0.00825032614683785
-0.0151546859621323
0.0154666608916596
0.0229271239330107
-0.00688323444713568
0.0312686971768095
-0.020770731792858
0.00585313385264818
0.00281752593487283
-0.00513202485055331
-0.0200915523352929
0.00664778132110655
-0.0081433676130036
0.0118894209621736
-0.00677966284937526
0.00732119366070272
-0.0152186795460381
0.021545739601903
-0.0468757323637004
0.00398952728661506
-3.68236866830074e-05
-0.00997904464304789
-0.000415329441977974
-0.00262078885716122
-0.00315903290989716
-0.0162749947925693
0.00586605316805056
0.0170404584672035
0.0164978404787686
0.00795692271580073
0.00385371888432928
0.00169689643983872
-0.0173711938413135
-0.0107923635278517
-0.00381512006781293
0.00492181181890317
-0.0318975167718509
-0.000745424054301225
0.0121825988723714
0.00988574113033103
0.000800824932936095
0.00652226640470666
0.00214822073168186
-0.00957939626576554
0.00394274636954961
0.0145397862410004
-0.0116710571656018
-0.0182674666500784
-0.00204612177606123
-0.0119103885622334
-0.020491361082005
-0.0103358814566175
0.0155585075494038
0.014438081349903
-0.0209684598534139
-0.0106190578106613
-0.0198337114131952
0.00544749461971783
0.0153546883293707
-0.00160699939821818
0.0131247730039092
-0.0104530062926411
-0.00251908142621105
-0.00631287417804671
-0.00658810990343639
-0.0106411096300913
-0.005765682562064
0.0126861407722885
0.00095565317243107
-0.0184510642542683
0.00492161254905987
-0.00556215382646918
-0.00182377113518406
0.00767844840536647
0.0322881084682916
0.0183571619632961
0.0211990830713606
-0.00224240828748279
0.00619639514534676
0.014120610815068
0.0108189045129485
-0.00987040386692506
-0.0212170024260008
0.00033311436038197
0.0147988836982602
0.00585491573211883
-0.0304506870799663
-0.0125329287468805
0.0125882455739923
0.00240980579334327
0.0333238120259072
0.00632636786457397
-0.00350699906028318
-0.00303735091415902
-0.00223968349093617
0.00652464323003521
0.00435948395445784
0.0136605531053551
-0.0109565843330408
-0.0258993781130208
-0.0144256037132831
-0.0124632638305933
-0.0108907611617379
0.0154232980243556
0.00485675468594593
0.00298279409623525
0.00230221138718711
-0.00022637642723744
-0.000621750596151216
-0.022432234103988
-0.0152849534577086
-0.00252855905322846
0.0293520658581343
0.00417499670669841
0.00143273989296588
-0.00170856570490052
0.0223397919857042
0.000627096507269442
-0.0175778679496066
0.00654089322587303
0.0174864218901281
0.00764947554393558
-0.0188625946599643
-0.0184289894477416
0.00916782331550259
-0.00714538014595156
-0.00624296317413808
0.00991818459835869
0.0148564246335567
0.0133241520571001
0.00846982314471667
-0.008140119090422
0.0067310480717353
-0.00762069668032339
0.00593615730912056
-0.0134120123535961
0.0150235067238853
0.00310895519070442
0.0581024548261215
-0.0123596654235651
0.0106809977321234
0.00469950313432754
0.0101594076483966
-0.0165377832268536
0.0268481289565763
0.000692668642505723
-0.0191120414526829
-0.0111629301164342
0.00738975620640758
-0.0069957522682067
-0.000227368947822271
-0.00489739795517252
-0.0151095733457787
-0.0114962472216362
-0.0183581092427652
0.0073171644687644
0.00507729058736217
-0.00083848602853287
-0.0195639463413304
-0.00274640352765232
0.00322650852121065
0.000954565239920768
0.00896573692956082
-0.00890064289177239
0.0196961226578853
0.00214867300154253
0.0215023415232327
0.0162481287234062
0.0209308680944247
-0.0124056768917704
0.00744235945490068
0.00522446608935745
0.0156650585449789
0.00171172654159513
-0.000921103426726688
-0.0256538076118122
-0.0134294730056652
-0.00797887631543048
0.000880972411708925
-0.00372168038988718
0.0268818347591999
-0.00747226546789115
-0.00883362948487232
0.0115730827371099
-0.0102527302294657
0.0258185262259918
-0.00055805045649393
-0.0265921384643892
-0.00491728432982086
-0.0102206134134608
-0.01512249406459
0.0113832848863122
-0.0107139537742391
-0.00779616715927922
-0.00689225099804958
-0.00983459158159228
-0.00184180433951653
0.000352015625624702
-0.00829781914403505
0.00122769388179655
-0.0174869090762115
-0.0163755734089861
-0.00790855595746542
-0.0143859710116399
-0.00405568342878304
-0.00272467498879259
0.00825887719271989
-0.0019382081118664
0.0201617649188019
0.00236411844171514
-6.84180858669947e-05
-0.0224887407608225
-0.000386565586174115
0.00537729946278098
0.00467653963758785
-0.0130147042579054
-0.00414262936203791
-0.0192722986103391
0.00742311662436812
0.0104728697970948
-0.0197677730338981
0.0139665560011011
0.00142641763540752
0.00207462353029619
0.0051642052766514
0.0161461900547248
-0.0264946698754027
0.0181716298688936
0.000365866679151949
-0.0103472070366362
-0.00961235261879523
-0.0208661100610623
-0.00894712764975658
-0.00165672899998981
0.0391832164062436
0.0188409135047927
0.0051869895250114
0.0109246282355553
-0.0159620876250415
0.0179654571415195
-0.00523745744457216
-0.0203144629083152
0.0100716588527696
0.0160234968085735
-0.0189785832134213
-0.00271655810085036
0.0273435073840353
0.00621794398530007
0.0309992393131218
-0.00600042163290659
0.015153519125942
0.00440048903522872
0.0137747084890112
-0.00486808413658224
-0.0169792611085491
-0.0117315903446187
0.00334926235017896
-0.0210569357866284
0.0140586830009042
0.00103735199507149
-0.00823081406199755
0.00279859611339894
0.0112806900256714
0.017597228616081
-0.00193349526911568
-0.0163585576915342
-0.0116034452267204
-0.0036644888172912
-0.00573118513445081
0.0272531424768623
0.0458274535259751
-0.00771261339705909
0.0109921281416074
-0.00316737918933718
-0.00253562970385346
0.000935266689698011
-0.00522174299918454
0.0225000396721935
0.00691390695605243
-0.00960065310755809
-0.00905691734534741
-0.0121345860787407
-0.0247783738214071
-0.0121260422655372
0.00244413974901825
0.00648946766528269
0.0149092717152399
0.0421337271807474
-0.00538197177616517
0.00830088732174161
-0.00608090526071159
0.0133395196655979
0.0299703928411645
0.0159747090430677
0.000108316792911012
-0.00107174655016351
0.0248076240634383
0.00681333310319587
-0.000770168318181774
0.00858367666436699
0.00494914311677697
0.00475153192794409
0.0163234613167411
0.0170767273315136
-0.00719781729590352
0.00170039020100532
0.0404431503270519
-0.00882267756351851
0.010253959651898
0.00191417034868557
-0.00789904735019675
-0.016208139402984
0.00595416259059611
0.00537192970079658
-0.00298928659299946
-0.0110452063861217
0.0201934532558106
-0.022481085011405
-0.00555195778620821
-0.014841781864785
-0.000257961651833227
-0.00650927720769978
0.00931997575929699
0.0134616003221755
-0.000700510033654567
0.000114821588612202
0.00856999452048335
0.00157186953927457
-0.00520378893442341
0.0081964190241326
-0.00223763201932492
0.026021179767536
0.000198331003776531
-0.0112966128733056
-0.0276588021108157
-0.0112420268769267
-0.00159882092972019
0.00349530584076696
-0.00123616080431432
-0.00303128356209825
-0.00277060846989663
0.00472519251072612
-0.00566731558348543
-0.00192113569172569
-0.0131385892051235
0.00595069707205553
-0.0118382564343609
-0.00829043423522968
-0.00454545965811448
0.0207415941420237
-0.00828373342643474
-0.0180097512355832
0.0137179097163465
0.00435603053863609
-0.00742852663936233
-0.000422109171223539
-0.0191585434883255
-0.0049038656243745
0.017223148861536
0.0266975539731185
0.0128076984280003
0.0194946839861156
-0.0119839684688596
0.020101449298787
-0.0131862135557554
-0.00712574886317618
0.00699789534370687
0.00793309570016199
0.00632871650060629
-0.0195740835647307
7.62869760304596e-05
0.00550827523377073
0.00137591379977664
0.0148177937210665
0.0150621097096302
-0.0197069370412635
0.00738800806262674
0.00543104062349364
0.00748250261453265
0.00891188070707827
0.0120206384938175
-0.0162241683551709
0.0149593954630252
0.0217958916725305
0.0165069176829782
-0.0129435960040141
-0.00676513436113524
0.000656035364954732
0.0134510607863945
0.00924671829765522
0.00271013076724458
0.00141927851315948
-0.00362418986920687
0.0129254436207749
0.000645280690681815
0.00791137612160497
-0.0170008068693051
0.00761326765758774
0.0119894174362472
-0.014502283494549
-0.00565862404929085
0.00138145790347366
0.00622197113578871
-0.00246328543920882
-0.00967818451574409
0.00261888061913496
-0.00132464105517727
0.0045874807457853
-0.00204645606919662
-0.00266207280490782
-0.00916839718169449
0.00705076500836022
-0.00848238548101854
-0.00461245157496215
-0.00932561175442537
-7.09743890681125e-06
-0.0215616168823711
0.0170737814263031
-0.0115697442856639
0.0114487543556372
0.00515264909704527
-0.00872167760264553
-0.0157705683944158
-0.0190652089892343
-0.00181220352491529
0.00810630475988638
-0.00651714104199108
0.00577332924112284
-0.00658672189476661
0.00151857725667703
0.00128330256909592
-0.00288829166117921
-0.000588708413783223
-0.00847347660647735
-0.00310210650533982
0.00423523044699081
-0.0048466867614998
0.0112825273781727
0.00307696942982183
-0.0106035766333239
0.00786691006587859
0.0183443198725985
0.00768363022503493
-0.00204220777928121
0.0143488056514425
-0.0156479688471727
-0.0297629735807394
0.0141693757721875
-0.0134003335125428
4.15868379093354e-05
-0.0127814730899267
-0.00272814636374186
-0.0084646407478548
-0.0172728216468592
0.0184039207620526
-0.0173965428763214
0.00546218781440544
-0.00700491924681579
-0.0246807856518494
0.00763553388391891
-0.01041561955142
0.017439092568182
-0.00866914733643043
-0.00129314235516453
-0.00563696307529327
-0.0196085449498238
-0.00402359444354161
0.0101675278795206
-0.0287158249473247
0.00885640351066286
0.00598068341712477
0.0135015651632493
-0.0100163644068783
0.00737440723122873
-0.00691761793761003
0.00342408966869456
0.00360148463561316
-0.00564720994105805
0.0213046556175485
0.0150610865453356
-0.00888931355713751
-0.0191837691477801
-0.00591419214074307
0.000537640548634144
-0.00790013520665411
-0.00980268452890343
-0.00509416603673607
0.00415328652648483
-0.0124284900034759
-0.00134957023645121
-0.0183015046758239
0.0284396212521205
-0.0106064571148572
0.0216309347822268
-0.00250050575846927
-0.00922199775543753
0.0204493738637233
-0.00754277712748852
0.00610833674211975
0.00348609570231417
-0.00735053806387498
0.0233205916865398
-0.0124366392594322
-0.0206897935016919
0.000246165255022746
0.00596006053906883
-0.0127228131854906
-0.00171743072327324
-0.0253428743064354
-0.0183942060981366
-0.00500704368748295
0.0429890117202465
0.0354605150925842
0.00630675813140158
0.00284560322372585
-0.00432107576309271
-0.0186174362291229
-0.00805156119926487
-0.0104465860871095
-0.003315602024486
-0.0102514909404796
0.0175086169377963
0.0101222929830787
-0.00993233901951918
0.0142221893685868
0.00706445608653183
-0.00290436734033506
0.00955828902286981
0.00741453809838255
-0.00817692117700197
0.0118410744321267
-0.0143263306550221
0.00605887774591096
0.0171136352369174
-0.0279427777283754
-0.00102123953051425
0.00425630424438594
0.000719854984842172
-0.0124210144822712
-0.0141520269620798
-0.00430626585481342
0.0126649547910862
0.0187959339003196
-0.0210083428024532
0.0119417822047208
-0.0154200882972315
-0.012718671208253
0.00574027285791878
-0.0189139288416449
0.00683624067623789
-0.0175328177043941
0.0130543260109999
0.010490812555231
0.00100284488222435
0.0169919124392059
-0.00259479501856319
0.0449094173713362
0.0246666579164359
0.00483679904176348
-0.0100511169637141
-0.0243642067146528
-0.000136841957493417
0.00523154289443717
-0.0268609596594978
-0.00681707629630068
-0.0016733027256155
0.00498703225668784
-0.00487048191232198
0.0234789098868049
0.0193606613248143
-0.00649158358524105
-0.00377057118856783
-0.0147056142223239
-0.00872539519746773
-0.0064916353615132
0.0118980999402609
-0.0141694897887739
-0.00655619654363448
0.00542297745404952
-0.0070902704845448
-0.0216514474424638
0.0119751870640101
-0.0235597406301551
0.0188770882901874
0.0139724703565278
0.012149353767656
0.0109576867054937
-0.0112312094580425
-0.000729484478444675
0.00432224882829502
0.0122554519926705
0.00645664726008022
-0.00135069306872815
0.0130653425013527
0.00142136548798
-0.00357400031296251
-0.0269723552552712
0.00230974394235339
-0.00786182107197853
0.00578312819993521
0.00749841642279847
-0.00172285882224088
-0.000298592511137841
-0.00971248462290752
0.0111541056550077
0.0111431782660087
0.00756239877211407
-0.0101728595571746
-0.0116548775151681
-0.00172363805654641
0.00152514715530039
0.0128442716604891
0.000451990173655048
0.00347803939077806
0.00418209953186199
0.0233677067141631
-0.0156334110795751
0.012613698329984
-0.00418966815927568
-0.00686609839917551
-0.0399402466541492
0.00105966590303908
-0.00302752834416076
0.01279821899419
-0.0137577767728629
0.000747591629782107
0.0107775915016077
0.00546196852082836
0.00852134495380774
0.00793656400785459
0.0091021973004981
-0.0118975764538405
0.0057951165928305
-0.011731828707509
-0.00577861825419745
0.000763009175345886
-0.00378285539879997
-0.00116072891537833
0.00840917494264559
0.0211129440637325
-0.0423714411647556
0.0271136318365208
0.00941354018827489
0.00254232271283605
0.00914101073442986
0.00546989854496438
0.0234470962534417
-0.022491007100724
-0.00639786330070002
0.0179492085784414
0.0499009487056856
-0.00729031224234333
-0.00156491592978725
-0.00447800294228884
-0.0134153007683793
-0.00569686437140682
-0.00349950649182951
0.00723142239120556
-0.0112715827715117
0.013794160606178
-0.0079612764949335
-0.0254934952991253
-0.00219713151593837
-0.00320578933260762
0.000627780352150609
0.00319509511266958
0.00479361768760356
0.00939498909171554
-0.000155291938614965
0.00696665139883201
-0.00468909893812075
-0.00942910186714307
-0.0166333104272063
-0.0112114595332411
0.0134001839706173
-0.0249696474371728
0.00533700626803046
0.00282199116608517
0.010916571810446
-0.00565185889310982
0.0174527928496246
0.000653056486331849
-0.00335057839383701
0.0121822886974261
0.0104427134985876
-0.00603465423839467
0.00646841378311258
-0.00788439272425556
0.00724005576324771
-0.0146920813159177
-0.000290880099395707
0.00279059375524149
0.0127803252548926
-0.00761370583074417
0.0127311610769603
-0.0162455961224204
0.0119492512675201
0.0365878490825366
0.00571654364303598
-0.00547028374710123
0.000403538445073792
0.00812877183058802
0.00717322124292075
-8.49975364669575e-05
-0.0144282136934031
0.04451093494162
0.00143447747696968
-0.0103214528667195
0.00580289081756469
-0.0106684385127256
0.00921355899115461
0.00923862558733468
-0.0083144229297325
0.00915625901287065
-0.00822146975041171
0.0124042653055003
-0.00690425844515374
-0.016215676293637
-0.0181950995574383
-0.00169778848373525
0.00126825715592993
-0.0056717292890287
-0.00439096336583056
0.0263593775488928
-0.0171993607982035
0.001988476427492
0.00690162090936752
-0.0273181800741593
-0.00885091308243879
-0.00351670931222969
0.00725665949360277
0.00573832180097789
0.00993217194150375
0.00746141161629765
-0.0128330884929522
-0.00365729275431192
0.00432217546704194
0.00235990412897102
0.0165424935836711
0.0198711873370616
0.0197350586476297
-0.00670208702813113
0.000492975162300624
0.00465510906496469
-0.0033967106230488
-0.00851354149315497
0.00959710774173139
-0.0311407588161607
0.00135765503233465
0.00644979215115349
0.00799005930383068
0.00557633304574878
0.0240870865976301
-0.0017552334705524
-0.00165947138061995
0.0259323774550015
-0.00663661977577412
0.00480079559686786
0.0202345358423379
-0.0145255102316426
-0.0086140204083236
-0.0042213981894843
-0.00441971672671393
0.00229656899626818
0.00212148325797479
0.0013779213770988
-0.0184947252715553
-0.00249406532546104
0.000328751808575944
-0.00662873345811299
-0.00512337736468993
0.00250925947747582
-0.00150276100024627
-0.00181990168098167
-0.0165715798296961
-0.00964312580756221
-0.0154844391970101
0.00381622314987951
0.0240855204866843
0.0181278847701574
0.0147301493375718
-0.00541480596657529
0.0117725012427972
-0.00768093299403461
-0.00477108679781146
0.00959818808862956
0.00609435156188276
-0.00898648843483407
0.00147005525960431
0.00156057125520093
0.0233460950302042
0.00991280645307313
0.00168732394548066
-0.00509219346351841
0.0161413379778246
0.00673023069956002
0.0120838855208003
0.0194030581932747
0.000603465633240319
0.00748308280532406
0.00143024550401449
0.0106173313833597
-0.015541993696143
-0.0139025929542047
-0.0202202528734254
-0.00428919744500966
-0.0145095865248592
-0.0114777351023871
0.00208544637823138
0.0361066374428027
-0.0049675750110314
-0.00150519551741723
-0.0122453815802572
-0.00838572146687788
-0.00562597987373792
0.0232416810539284
-0.00467521122104309
0.006584545903765
-0.00830563796324668
0.00160194108722145
-0.0198334725677185
-0.00301175043112067
0.000409914318506566
0.0147264759543404
-0.00484466072403222
-0.00459834120255387
0.0152122258226672
-0.00343964717301581
0.0254414880944509
0.0181465933193135
-0.00852347748064197
-0.0114061292418395
0.000559448149369146
0.00809066078317677
-4.56872277130316e-05
0.0318609954624982
-0.00340895810634656
0.000478919862761273
-0.0202556868269088
-0.0133148608482596
0.00499961468332799
-0.00198360523954477
-0.00673293001814912
-0.0230374058621479
-0.0161799342809132
-0.0109227403444585
-0.0188384948815159
-0.00797220000907295
0.0185983203012441
-0.00795046589876769
0.00293615091411681
0.027738514379168
-0.00814250228014757
0.000549425272691195
0.0171175490376108
0.00133198993032835
-0.00190305490884946
-0.00436937292991502
-0.0070766036587937
0.00431605202809671
0.0168550222630284
-0.00752273772834222
0.0130616395940901
-0.00952078216616492
0.000365431238595448
-0.0123217687496044
-0.0138097502142465
0.0122312899650616
0.0115347249551068
0.00858392149430465
0.00331714859217058
-0.00591743669602174
-0.00371023461914533
0.0146988664047978
-0.0268909710431124
-0.00466821918369398
0.0118117802049067
-0.00478425850446129
-0.00969896189785402
-0.00182769132583083
0.0126089866226984
-0.00105444635079266
0.00199803120335673
0.0211665762061628
-0.00749077747777172
0.0228194489540225
0.0345599167715385
-0.0112890403207686
0.00842474056575071
0.00685633731944435
0.0355553957396229
0.0108785180879867
0.00356235264410287
-0.00522585934257869
0.0464862981377223
0.0201417171116454
-0.012035320920317
0.0125527214652532
0.00511951486262596
-0.0109699970661161
-0.0080996619080711
0.000249529994780673
0.0160007418793473
-0.0133090234629307
0.0111313201723338
-0.00105833566345837
0.0215992786160442
-0.000122678535813492
0.00125262670815829
0.00816118253858988
0.00152178975722173
0.00404764384524725
0.00331492178387727
-0.00408891236189923
-0.0212123488939522
-0.0234695523763779
0.0247061937433788
-0.017279733806653
0.00755003038781332
-0.00391329656224393
0.0144395732770803
-0.0110786501306031
-0.0214840657877282
-0.00669998519619064
0.0251559640689809
0.00414540214337755
-0.0022601232489734
-0.0249887623739014
0.011919033232811
0.000892047345010027
0.00438397358587927
0.0134272486908333
0.0202101395780083
0.00342336722868453
-0.00114598408494082
0.00178713358437932
-0.0246161653022323
-0.00898851667036027
-0.00516714698818355
0.00339097995456328
-0.00350631198177176
0.0137957858076465
0.00701126287257914
-0.00179487671678302
-0.00327983637453677
-0.0080794209020798
0.00050465673261435
0.0047392345661148
-0.00832880226403532
0.00814478119210627
-0.0218396591664067
0.00781703131725742
0.00782401693279411
-0.00155288186402203
-0.0038404346198444
-0.00376710254522905
0.00943832359166485
0.00983744386793539
0.00565177711153808
0.00335383416597779
-0.0188070382932448
0.0044460549163361
-0.0226023477198662
0.00447949220400545
0.0054885061208747
0.00933576246488066
0.00449909035891416
0.00442867694766313
-0.00947084500707085
0.00203518391636948
0.014740806269705
0.00197765524515425
0.0020479508143918
-0.00338895232496306
-0.0150050627687168
0.00268822078249897
0.00575159876241393
-0.00725893840087188
-0.00326557906058156
0.0091661017945448
-0.00195447213222444
-0.00538830851818517
0.00151735197043301
0.0031044793934516
0.00135237392614584
0.000308144816830946
-0.0127532083053179
0.0323379273977871
0.000339864276957869
0.00390099204524397
-0.00468350706967691
0.00429114387036122
-0.013870887195532
0.0204891428720444
0.00604761992691749
0.0273177892151608
0.00108594826312469
-0.0164161247560752
-0.00424308640299387
0.0202739994901808
-0.00553999452099418
0.0122774509079715
0.00862487527809819
0.00580673271318766
-0.00251214982894687
0.021848523976713
-0.0200864997563883
-0.011843311915964
-0.0199878719889632
-0.0015609461402466
-0.00160261158306696
-0.00334302894490612
-0.00292468190645678
0.0303831136767077
-0.00687520665182717
0.00225849466797357
-6.44989915343785e-05
-0.00813171295148507
-0.000224744199583071
0.00225439245642356
0.00551302770002948
0.0085130373641249
-0.00327708400927129
-0.00645644351281227
0.0223590748144229
-0.0193157630099172
-0.0110978681618938
-0.00503339970725847
0.000153733612286544
0.00311796175312473
0.0118553424420753
-0.0180394850262413
0.0126074894392616
0.00808208224823836
0.00989285939463969
-0.0107936408777682
0.00843677118435338
-0.00831878552395615
-0.00121389300842978
0.0102643008924197
-0.00533089140908771
0.0135612419239379
0.0140349112273928
0.0156016447507579
-0.00736530279755776
-0.0127529261013102
0.00288459276212727
-0.0010497467954611
0.0153679495554062
0.00376757273209982
0.00717764317444747
0.0113662555932024
0.0233596219991501
0.00410843007831119
-0.0055425705282719
-0.00121481248984168
0.000725555222066632
0.0168434049641846
-0.00254170125842634
0.0156818232528355
-0.000929044317137695
0.0205894886879001
0.00482548292979601
-0.00352285658996543
0.0332889702310819
-0.0119119446912475
0.00552081633820478
-0.00358343181411946
-0.00683445047294029
0.0240511746141294
-0.00402122981329534
-0.0039562698105815
0.00228902244630724
-0.00744896886419255
-0.0148824155157037
-0.0105372642477164
0.00362427781157848
-0.0125648084197891
0.00904235480051696
-0.032324243584517
0.000890785779425585
-0.0187713063780812
0.00289448166894601
-0.0107285999209275
-0.0115960089694749
0.00860702002438174
0.0239137811192869
0.00281810363469681
-0.0081387800311532
-0.00879685683372955
0.0104301157933619
0.00853846813643244
0.0153171584542129
-0.0100030660733506
0.000678274778596943
-0.0155045813724826
-0.00517796793022818
0.00174510451381416
0.00627464025084734
0.0113616045512952
0.00166800942135126
-0.0137482057735134
0.00500759267004369
-0.00374415866480682
-0.00118094390477097
0.0156985508158627
-0.00966183580649371
-0.0026477488945531
-0.00825901129966233
-0.0141734540135712
-0.0108940776972499
0.00478299706944796
-0.00277907340300487
-0.011221642666559
0.000264847057909634
0.00156638577268708
0.00427303808003821
0.0147249937964045
0.00952141032748344
-0.00598908137631682
-0.00325775017512875
0.0236829220885024
0.0236437610590396
-0.000202437620192342
0.010895513588677
0.00815792786150205
-0.009608194949287
-0.0159400011752755
-0.00663688718494271
-0.00303734315576598
0.00233724208418984
0.0125035141635035
-0.0136097714790253
-0.00301745037329582
-0.0167101270360703
0.00410901192628721
-0.00149538434010665
0.00487168678175465
0.0114856066891846
-0.00429900405256589
-0.015751899086581
0.0135081794397234
-0.00212065300900122
0.0100439254763387
0.00399139354698264
-0.00713688988278705
0.00157268321159165
0.00714478171642519
-0.00683655585622844
0.00527542324971364
0.0150709639003281
-0.00940171231484577
0.019874095331355
-0.00549276157507705
0.0177664229596139
-0.00783101895261673
-0.00258693851082903
-0.00732399081974577
0.0062623518205065
0.0324680620673856
-0.00867855874423107
-0.00483806302172951
0.00412003752642143
0.0167841922852947
-0.0130879630921434
0.0148161234697248
-0.00606154706761686
-0.0210132992123739
-0.0145141242525728
0.0122622150731537
0.00163239472036203
-0.0114327022352434
0.00320182523201851
-0.00455038871384161
-0.0140300897274166
-0.0225024229369808
0.0122215475397045
-0.00952511094893715
-0.0165919025007693
0.00156175988579754
0.0211605932315688
-0.00441889343620261
0.0300034266632867
0.0154417812277412
0.0180061313280362
0.00124461851280522
0.00677191320756876
0.00536015037943827
0.0136371721764998
-0.010745504943495
0.0195364386329242
0.00629620842538614
-0.00313137058966184
-0.00087721296365828
-0.00738169055106219
-0.00918795795441163
0.0141251787462835
0.00292311149713242
0.0144093313769087
0.0119544375668923
-0.0197371515019693
0.0259074586064205
0.00958552953573211
-0.00102256564317926
0.00048444783007362
-0.0142454689086104
0.00892166790451299
-0.0155741761208024
-0.0225344191453463
-0.00260764035236072
0.00956790878641556
-0.0081386478722365
-0.0173336052503821
-0.0224800343120179
-0.0196998802512418
0.00376097611551884
-0.00740101835908469
0.0276572533567165
-0.00399463682607326
0.00568197238468038
0.004759529373219
0.0123092978369694
-0.0236451370835606
0.00702082173547858
0.0191988977100799
-0.0124324707595758
0.0053091733931705
-0.0127302766231985
-0.00185124875556752
-0.0232226120363634
-0.000339916366774773
-0.00252696986509449
-0.0189729202987579
0.0142715609782833
-0.0111329709838675
-0.00896778490907657
0.00134918793210481
-0.0069994565791891
-0.000469734938590705
-0.025980940938112
0.0107625597911234
-0.00115483703972963
-0.00665722490740173
-0.0194228928319848
-0.0128135392721376
-0.0187766887260779
0.0146903952072179
-0.0146433355211961
-0.0150981168631414
-0.0179334036736734
0.00946215113216908
0.00798730427388428
0.00226276263604852
-0.0027352476164193
0.0095126642544443
0.00601785201140004
-0.00793574294157651
-0.00425457957534547
-0.0139354159654168
-0.0152183230397789
0.0102348822412299
0.0025107752813085
-0.00817361365272085
-0.000300057287253352
-0.00192401365198158
0.0147451182789702
0.0105439719526554
0.00544995876449761
0.0135375734647738
-0.00703704771046532
0.0176511544740094
-0.00569954503280634
-0.00842555364441289
0.0146390415121367
0.0020477265310781
0.0136215068761558
0.00762069996559234
-0.00809603710078655
-0.0116543171884356
0.0117679566307203
-0.00564655141995196
0.00774539187037782
0.00748142454045642
-0.0104305234834108
0.011469455056055
-0.00256265133605815
-0.00371094123097571
-0.0119576632491167
-0.00323515349844428
-0.00654475053067571
-0.000915974340156112
0.000642574982238742
0.024095364228069
-0.00761317598663247
0.0123573082595883
-0.0184173126020664
0.00526190704018603
-0.0177067699691342
-0.0105846603240511
-0.0140178907938733
-0.00867064682186225
0.0139455739519203
-0.00498751974451395
-0.00414363795138151
0.00379759664081725
0.0179812918808278
0.00656196012065813
0.0121428397121708
-0.00217569311463528
0.00448583275226966
-0.0162792629757504
-0.00310824180968439
0.00473944958969952
0.000975685657284231
-0.0220152857803324
-0.00183613303916275
-0.0023823296979657
0.00864593219635523
0.049387196988377
-0.00112594283879197
0.00391543752330925
0.000484576465986208
-0.0078977157499498
-0.0107696383857867
0.00593932810716069
-0.00842363910433264
0.00933358266546769
0.00206077154488504
-0.0014475443094355
-0.0089225315987953
0.00626258000679059
0.0185103971517933
0.000557508100364146
0.011356904123593
-0.0153877894296528
-0.00283399769588044
0.00469688346958108
-0.0122201630861767
0.0109782686552098
-0.0177661998577232
-0.00701597535660703
0.0199407839976953
-0.00250011005077333
-0.00277988318108235
-0.0160491633554365
-0.006791070533815
-0.00632839423009912
-0.0017678860321606
0.00576851292444225
0.0178056407900193
0.00584050219698007
0.00783403296670748
-0.00983816880401456
0.0126608507956405
0.00814970619466671
0.0184175199897112
0.000754254091672735
0.0256422848587494
0.00391907478279307
-0.00172829582529133
-0.00557356140481247
0.0144957552546003
0.0233603778017759
-0.000578903217945737
-0.00782697913203911
-0.0202308960125333
-0.00819862251429093
-0.00859913183635364
-0.013355517904964
0.0127068598316065
-0.00536179084160615
0.0172296826548717
0.00756225917637821
-0.0169237531076476
0.0202517114763712
-0.0145601879504458
-0.00879167957138627
0.0057204807718616
-0.000571413509906193
0.00733762231588386
0.000953137153626216
0.01680340545097
-0.00440160567835157
-0.00750244215402418
0.00486381005541325
-0.00385611840413347
0.0115858928624366
-0.00645850294954187
0.000681565719341748
-0.00118608264301301
-0.00474529314507421
-0.0134155608524011
-0.00364034712149497
0.0172907867490508
-0.00638357088566899
-0.00913227388124049
-0.0224424813969168
-0.0132134336015834
0.00323161841886055
-0.0122167698945823
-0.005435105403091
-0.00128439370600653
-0.0034161486224118
-0.000313668763674002
-0.0173000216801036
-0.0208336507918538
-0.00458973281163999
-0.00684390419306524
-0.00563952041339633
0.00145353422200678
-0.0048746534380939
0.000968958953530219
0.000681761703420491
-0.00805307685330625
0.00121489461767865
-0.00481557513111497
0.0128737847730083
0.0146880204490589
0.0165061419137373
0.0112958887617669
-0.00179162880243133
-0.00379193240951636
-0.010444296211011
-0.00134318750240681
0.021223107075139
-0.0149947985602257
0.0228315657499607
-0.026283084302813
0.0111628091597993
-0.00472738438909559
-0.00334114789047035
-0.00121670684997888
0.00965305185010834
-0.0156167370069262
-0.0125254170594786
-0.000970307132888593
0.0118426246009893
-0.00464692368468889
-0.00420404936394903
0.000871110102062644
-0.0113954641605307
0.0134035750120454
-0.0179506497516453
0.000369426617249147
-0.00182881165302184
-0.0144192591022332
0.00829417816221856
0.00358469719752641
-1.21992231782997e-05
-0.00278166293054483
-0.0170793742671407
-0.00211874606417872
0.0200763303936995
-0.0160807997488934
-0.00516319233388707
-0.0189490050669114
-0.00601215525650467
-0.00643601463166377
0.0122233804534648
-0.0148619873977367
0.00628551638117258
0.00206676920842952
0.00760450633140941
-0.00813167233621748
-0.00378178226066161
-0.0118319722253695
-0.00540517481092273
-0.00451215007450223
-0.000193829417753477
-0.00821835340620503
-0.0157142710606131
-0.00418133906363316
0.0165828734316236
0.0030981030429178
0.00648206905863802
0.00261613948011963
0.0142674620409746
0.0097113416566259
-0.00442212034108991
-0.0184743777803522
-0.00746987171118363
-0.000364403890449339
0.00349225977708301
2.0508122217322e-05
0.00139948512402022
-0.00952874803920345
-0.00284437607178667
-0.0061862867471838
-0.00419966366314739
0.0053889979813313
-0.00390375653717712
0.000807556634605078
0.0089895504320463
0.000183624256745674
-0.00267645451721243
0.0100772919646754
0.00530428807006089
-0.00590833149461112
0.0195413052250846
-0.0181186310718999
0.0100992740406607
0.0114515823641792
-0.00969226327456774
-0.00300086228373786
0.00128558540220958
-0.00696890277751727
-0.0096482496408008
-0.000284569934363432
-0.00993454074957079
0.0142883243535259
0.00868521222600727
0.025216692262104
0.0189464559325589
-0.010651605548647
-0.0207443030080192
-0.0139982024419414
-0.0134596784462655
-0.00175451724939535
-0.00637465328710896
-0.0011077102024224
-0.00653921177769057
-0.00769056733439655
-7.86907379204393e-05
0.00130672506452356
-0.015228799804456
-0.0116894579960825
-0.0132248655752498
0.0059939665015083
-0.018198392076723
0.00786882914254861
-0.0234674211129455
-0.00402022908783195
0.0260564261216611
-0.00465090239173804
-0.00763411605690223
-0.00745340839504571
0.0115168641586116
-0.00535097141786878
-0.00540104483135551
-0.000936516024173883
0.00372550845389696
-0.00882490950773196
0.00789052583833261
0.000260238233313004
-0.00321286368851048
0.0110109486732934
-0.0171387287104992
0.00947840593267202
0.000338486694875684
-0.00743390561853552
-0.00577385421313714
0.0140827257513028
-0.00833489025029799
-0.020582223604233
-0.0189175389863419
0.00819199468768694
-0.0114139528609343
-0.0186606455998817
-0.000931714606263512
-0.0196861318119161
-0.001668687749941
-0.0203910097163664
0.0030328240345483
0.0201447647101052
-0.0142400164760552
-0.0155504325847016
0.00997450528471155
0.00152731031200481
-0.00985653772749195
0.0135796611224546
0.00456483907801086
0.00436405721130662
0.00343802520123937
0.00275096875843417
-0.000786627958079933
0.0114903141819571
0.00117967648549389
-0.0152324320076271
-0.00198935384232435
0.00022807381004597
0.00483372029444418
0.00753205784494426
-0.00458319610520164
0.00619318362220334
-0.00900567797802942
-0.00260015989400486
-0.0101569954152811
0.000261363771659973
-0.00969393860926893
0.00348928139920801
0.0246687191711548
0.0282068803633422
-0.0260717242525832
-0.0019057393569355
-0.015508358043844
0.00645543322782416
0.0240873658604368
0.00240754632744533
-0.00547151084509778
-0.00759773840042755
0.00699559797339511
-0.0073085291998094
-0.00297068861400085
-0.00783373825652589
0.00902690749642332
-0.00994762055825404
-0.00711718197353228
-0.00844883385097006
-0.0121140932421095
-0.0186435837410261
0.0128263285596883
-0.0215972124681247
0.000649880585317675
0.0360960410481219
-0.00976315507604042
0.0110940374307429
-0.00031941695453952
0.0148752397398688
-0.00948437411445191
0.00688115407872125
0.00307482067339393
0.0163064759491878
-0.00769775561115615
-0.00927943264767706
0.0156095957058859
-0.0372977210589305
-0.00498587362442571
-0.00538883846369487
0.00613641452898861
-0.00589711625269729
-0.00818648925663723
0.00176745753074492
-0.0139125573496255
0.010146742073406
-0.000851828530645804
-0.00458499666094347
0.000519875583584906
-0.0147662956602286
-0.00358455400071378
-0.00246120708474962
-0.01553362969854
0.0169605340441166
-0.00642592856522128
0.000488032029910102
0.000379059120813707
-0.0307927674855222
-0.0188948110738139
0.00319457535134759
0.00101623782485483
-0.0124995301696735
-0.00846295578159229
0.000799906357078939
0.0189079357429183
0.0173480417559038
-0.0264379877104677
-0.0286415989359359
-0.00857835538537621
0.00346988616063904
-0.0085045667320518
0.00696371508131044
0.00477659672412223
-0.00754451739019757
0.0013444816719872
-0.000726549978951496
0.00146725337794784
0.000833534799014046
-0.00295651502634264
0.0234161270542206
0.000134654626956277
0.0141337162321609
0.00270491836138298
0.00870659963535303
-0.0177982510858303
0.00579799799815817
0.00414218837318714
0.00424615322757305
0.0240632568728998
-0.00270345113897541
-0.00343652270563588
0.0202468680675292
-0.00351922230716184
-0.00595036518191883
-0.00473024306513814
-0.00841037108464704
-0.0136967655204501
0.00478634578991688
-0.000270222208021309
-0.019155986346771
0.0140005028555787
0.0226260191863084
0.00845305244295247
0.00519190040385809
0.00661444032255787
-0.0274527312692321
0.0126347973883423
-0.0131531546774237
0.0052794453441134
0.000803863372427216
0.00893930275783994
0.012841877954564
-0.00138857221912581
0.00506492126315905
0.00174665388934336
0.00725815405539088
-0.00541724653784392
-0.0107150023158926
-0.00313079842984365
0.0217446727610842
0.00783892555544874
0.0114886691393838
-0.00982681801022522
0.0110918080033855
-0.0127444375230681
0.0124531175872846
-0.00673335490205318
0.0060096659267046
-0.0035555196601873
-0.00901367133173281
-0.00229930253065547
0.00292522922838145
0.0103074203972291
-0.0111825427247698
0.000987919920286018
-0.00359875844019264
-0.00361007798089119
0.00460282178440075
-0.0136738182940075
-0.0225388124768653
0.000345138824886959
-0.00886973164484139
-0.00927753790330854
0.00229925831779276
0.00389845108255393
-0.0126982304165395
-0.0417915128199162
0.0105714149408538
-0.00441040550020055
0.0027071066019726
-0.0122408803382257
0.00986872107328374
-0.00477161682888472
-0.00248692182972832
0.0045546845299036
0.00350304820921643
0.0105444976619182
0.0317969286902624
0.0170696892823869
0.0106101139926853
0.00378207501426253
0.00328445384965725
-0.0146863777925272
-0.00184775974234874
0.00590309439820658
-0.0091698687464099
0.0167966447740913
0.00770086071943155
0.0157774778354298
-0.0016085173600846
-0.000313885488063548
-0.0344068419075274
0.00971463833400321
-0.00215854260878601
0.0113578170738116
-0.0172986829091499
-0.00115226765697329
0.0100341157543458
-0.00794948084360136
0.00107460908884249
-3.43314165931474e-05
0.0160227078153117
-0.00383613851347064
0.00049824171901669
0.00675303834757557
0.00211760080642165
0.0182191574538706
0.0132103965684021
0.00131566110792924
-0.00093683648556997
-0.0249130921972984
-0.00468938019167275
-0.00107455947356172
-0.0062267172922148
-0.00360271089311581
0.00210889699954819
0.00349298197838088
-0.00896455512321914
-0.00339973722913278
-0.000940639789508424
0.00651196995403325
0.00880607150921797
0.00438825296418699
-0.0107675786127341
0.00394007400990226
0.00705098177503238
0.0154155115715877
-0.00335514945661863
-0.0157331882447984
-0.00678931855337517
0.00255969396282829
0.00232049826659697
-0.00848411057294207
-0.0208464337271668
0.00620966578208204
0.0161328971730121
0.0202911826143843
0.0113948972018072
0.00193473942838196
0.0239230014827516
-0.00192512282503898
-0.00582826071267561
0.00567266578536341
0.0235310113309648
0.00275440506142566
0.00397092002698329
-0.0134390334379049
0.00250201412915985
-0.0144758833700234
-0.0063565248776829
-0.00468789750397924
