-0.0291210130761801
0.000263933513641845
0.00438326319612159
0.00378569680728091
0.0152147541945098
-0.00204738084399025
0.000773560904589132
-0.00560249011170022
-0.00340087053587013
-0.0197243345943594
-0.0170730738899234
-0.0271201740828921
-0.0174243416268265
0.0193507680319005
0.0177719372543805
-0.0195058565746482
-0.0155892156971031
-0.00428232182664878
0.0182574192027367
-0.00449194629796601
-0.0111055906254141
-0.00591382690877218
-0.0234519586175299
0.00277113882815705
-0.0163218884062211
-0.0179163401657796
-0.00376598327364341
0.00470920881526382
0.0408869071758087
0.00513738475246761
0.00682537028826147
-0.00512073481220909
-0.00521590438742869
-0.00867348185535377
-0.00873816693943041
-0.0129826297994633
-0.00666152031645062
0.0154974933036662
-0.00812193109912407
0.00549253409339734
0.0126028664288338
0.00737860195958717
-0.0017232143028707
-0.00472265701808716
-0.016167224961503
-0.0188961047819571
0.0288202010609506
0.0105369103456621
0.0203427345915195
-0.00163711241892273
-0.00479297392720923
0.0126887551273906
0.00278660901382111
-0.0106450574774879
0.00832394578204365
-0.000144250750709674
0.0211829325397517
0.0179419123598183
-0.013666685551037
-0.00211783068542637
0.0160315012723462
0.0279867109209064
0.0204380515921478
-0.0221293649012075
-0.0159278839389732
0.00767205903276746
-0.0121800417807112
-0.0186737308774614
0.0139598527891955
-0.0140197166292122
-0.00435958538325387
-0.0228299068190214
0.00730033373603689
0.0114404140685789
-0.0140017579395373
-0.00676112370066839
-0.00140370744234275
0.00143026426060011
-0.00650553898143436
0.000848368399008592
-0.0169616138494462
0.00889873169959898
0.00819693560466916
-0.0141624071259212
0.00408396746341033
-0.0067672532333809
-0.00709462840265651
-0.0139142927944391
0.000787251237717612
0.00419970310390028
-0.0197477013106795
0.00136551555165632
0.0121232314117599
0.016654539010629
0.00176881697327502
0.0128768543589128
0.00682039067125828
0.0405281463475173
0.00473045816982953
0.0174094784226053
-0.00322122255557922
0.00238051781235171
-0.0125102568454434
0.0195878835565786
0.00688702596688451
0.00272607519193535
-0.0270820030316123
0.0143385472986068
-0.0191350545389977
-0.0099154402084487
-0.00732188842970949
0.00305562123889125
-0.00680256395785683
0.00170083010871913
-0.0109188077606479
-0.00377275372632724
-0.00892811053545906
-0.0195055442243053
0.00503528412258625
0.00307751018993585
-0.000782216172241945
0.001188554199123
-0.0250115399136455
0.0071745121501543
0.0213863975213755
0.00635938833271865
0.036826367123064
-0.00677108866266707
-0.0115036425353061
-0.0328975867726822
-0.001312723025503
-0.00901680332232857
-0.00911200146582303
-0.00850965216395494
0.0244530517233343
0.0147364183518874
0.0168612915612556
-0.0144336660974016
-0.0073887901834695
0.00211920540248478
0.0429651681947405
-0.0122324079396225
-0.00973278329052718
0.00821558931698618
-0.0170553728536778
-0.00504228912693883
0.0021876446670408
0.021402116172311
0.00261039489278936
0.00488201460631643
-0.0203224103661075
4.43871811519614e-05
0.00789286922188914
-0.00370881726364836
-0.0171212345690481
-0.00398304219603673
-0.00144813181945658
0.00335091772743645
0.00651488946131096
0.0162562206046317
-0.0122395709709462
0.0548563402959417
-0.0158593925613406
0.00238414255471397
-0.0235101003704887
0.000148942505294514
-0.0211225667571568
0.00687796573995847
-0.00721681158045584
0.00989466256899796
0.0162159850286603
-0.0116656324972322
0.00319669160821334
-0.00843621822903096
0.00901380958906728
-0.0215801131154141
0.00212899913673326
-0.0209313885335227
0.00401520080621331
-0.00759870951362451
-0.00868498192441258
-0.0165509013098433
0.000687879345004916
-0.0012521226637503
0.0396938263072908
0.0149630901224747
0.0102709532351621
-0.0264190127467003
0.0156392262625342
0.0181415423299676
-0.00273558912870797
-0.00148873918968029
-0.0148224656013642
-0.00298448484300984
0.0197601831332648
-0.000447461422755424
-0.0120732451785326
0.00948585594316675
-0.0204754938161642
0.0112059320490996
-0.0178927658288206
0.0400497426029975
0.0114335538381845
0.00493276856323277
-0.0186873965087031
0.00138862295935915
-0.0227113431063533
-0.0212981995055568
-0.00287126784430214
-0.0258810804169585
-0.0175550216110683
-0.00626199530035976
-0.000407342150531065
0.00300332996577701
-0.00533700804794357
0.00803925434423647
-0.00166098284241123
-0.00686670301794479
0.00669871345424866
-0.0163586437302872
0.0084025647297743
0.0022896221078792
0.0189264733136287
-0.004588200992103
-0.00496555101977236
-0.00372964080798788
0.0179439204805512
-0.0526978353637801
-0.00481782272870035
-0.00576843819000494
-0.0110004957626639
-0.00924672256761383
0.0258516323200695
-0.0028817343458627
-0.00507959821323745
-0.00864016660089462
-0.00940544477198202
-0.000794450271840219
0.00954530415894972
-0.00466792737982047
-0.00046414540923756
0.00216907968920133
-0.00112464214593366
-0.0222539220968105
0.00510810774342829
-0.0162060199009293
0.016582718250536
0.0205295358926918
-0.00479654407392438
-0.0109355953477728
0.00358767962868889
0.006711796808057
-0.0110350509309214
0.015983268928931
-0.00642068342509816
0.0156399146441721
0.000416447935018383
-0.00540874816481995
0.0174330138816821
0.0208895606914048
-0.0123069611941666
-0.00181221728390746
-0.00315044343517279
0.0141200590592163
-0.0324852173627193
0.00824268957842911
-0.00716100132797415
-0.0102676934184274
-0.00998003049669016
-0.0120294236647371
0.0174473589059509
0.00746232760378795
0.00527392395940574
-0.0119881674113103
0.0221532687821018
-0.0138605257803448
-0.00295015679513
0.0114407585782459
0.0235174048948945
0.0097482219449212
-0.0215717387402812
-0.00332430310408149
0.0196453320138357
-8.43713723934769e-05
-0.00488459127717178
-0.00353275656838825
-0.0163685712865469
-0.00440207978147633
0.000708000074521209
-0.0130534787119938
-0.00981374099387189
-0.00687920523763808
0.0148295711703863
0.0303511261022855
-0.00271296283535705
0.0150969490160993
-0.0119250916713991
-0.0186158496628366
-0.0159088583631046
-0.0379867289722213
0.00751426849727288
0.0206001754378313
0.0247337873087474
0.00423463918556699
0.00690176623552574
0.0133919203217552
0.0236114594588379
-0.0184119974452308
-0.00179741865736815
-0.0234767609702047
-0.0223288210162362
-0.00811924803279318
0.00831421850395841
-0.00292079722950511
-0.0102986646224181
0.024769171912725
-0.00612685027119753
0.00436735347462758
0.0035550966875757
-0.00960343979708078
-0.0265838877541142
0.000973431762288257
-0.0138813792769881
0.0142278804709068
0.00185016897524726
0.00783817679236165
-0.00915758379169063
0.028601070157638
-0.00143839352260144
-0.0133916016703921
0.0106277991274819
0.0122771751755781
-0.00269029025342249
0.0114696440301589
-0.010542972313937
0.0138647323423076
-0.018422246570287
0.0177940145989854
-0.0194450837688542
-0.0011250154456004
-0.0026676185105412
-0.0110258083021364
0.0191323473117677
-0.00634766624828309
0.00438134276522462
0.00689540218905371
0.0138884888520003
0.0170318619844299
-0.00458509291092568
-0.00207465424143294
0.0263752216924864
-0.00341682667021814
-0.0164863602821406
0.0023441256978991
-0.00402445417537756
-0.0264423453915992
0.028079066155227
0.0181441018925135
0.0200008517955688
-0.00465083641132757
0.0333047975804739
0.00492678596108576
-0.0149594451824058
0.0306975072288385
-0.00671512343000202
0.0107371582762852
0.0108372116945379
0.0193420058801657
-0.00583424617384409
0.0364365746623356
-0.00666388389184469
-0.00912477170783177
0.0154577078700466
0.00163109549792573
0.0324134537521683
0.00421834120973408
0.00697480156852315
0.00375389385008518
-0.00040783422411117
0.00121311568596205
0.00145150575178654
-0.00875183098785115
-0.00257472860235985
-0.0106026435756661
0.00205918421534967
0.00744592502815422
0.00310262492915925
-0.0163698691697256
0.00337413266893805
0.00154231153452677
0.0100918092953428
0.028143047291568
0.0174447328231224
-0.0131734875610459
-0.0192687369460938
0.00893960968507201
0.00476365056460004
0.005734890854729
0.00615339186384745
-0.0282833829103577
-0.0150490486188115
0.013631743189519
-0.0205164096409725
-0.0218013590352815
0.00167095535591422
-0.00706425006862688
-0.0237883694189271
0.0122537234135578
-0.00904855809094585
0.0206900227493385
0.00523027563515832
0.0291252474095725
0.00539087395512894
0.0119222599640825
0.0126689940661038
0.00756151888005441
0.0202411679920882
-0.000711157876917667
-0.000430510068866852
-0.00950887284084345
-0.0126128525724329
0.012431654678057
0.0126496947431303
0.0260681773948122
0.0146104312471138
-0.00577322579389339
0.0135331866792008
-0.0114701297135618
0.01282448313742
0.0121305587586367
-0.00380027058460009
0.0122826205307955
-0.00672004603980803
0.00573701740153076
-0.01430106315496
0.00835332444713366
0.00530970405726983
0.00545599053123347
0.0117781161319925
0.0168564523656123
0.012133725817975
0.00785957490570155
0.0254899829288835
-0.00765678843988482
0.00267535092569204
-0.00591591530954894
0.0132888200269541
-0.00824120193670552
0.0211421759234849
0.00294818324822899
0.0118893362996975
-0.00529660676879828
-0.00834266428107355
0.0129489059939338
-0.00428236223356393
-0.00932228851779904
0.00137290942230806
6.2033174348386e-06
0.000794662569331805
-0.0170677431635795
0.0116508091859693
-0.00367913492819483
-0.000380967040868541
0.00539888356824925
0.00795325516121537
-0.012774895475486
-0.00748462944222084
-0.0162709071335314
0.00387469980968191
0.0147052775740963
-0.0044158352651511
-0.0242848685960801
-0.00113190696935916
-0.00899930674606431
0.00422998387141682
-0.025117495715044
0.00392859834638415
0.00840337137390179
-0.0108252366370181
-0.00451000859303541
0.0359093292008392
-0.018062643613229
0.0115114111550429
-0.0123693561119378
0.0110283749499533
0.0280328922512645
-0.0508227964208228
0.00597120760200553
-0.0059143132202415
-0.024151436621235
-0.0247069199375538
0.0219846329140712
0.0246665863137601
0.00481965587566968
0.0123337115220057
-0.0190743193395058
-0.0240612568698655
-0.00688557781846555
0.0159598420087548
0.00864227019576269
-0.00113411776251482
0.01479947031142
-0.0196296750474207
0.00219110146887402
0.00188130585878277
0.0145648842187445
-0.0482910478053657
0.013862900595738
-0.00768672755729582
0.0054814378069068
0.00350368629581865
0.0198788925678333
-0.0197830845166962
-0.0168907418054616
-0.00296544314210045
0.00590089932854276
-3.96078533917432e-05
-0.00968365096015411
0.00785799745082905
-0.0017073153962528
-0.0135486917371299
-0.000296958221047916
0.0128247998876354
0.00809026590621009
0.000693917827176094
-0.00576535664662536
0.015568858084773
0.00525042328134795
-0.010337602409944
0.00624576666361598
-0.016704434230876
-0.0275955342632006
-0.0179653138400084
-0.00481473458325787
0.00208731831693321
-0.00604434370997708
0.0333348116348429
0.00702299037862097
0.00227282955010644
-0.00654818626096265
-0.00947588150011747
-0.0192747792402894
0.000268892208696414
-0.00978584266849936
0.00464757172740171
0.0162676897773135
-0.0126714510568533
-0.0142373786764658
-0.0113179924642939
-0.00546437605694905
-0.00312350044147891
0.0122094193038489
-0.0126972445384759
0.00698519830360667
0.0220718605502093
-0.0234551033437977
-0.0142125145040914
-0.0264532140120188
-0.00873635074421664
-0.0032927346146856
0.0108466519682278
-0.00758004158707237
0.00100436558619243
-0.0370784390143015
-0.00863516364644745
0.0433638095645534
0.0151634450533837
-0.021272482591101
-0.00912566330454645
-0.00869530935733209
-0.00285844358958443
0.00228804821994011
0.0140327283363089
0.0153260389775571
-0.00783998873238723
-0.0159056325867351
-0.051930398748862
-0.00741235384332306
0.0114657845196806
0.00337489734259577
-0.00972457860997622
0.0274204352917753
0.00934733958450096
0.0181996487277249
-0.00232100337044727
-0.00957238187700327
-0.00793626423057248
0.0121415057248413
-0.0161206938809464
-0.13523933665021
0.00983839713265056
0.0273984468707837
-0.00731674620696943
0.00557149153128123
-0.00144223648610264
-0.00581168020516643
0.018905405579849
-0.00697838857824529
0.0193555052198295
0.0137979293891686
0.0080738287948936
-0.00911133227766925
-0.00427394061611608
-0.0046367651720729
0.00725155617181272
-0.00716525342631691
0.00974967313436714
-0.0313377070714402
0.00318785835616531
-0.000858094869748527
0.00123736030146482
0.00968014645429349
0.00262928613289404
-0.0287734629045175
0.0112734512129951
-0.00322884647826527
-0.0114756862719787
0.0150829609919878
-2.50401988068916e-05
0.00227611984191078
-0.00562364031137541
-0.019552417459078
0.0151642993725591
0.0126578828354091
-0.0191656288213942
-0.00231618758745356
0.00832883112181548
-0.00026087220845028
-0.00453305772393975
0.00226880358692938
0.0194280106665676
0.0218432237739332
0.0135338940767582
0.00554909067281883
-0.00480802193526841
0.0211115869226575
0.00321190441785646
0.0154590430760866
-0.0368524795349856
0.0329233685164745
-0.00163596161083568
0.00935763838261572
0.00574745584719594
-0.00402457275530921
-0.0326926435505079
-0.0043903295456289
-0.0229369637064529
-0.00669864487793603
-0.0118923293399735
0.0167839269295573
-0.0149848569849382
-0.00640670229468299
0.00804336773934011
0.00391130430513797
-0.0162080198637042
0.0152179136973789
-0.00325255334514907
0.00419583196392459
0.00033220662299982
0.0029253073672173
0.0264079727340842
0.0355670754497233
-0.00197173207260271
0.00523841385176027
0.0102046306749877
0.012765888672476
-0.0140142056526393
0.0085089859415568
-0.00333175792286688
0.0104128969291271
-0.00417074337248202
-0.00864117351182614
0.00423409101998651
-0.00271375657551864
0.0170869094024493
-0.00409656963609351
-0.00465847275049391
0.00314408600290683
-0.00330370291349524
0.0102835585478154
-0.0200471697345197
-0.00299773753342869
0.0127318472715334
-0.00637354535104784
-0.0141181975865461
0.00598068203691149
0.0163715315271418
-0.0157403506884961
0.0088726431499353
-0.0157176155761061
-0.00751921784241993
-0.018741196752508
0.000986267360254089
-0.00293251204675649
9.14193570373811e-05
0.0287033005597586
0.0155314059676517
-0.000931170689190353
-0.00170773460640739
0.00506391416649166
0.00333619127962947
-0.0212547962393064
-0.00113104155150268
-0.00811589781060817
0.00854242209431
-1.18663759494098e-05
-0.00106293630624776
0.0167957306775257
-0.0253735795940493
-0.01449820596536
-0.0221661831972622
0.00713233839185712
-0.0292855567397012
-0.025878866099621
-0.00497898211533609
-0.00943234938741888
-0.0119916954787644
0.0112339117924734
-0.0195456017831521
0.0300763274596534
-0.00378361838154895
0.00642270800918965
-0.0108151509585337
0.0198992484003693
0.00552339495430232
-0.000847121595729305
0.025675529515329
0.003034715973115
-0.00239975872317189
-0.0151908680863002
-0.0109970852637211
-0.0232600267322471
0.0140198138990399
-0.0133169192848825
0.0198685751416274
-0.00888389011910107
0.0118031784949899
0.023424665632735
-0.00774825693622816
0.0080428458294346
0.00259870706965337
-0.0080380306279082
0.00672982964643509
-0.00468739746071023
0.0110404972275386
-0.00980180825705368
0.00403596063605605
-0.00214317233458416
-0.0186453816299892
0.0132968163718115
0.000862090256935844
-0.00561185789043073
-0.00956922740489929
-0.00881291285174335
0.0110526511570459
-0.0134235753250387
-0.0200087381681104
0.0143546023684298
-0.0263191979163295
-0.00689121696839301
0.0302244834697607
0.0222905817666756
0.00404035521775903
0.00678518644440551
0.0160018722771333
0.0103785475376839
-0.000543053753073508
0.000281784847388167
0.0300590613327607
-0.0083303844644913
0.0059131762232365
0.011699247237642
-0.0139484755943542
0.00905458426699468
0.00143136949402312
0.00242983754442427
-0.00859600734298205
0.0233911505072406
-0.00878284046685351
0.00269732965258207
-0.0152819459976854
-0.0120838108858532
-0.00098219742944039
-0.00952628047595105
-0.0284929120845465
-0.0076829453003171
0.0405569107590296
0.00295850641715489
-0.00957200330176455
0.0154186542539101
0.00445203137345729
-0.00401865040334926
-0.0324114709257408
-0.0141827620781285
0.00182457303389327
0.00815955594144135
-0.00812988270713788
-0.0050022788686217
-0.00801011335198432
0.00484133844047818
0.0106505268461028
0.00928184720388003
-0.00759379707015029
-0.01341277920708
-0.0221241560189132
-0.00558809900005741
0.0153097465920258
0.00440138998115458
-0.0333197208279365
0.0184572803262348
0.00524446041502635
-0.000324889338990886
0.00424206302978369
0.00249277179315044
-0.00389044324558796
0.013234102222377
0.0172202775161203
-0.00315950520191244
0.00450380823200192
0.0108440371535643
0.0156164900004665
-0.0116611338185812
-0.0133803643712369
0.0107720835459464
-0.0276974515617336
-0.026055675521059
0.000353942974125943
-0.0124994209308777
-0.00561603159699686
0.0210607101001319
0.0118943556525775
-0.0108786556165228
-0.0144297939495619
-0.0270944228472114
0.00154764446946132
0.0309680617079344
-0.0205632934841447
3.85911829106078e-05
-0.00669821418900973
-0.0120269142031102
0.00304694421302898
-0.0149744027166712
-0.00332069969919147
-0.00122788072874691
0.0114811904285101
-0.0281946599088805
-0.0181700891224139
-0.0078435525415621
-0.00505464051070703
0.00598092098369385
-0.00356108455180504
-0.0100541343634806
-0.00183946085779318
0.00694286138387135
-0.00555074455422933
0.0145293041320151
0.00283515681211099
-0.0155150213505628
-0.0121902196038874
-0.000121917108531377
0.0115545783781208
0.0240573936050961
-0.0178871432014258
-0.00826776663673989
0.0181082712206049
0.00837136772443614
0.0134901122596922
0.000858740802748059
-0.0152180571656206
-0.00684501789922365
-0.0215768348498688
-0.0148606395488837
-0.00644182417462069
-0.00385811782856216
0.00903669782392313
0.0145617327143555
-0.0100148247316785
-0.0135229444295213
-0.00850490502692125
0.0128069857677904
0.0120492480375844
-0.00166193620705357
-0.0377375042574535
-0.00634950004024937
0.00856819148974708
-0.00607491276008609
-0.00462054379117127
-0.000307496609625701
-0.00489991964757763
0.0105723930034465
0.00968295745353132
-0.0132032630016017
-0.0113785694201525
-0.00761482480971765
0.0245000044530066
-0.0255368369509554
0.00804560256615616
0.0150862040326327
0.00613809824508138
0.000862848325459353
0.0159190713246335
0.015808650699439
0.0232560161914481
-0.0192025261716733
0.0210511521386501
-0.0118960411165219
0.0185305707420937
-0.0255263521678994
0.00915841422500563
-0.00331090346167251
0.00983344767106331
-0.0083178206636827
0.00166164555394133
0.00263373815192836
-0.00440572318389165
-0.0196762231992373
-0.0124594426640794
0.0225017761920139
0.0131664617616192
0.0210287864605263
0.0127544026373005
-0.00479010692359338
-0.00815526663749466
-0.0111442759404756
0.0208974803851572
0.00167153045001101
0.0083141329928953
-0.00111045410679722
0.012805171846729
-0.00840693100122891
-0.00238010014158974
-0.0207840607671486
0.00427274969492686
0.0215178216002467
0.00409275317932867
-0.0026661385242388
0.0204080699910367
0.0257238953451608
-0.0241090771367585
-0.00446597128092918
0.0639768723234155
-0.0408474478029248
0.00785642745986159
-0.0154463654419743
-0.00443008365769693
-0.0122765696409068
-0.0126302571590724
0.01814067956734
-0.020707943173969
0.0232492864985474
-0.00322428212866477
-0.00508970907768891
-0.00716047667700259
0.0228287592491103
-0.00966382670021737
-0.0201869557589642
-0.004679762036913
-0.0105867523235723
-0.0185739549592157
0.00803483320295051
-0.0246326087202604
0.00916475876497103
0.00351155874580655
0.00391735882615585
-0.0145676442584701
0.00956522380029234
-9.9596047338224e-05
-0.00245980494281639
0.00558405366640891
0.000947741057721885
0.0117069614109617
-0.00481957859823723
-0.0206510806691824
0.000540191928562805
0.0106215428881899
-0.0314890753493788
-0.0209049315684062
-0.0178321346767447
0.00938780843664055
0.00588603419636691
0.0103779121400791
-0.0171963286847081
-0.00207397811979426
0.00979349580649469
0.00235415204648071
-0.000726752037454759
-0.00762915249451623
-0.00576227362244452
-0.0048880752593714
0.0151093399006896
-0.0310335144064773
-0.0136776942917844
0.0150311455173107
-0.016569912816216
-0.0193073041899012
0.0104043532976288
-0.0100304047436932
-0.00994583778258118
-0.00295834189304323
0.0114772331002619
0.00780681084438228
-0.00907652955265092
0.00988673521399974
0.00362857017623064
-0.00349847772860556
-0.00293651712370036
0.00757869406432654
-0.0226692453517821
0.000269677369601595
-0.00226936936019229
0.00883989744358615
0.00864909752071341
0.0121885777271888
-0.00167312006776399
-0.00311039159300819
-0.00956638143196287
0.00174995675170919
-0.00302031656070589
-0.0171879845187028
-0.0321450545961834
0.016153773251574
-0.00205064689254186
-0.0154302589504738
0.00240697273484791
0.0128533743484809
0.0185581944629476
0.0190939650349016
-0.00894668221484274
-0.00613749232659089
0.0069143263659317
-0.0319072313487077
-0.00247112601996413
-0.000387182172527645
0.0249357931203633
-0.00527069128401436
-0.0249099590691735
-0.0188264953575139
-0.0017537115175088
-0.0121432569624673
-0.00344827523579383
-0.0135503335199765
0.00931668310363776
-0.00468083922980789
-0.00843923406214486
-0.027309749726264
0.00598822959284639
0.00767602812733514
-0.0341387052363835
-0.0119300281810286
-0.0050681200814644
-0.0285200610637233
0.0106729830696022
-0.00752101205167044
0.00399563837847339
-0.00890912736561944
-0.0115580965452313
-0.000911935938924913
-0.0163070995402936
0.000256369859691574
0.0170306315642801
-0.00875201370534207
0.00156389731782447
0.0278832516203735
0.0177822219756223
-0.0023951856488349
0.0150888994116443
0.00950243826725838
0.00111319357504769
0.00892805062383495
-0.00797821602308524
0.0251212201505115
-0.0139568031063888
0.0044790707588156
0.0220335212808873
0.0181971752567751
-0.0084693309680457
0.000941008038518376
0.0102229351609111
0.00487307908903745
-0.00562927469565544
-0.0129244796192456
-0.01152807961628
-0.0262416820080595
0.000369541764669634
-0.00275657194817924
0.0189620009716585
0.0193282343086345
-0.0258793056514808
0.00814203806092628
0.00936079616790053
0.00932475722718706
0.00957470548013717
-0.00955283562294618
0.00107750651224947
-0.00359486846926771
0.000562648405557198
0.0121892326430704
-0.0029543919913273
-0.000119436415189966
0.00767630965375332
-0.0156177610703754
0.0125651550443422
-0.00262578795000934
-0.0102602647279113
-0.013059300131852
-0.019446079364398
-0.0101980558280896
-0.0197382132440538
-0.023303949547417
0.00791142600138883
-0.000601268564228263
-0.00853197501264624
-0.00399923928888768
-0.0167269248952806
0.0219690467986133
0.00109065291780475
0.0269555797767502
0.0123160727867635
-0.0100198058615568
0.00462863494972865
-0.0172771432419054
0.00100117299906088
0.0152706687697499
0.0160477328231252
-0.00643220073439643
0.0254786631214845
0.000397833876565556
-0.000197816415683505
-0.0117742031104466
-0.0163708795420163
0.0112651717865013
-0.00838224743930915
0.0111208609296103
-0.00544061948478891
-0.00676342350167403
0.00773347628879328
-0.000783731202137261
-0.00143528721031316
0.0183783946831078
0.029616379999764
-0.00745280288424155
0.0104254259239163
0.0207448421533396
0.0351484731674745
-0.0220150291786965
0.00182188018149887
-0.0321253896582281
0.0138873858237485
-0.00783169687402463
0.0179701496161169
-0.00557244786132571
-0.0151902142687028
0.0118671183614563
-0.0184522949752619
0.0118404753498496
-0.00770136310111091
-0.00758651432340152
-0.016129189747053
-0.000260694737203693
-0.0188628473793564
0.00934463408269792
-0.0148472479432336
0.0162571546920454
-0.00122911636830914
0.0274433033293828
-0.00190273197562085
0.0340454744330607
0.0114014203038888
0.00194346625099051
0.000151738673235258
0.00619525229011586
0.00512390575650912
-0.00147538197025021
-0.00314441462521309
0.00347986428636204
0.0121611731554836
0.035965515756013
-0.0064838679398207
0.0108091057191952
-0.0255625593199813
0.00800365166812078
-0.019727523737016
0.0069331401405357
-0.00173971737744161
-0.00123566976933809
-0.00698321536356339
0.00733982050214799
-0.0188300102558703
-0.014142120336416
-0.00204092522972132
0.00169471556117884
-0.0106974801436532
0.00216995361407513
-0.0146923820511944
-0.00586669481471347
-0.0113251798989733
0.00144454265710614
0.0183602523463335
0.0392963068185335
0.000578072740388791
-0.00399628235827976
-0.00946198871145043
0.0226647136530413
0.00309827656849393
0.0154098094913753
0.0125576158888432
0.000116116419354384
0.0393725149781154
-0.000380679445733278
0.0174004790881686
0.00292949456742697
-0.00491778114659347
-0.00172260828311543
-0.0263058948866721
0.0048258207651557
-0.0213757465387765
0.0110165415170886
-0.00479776804530729
-0.00978748239003302
0.00980235162796639
0.00553478317966949
0.00603941751222159
0.0147537119334427
0.00797366059488347
-0.000106624089601937
0.00161760341175032
-0.0132100795513495
-0.00807537425426474
0.0231393060863727
-0.014022979807276
0.0115411470093605
0.0080646037902703
-0.000352528390378026
-0.0175909535508545
-0.0202590715333955
-0.0120937461155624
-0.123409862688751
-0.00427372415388483
-0.0021438356757848
-0.00700479825860256
-0.00491912923986426
-0.00834824772924136
-0.00984143888775968
0.0140613263469227
0.0086577228937248
0.0111401722998252
-0.0130520327886234
-0.00187963139565639
-0.0100564611001452
-0.0207356468970108
-0.00218514590225993
-0.0191617922426577
-0.0207867501074936
-0.00767664332062878
-0.0153940617552024
-0.000899571683465439
-0.0103930057375585
0.00274049800385257
-0.00797729201533848
-0.0039314752963282
0.0213156354132593
0.00830321514060905
-0.00436265696725613
0.0280202076995781
-0.00260793643715829
0.0084978051175888
-0.0292609628911631
0.0065461399701281
-0.00595768487226778
0.00746427991149723
0.00655551074983762
0.0207882478413328
-0.0125906225425503
0.00681454190895714
0.00941721974835907
-0.00730328957287085
-0.00883520231565704
-0.0128849315919801
-0.00777366119907441
0.0141120302338376
0.0029563738700098
-0.00918086197942536
-0.00269833113200413
-0.0350772738081702
0.0254465359125327
0.0118579025907479
0.0162750159924308
-0.023117718048054
-0.00249072029195752
0.00314753318403582
-0.0296623110512577
0.0196349937605476
0.0243383822181862
-0.000558768697018763
0.0209964502397799
-0.00459299910540167
0.00280133647583547
-0.0168502769515726
0.0135220846916901
-0.0155531209212754
-0.00554044946598786
0.00661123613265957
-0.00357924138035415
0.00120133176710269
0.0215044730559377
-0.00150176620013376
0.0074152864206809
-0.00886819075698497
0.0181654176453101
-0.00291741738737805
0.031293513054317
0.0081047587162395
-0.00767981615081581
-0.00663307521766576
-0.00248518691541832
0.00631663691815021
0.00870003908337758
-0.00854033273133936
-0.0105899405172138
0.0143776187461437
0.00753593749890946
0.0212147997677281
-0.0302520212229798
-0.0171421213404148
-0.00664158424931927
0.0209548967820172
-0.0358219651776697
0.00937930657220498
0.0062611121840277
0.0116758182306445
-0.0120051406321338
-0.0118811791953721
-0.00954034122685066
-0.0150882000136985
-0.0120386936556738
-0.0053318761078458
0.0192496878634039
0.0190626701984122
-0.00685892782743203
0.0112211147497518
-0.0122693673395311
-0.0162545085313734
-0.000100391462481753
-0.00637627386908513
0.0100513447437702
-0.00622047843105022
0.00206572375547509
-0.00564507661227331
0.0121500679591477
-0.00864198962528562
-0.00479947633533762
-0.0176008554123239
0.00349097119713448
-0.0137840296273577
-0.00751044661052269
-0.000280824397856705
-0.00986201981008428
0.000923732060416071
0.00455054778274899
0.0196639644750682
0.00318901723722931
-0.0101171352023197
-0.00415464474340688
-0.0195340738809548
-0.00263571329080214
-0.0226774928131075
0.02931423427707
0.0235161963045396
0.0193509695322405
-0.0117485171506164
0.0132934335138266
-0.0093990887359503
-0.00339192378849162
-0.0108585358252906
0.00831628736925438
0.0360941611336898
0.00386883923149917
-0.00790360949696911
-0.0130979753344107
0.00234269501357787
-0.00748176547798707
-0.0164989687352897
0.00117722614324833
-0.00399536795046629
0.0153275520123373
-0.00559569622653555
0.019180143527679
-0.0132714291255365
-0.0134887798948178
0.0144778703084647
0.0270635675534123
0.00497178683873933
-7.54873941222201e-05
-0.0146236296195585
-0.00570314943308858
0.00235260791109759
0.0197007837913503
0.0149267610272297
0.0183544120460102
-0.00807088282108559
0.00252112032503859
-0.00158101548748846
0.0221340445314642
0.0171409915071621
0.00908448556215369
0.0410084456062219
-0.010598543390925
-0.00263742471114981
-0.00627426175345569
0.0164259921142023
0.0093663223977476
-0.0197427356313415
0.00483551067698507
0.0118538418869019
0.00322005100427347
-0.00243079122008183
-0.00246604327430511
0.00223091544319232
-0.00980547580085656
-0.012418766415994
-0.00283866221277229
-0.00682085961662082
0.0288848766602126
-0.000470808449659188
-0.0130068001206087
-0.00847622588351271
0.00695393831946056
-0.0331374982135433
0.00405446558875866
-0.0135312695639254
-0.0137153741442386
0.0105925163139897
-0.000394514483176067
-0.00737165064710688
-0.00911304680471758
0.0166569525537028
-0.0184434671696607
0.00817340717219928
-0.00561587514168416
0.00626968748176537
-0.0202708166795027
0.0194870655115462
0.00675026667539846
-7.93601281152689e-05
-0.00318724061638065
0.00228826799271609
0.00805603293440349
-0.01516430693564
-0.0143375996620083
-0.0120047874838427
0.000339302016341136
-0.0130886156752741
0.0139581640377262
0.0150149773328216
-0.00960916919906829
0.00698879187314283
0.00397991587963631
-0.00142430496293855
0.00824874334970005
-0.00519625335194718
-0.0266174555936836
-0.00131260772431396
0.0193836405623831
0.00335772200736528
0.0119954524452037
0.00973541699193348
-0.0213968236440909
-0.0190165098379449
0.016476060104992
-0.0166720290841589
-0.00254969447495235
-0.0084957610729397
0.000137691419260122
0.0066073934988129
-0.00972138450806881
-0.0164550372083632
-0.00130815136179052
0.00495027723045638
-0.00214613747085224
0.0161634442787619
-0.00749646516999825
0.0188318064753119
-0.0002986870377093
-0.000821934884397635
-0.00654730159373251
-0.00227915072324336
0.0105540638094794
0.0135589227315691
0.00581313251716686
0.00108518618737463
-0.00344254178612502
0.00583253202767153
-0.0125370929075412
-0.0214897043864131
0.0190018937807945
-0.00681521887613989
0.00932403528025993
0.0222239460122733
-0.0104147527280087
0.0272273227887183
0.00118217017895539
-0.0307501778401047
-0.00496412600647744
0.00268467452804444
-0.000681354137059387
0.0344817283429482
-0.00754403897942169
-0.0119535788119993
0.0266775069703336
0.0091028904524233
0.0274971356371445
0.013134284833491
-0.0142356325951898
-0.00113929748719954
0.00179989748829001
-0.000975371730296715
0.00781959175444946
-0.00672565902990563
-0.0178850672410107
0.00806022836660603
-0.025605598534181
-0.018715585469792
-0.00911768347004305
-0.000559737991103759
-0.00739797050190738
0.00300871198884956
0.0324303761583167
0.026297440133412
0.0109226985784758
0.00188832394245964
-0.00188423617437472
-0.00562914645886003
0.00860667040586804
0.00443198807521838
0.00494933767631345
-1.19541773671017e-05
0.0184122885463367
-0.00312240084109128
0.00371770343150857
-0.000434906535240032
0.00388784348911742
0.00108300034698772
0.0239209283929878
0.0078815640594101
-0.0357356526072667
-0.00391895537572573
0.0252341843092676
-0.00572269259765257
-0.00441080704470309
0.0247085878149633
0.014115452134682
-0.00527675456597976
-0.00536646866390988
-0.0159150370229018
-0.0128367490678034
0.012891133985363
0.0015498528392115
-0.0105275421668338
-0.0102534072492944
0.00477720782810565
0.0053293369464793
-0.00321866020942529
-0.0290707411726903
-0.0187730827735066
0.00744866423181101
0.000416329864631138
-0.0155037219081429
-0.0258540160974334
0.00576509056028485
-0.00173191645054693
-0.0191462153366224
-6.12104260788726e-05
0.0103987593594752
-0.00073225813530442
0.00522146453746331
0.000790211905172811
0.000547251714765551
0.00901707656168327
-0.00921350082899863
0.0237448939665583
-0.00871874081069457
0.00340372995978733
0.0074149057927535
-0.00498521648703232
-0.014736352173923
0.00928779902506527
-0.0133742214750754
0.00455543453239216
0.00924124168433949
-0.00655878303627944
-0.018978348415235
0.024278981527992
0.00536097346783571
-0.00597665236098344
0.0102582179791284
0.0304747080070076
0.0357143876078627
0.0120221738913777
0.00136921732286943
0.0117909078790923
0.0046001217317464
-0.0213253683149688
0.013556827646088
0.0225275370805171
0.0118318296372504
-0.0269537793209693
-0.0195630643396925
0.00194926754309854
0.00326760921624647
-0.0139554316980686
0.00593307652089514
0.0223835772549723
-0.0194076693069345
-0.00337309300413224
-0.014041528967395
0.00353016216298485
-0.00874772028716997
-0.00189780306555498
-0.014493500463546
-0.0106955065717234
0.00288478794570857
-0.00912943929906262
0.0036287744775052
-0.00905497445302927
-0.00658226745852275
-0.00141624764071224
-0.0168782699623655
0.0140272538963035
-0.014805415705597
0.0117327204798769
0.0124593915860789
0.0105815806664928
-0.00523023425844649
-0.00426476421866262
-0.00384334872382297
-0.00281356406032884
-0.0158015115692063
0.013185767302593
-0.00940219994802405
-0.000455825592302617
0.0118920908277822
0.00995316694934978
-0.0147527209759488
-0.0106061899138261
0.0071354084290256
-0.00478099586645619
-0.0183169798654426
-0.0173549333831655
-0.00236665300973016
-0.0220360450740831
0.00332567145223805
0.00222709019003631
0.0188746317298687
0.00722124013059933
0.0255974101717413
-0.0132744603578558
0.00976160924232872
-0.00799460162444632
-4.67046088363787e-05
0.0244152697919837
-0.0158169827453563
-0.00689956041467177
0.0010007724041845
-0.00805399046618227
0.0182342998439076
0.00205701025372562
0.0126756991398516
0.00777149719803383
-0.00640580117614142
0.00835207531165949
-0.0102869544465864
0.0016766014743741
0.049398395435917
0.00511228779539685
-0.0023568799405318
-0.00826802730638576
0.0214453155444616
0.0134907680605263
0.0203598147550572
-0.0136788865426372
-0.0140821783224414
-0.0173187804516584
0.0168536113930866
0.00670053523107761
-0.0111144880732379
-0.0196817746737583
-0.0107370907810509
0.0118408237232739
0.0157308428309246
0.0106574660522831
-0.0118639053912037
0.0101278825291953
0.00246937321504603
-0.0207488203898798
-0.0124763636670586
0.0147206327151022
-0.000166212988860437
-0.0220716335525548
-0.0142875030578082
-0.00186511071556694
-0.00318660260052184
-0.00666827098662637
-0.000872635834021196
0.00413702875191468
-0.0171119685514771
0.0083443830682608
-0.0135725595851728
0.00201458860748716
-0.0257796561547039
0.0187640636781019
0.0189759191571071
-0.00927247630495387
-0.00768644854959888
0.00596771037726818
0.0151802111339077
0.0207686909530285
0.00464092646879166
0.00876155389761202
0.0166620583097679
0.022832148251517
-0.0253957474376243
-0.0169842415744714
-0.00912385387860404
0.0100992110149498
-0.00284295208260588
-0.0101161814887476
-0.0161444319759809
-0.00694566479392478
-7.10095479163897e-05
-0.010818040251996
0.00556526030299054
0.0127689489943208
0.0161352521303009
0.00429415474675565
0.0133618027847984
-0.00217854904884618
-0.000118367969635713
-0.000729276671004087
-0.0122516759778879
0.0132084232308394
0.0142436603765539
-0.0226985517196496
-0.022464724979729
0.0148117108748629
0.0241050922624346
0.00314077980929639
0.00529239594444952
-0.00229651564919209
0.0104408468769766
-0.000419245558330061
-0.0161361556384261
0.0198204124238455
-0.0180242557657486
0.0132698294833151
-0.000298465857200725
-0.0166287899913407
0.00107970995276574
0.010131213893267
0.0188636833480285
-0.00209766561316549
-0.0096942348296043
-0.0102817605544434
-0.00642154764891956
0.0160455156505073
-0.0197827724626087
0.00791951109872713
-0.0263550641816988
-0.00634150629185726
-0.0091166768695512
-0.0246882809279274
0.00557430142481685
-0.0229181152960809
0.00385961605513963
-0.00486417241865134
0.0079328036862254
0.0177771227527987
0.00114487643705274
0.0092229623477067
-0.00578850866302005
0.00583095275612244
-0.00280751491736986
-0.0187520180056939
-0.0338157273461235
-0.00896919196128643
0.0149748998388493
-0.00711842446661493
0.0220635751853173
0.0169949508549827
-0.0428247753797653
-0.0100486873033638
-0.000498660020864961
-0.00440375722480368
-0.00751455908703669
0.000516979533495387
0.00769971509207146
-0.0174447526124908
0.00576108204671932
0.00275129948282427
0.0238092202549094
-0.0156069148854847
-0.0159483533292786
-0.00625945193672273
-0.0185398196750359
0.00558084089971267
-0.00127155406666546
-0.00656681208844034
0.0103527067186331
0.0147534820251103
0.00286167380189362
0.00708119483907588
-0.00814339414690046
0.00801276588867772
0.00398866168732148
-0.0113180047036394
-0.000803877320084467
0.0111142455464233
0.00347105015427296
0.0218532424954354
-0.00513888905343762
-0.0174920849778086
-0.0221212084427123
-0.00255095615620959
0.00485352538987982
-0.00817311351698002
-0.000741230380031155
0.0155245653646574
-0.0257157447628966
-0.00842260077496526
0.0178907280762193
0.0037340424714607
-0.0256217842736248
-0.0157006292677764
0.0157247089770554
0.0080351708744999
-0.00399527947026179
-0.00975935939694317
0.0149427868046583
-0.00781761662381975
-0.0105226838113452
-0.0447497624715165
0.0160028408325399
-0.00679100138622779
-0.0209216177646994
-0.00676678303143241
-0.00584791422595821
-0.00902260436475011
0.0260784770028106
-0.000752205722804433
-0.0075833766942619
0.00303985584523048
-0.023562932643646
-0.00560059221633047
0.0068453278143874
-0.0205820073314698
0.00840104499072147
-0.00183503416165642
-0.0111364531578442
-0.00948497939329229
-0.0273222621538682
0.0103461317667968
-0.00833546214724556
-0.0130712426865109
0.00237909525715096
-0.0147486777235493
0.00729012385402328
0.00381720117114348
-0.010621062835618
0.000606238053785901
0.000607954055102056
-0.0272942894553143
0.0183467415566021
0.0102169665637835
-0.0100987443706089
0.00661937592518136
0.021886098727494
-0.00162755467491493
0.0106058825209328
-0.00674439249104175
-0.0267333463442654
-0.00103730398231328
-0.00782869561958499
-0.0196134278044724
0.00306436890571682
-0.00151561102157771
0.00393700230926264
-0.00188658844418654
-0.00267183599887133
0.0148003465810707
-0.0279943816479253
0.00306226389550446
-0.0130919601994268
0.0132636926528864
-0.000409572367289002
-0.00176150483359905
-0.0436190813511512
-0.0046670185537927
-0.0111826502610128
0.00451301291809791
-0.0160099231821036
0.0108351980779506
0.0140708706488581
-0.00736541034845217
-0.0248275749112707
0.0153130525173815
0.0144355889930097
-0.0122715427697386
0.0034355240226418
0.0195730609566311
0.0226867360634344
-0.00772132115275426
0.0277401961865387
-0.0204783292721231
-0.0310523744078335
-0.0138688699767311
0.00183938144016693
0.035348957722622
-0.0143915785731163
-0.00721113164984288
0.00754183858909663
0.00843160947822774
0.00456973277059625
0.0248160697216644
0.0110917183860231
-0.0174748420529127
-0.0182828730337974
-0.00284693098151934
0.00429593693278107
-0.00781266905534039
-0.00478345052454898
0.0232605203470495
0.0155723441552009
-0.00301772108603515
-0.00247095850150281
0.0164467345138206
0.00708821011138205
-0.0100262913944729
-0.0182120183969126
0.0196860950719149
0.0104394233054599
0.00834135056694585
-0.0336732285080803
-0.000816637463605829
-0.00231993157969157
0.0156482285724611
-0.00888751648506947
0.00838331665303649
-0.0377120858917159
-0.00587935020137031
0.0043870880121748
0.0281550211583781
0.00983052066337287
0.0142561894394451
0.0356119875205021
-0.0175723851404879
-0.000337997195050121
0.0067041009308042
0.0286839350574901
-0.0443745953223615
0.00388535218095321
-0.00934287200285056
-0.00559726719335707
-0.0118088871722506
-0.0219559545007257
-0.00899674243931869
-0.0132668787161947
-0.0335392539312966
0.00213669515859571
0.00646784687083013
-0.0112302955923589
0.00224746764106953
0.00734957251584234
0.0125367539210579
-0.0144160424686355
0.0134388216615093
-0.0121442876705622
-0.00804450575791549
-0.034095031380394
0.0122449298525833
-0.00388990370051623
0.00801701445130654
-0.00995596339737581
0.0270886917929367
-0.0084868025247129
0.0145869064710418
-0.0390332353219733
-0.00139487589754239
0.000614101809212286
0.0145615384071114
0.00222903924882978
-0.0143225021140818
-0.0278958733473331
-0.028551786147208
-0.00912127166263055
-0.0121418727327143
0.0199417463283122
0.0195643755443715
0.0179468334337081
0.00891104210860938
0.00011741144067301
-0.0226318433019443
-0.0174599195647485
-0.0204720836221686
0.00316442369219416
-0.00211033666012916
0.0206014090698918
-0.000951131825543072
0.0175819522978724
-0.0113102300608325
0.00551070372254259
0.00372139967301166
-0.010551921796262
-0.000381703476065809
0.019030679903933
0.0115077974757902
-0.00249178448196652
-0.00740750577314309
0.00258023509787897
-0.00654175783426503
-0.0410040504942373
0.0227570043896055
-0.00391885689788651
0.00562340220463398
-0.0166329589181142
-0.000489758673387186
-0.00363142266443006
0.00227917456829907
-0.0126556853109125
-0.00297952863171069
-0.00773115755239751
0.01368771382751
-0.0223137377290286
-0.0161836389711691
0.0244331775827309
0.00415854628117884
-0.0176966739535462
-0.0264515846671181
-0.000954231188845966
-0.003135449363878
-0.00714624034570832
-0.0245614391931959
-0.0145627462106983
0.00235983983329291
0.0137126862899866
0.0059793884806183
0.0017685057737804
0.00824248291311136
-0.00677112720756234
-0.0204759458185944
0.00861962903062974
-0.00322276581165148
-0.0110655467629055
-0.00993295264938432
-0.0151882190756023
-0.00115952268817665
-0.00725774397399803
0.00291882964310375
0.00420431383554742
-0.0050142618917679
0.0211931048943637
-0.0221808937300221
-0.00632788481701496
-0.00223912161545137
-0.0110293542205024
0.0209327642957202
0.0136590455585619
0.00414438690024532
-0.00579552184161081
-0.0148102381480104
0.00314927666054565
0.0191528865799775
-0.00261136529950079
-0.00730298105302474
