0.0171262174756586
0.0196343384086703
0.00576770370258695
0.0179174330108482
0.00286737255985603
-0.00291181415312902
-0.00438275838180102
0.0118140244253016
-0.0628896308739382
-0.00750764044523811
0.0136127338332948
-0.0055469101835357
-0.0469813290589043
-0.0150883533418642
-0.0193411337299223
-0.0195099204569642
0.00145216445251939
-0.0691693744383584
-0.0182045668298243
-0.0159958051347822
0.00377459961074522
-0.00039517165437708
0.00232957211454954
-0.0524820022879804
-0.0451641300603467
0.00992122167580067
0.013085293575807
0.0148041952078384
-0.017217885167939
-0.0355035314031955
0.0308644953257098
-0.0214984319255147
-0.0158142919466311
0.00175356134481497
-0.0421584846482723
0.000114275561860389
0.0101909845004609
0.00987617340041913
0.0273717408283678
0.0224158710557956
-0.00728567489721765
-0.0195742212800476
0.00939578011328113
0.000701778957719945
0.00674453512646256
0.0112875122436393
0.00326410164373536
0.0350281480035965
-0.0143394979399547
0.00338507082686745
0.017130045586454
0.00589713310885398
-0.00863186997196452
0.00229823261680995
-0.0416371312466699
0.00815748974540087
-0.0620522891868824
-0.0152989981473053
-0.00235484505670058
-0.0113782876724797
0.0179512187555777
-0.00350998950348025
-0.00210512083577585
0.00536485854276836
0.00693617298860638
0.0310730133517931
0.00401045333353922
-0.0412719027981046
-0.0138315954540102
-0.00207636379415854
0.00665605035883132
0.00326711838380245
-0.031550306054497
-0.0191777843861807
0.00268357930097052
-0.029837506046384
0.0140302625349857
0.00942335112726411
0.015606989110972
0.0178309239441394
0.00541300412262169
0.0233580119568697
-0.02068434676942
0.0037595871391316
-0.0105801698096677
-0.00136584278729401
-0.0628838442685753
0.0308361221545386
-0.00204018753509816
0.0145509925253346
0.0115230362097551
-0.0228153655213581
0.0137970645256322
0.00347455943852193
-0.0207149065764285
-0.0777316111884334
0.0131337629934172
0.0142678318812448
-0.0107626341201148
0.00621277951800958
0.0171873434284207
-0.0245851974299085
0.00298381146529869
0.0194576668031381
-0.00664551587101858
0.00899775038936523
-0.00378025797979031
-0.0170509052392376
-0.00214094149411981
-0.00407913554010575
-0.0118268341689682
0.0236891713829568
-0.00965663946237072
0.0173398899462232
0.00877742999017816
0.00830301367352115
-0.00331690709338428
-0.0190576911390536
0.00308399491606304
-0.0178571848798961
-0.00163817241586495
0.0270000416113199
0.00587839758144115
0.00488854387821824
0.0169749799322947
0.0127386363134523
-0.0134636463769395
-0.0170509084811228
0.00596485249283085
-0.0290220507368275
-0.0145066886512011
0.0166862964092869
0.0180451860694735
-0.00949455493650264
-0.0123264234446072
0.0174686038483625
0.00904107826419276
0.0158931384231811
-0.0397676485339149
-0.00200605169334578
0.0337513103212177
0.0173646355486698
0.00889309797243998
0.00511958897293097
-0.0180605151471824
0.00776566309323234
-0.0614386018317963
0.00404247000330171
0.000764523926494398
-0.0123853269492182
-0.0388693306314112
-0.0537238741822623
0.00064683448887104
-0.012616574901076
0.0127209763023894
0.00605438000066361
0.0244239841920768
0.0141957125961381
-0.00879208741261439
0.0236257047364496
0.00276422630595641
0.0095489091165597
-0.0224965158475081
-0.0129379937373155
-0.0174926778552722
-0.0103977219449785
0.00973714712552498
-0.0363754536116767
3.51036416228467e-05
-0.0317751856436184
0.00243090542697044
0.00103709154568188
0.00331253709961699
-0.0335378625815781
0.00823118129007261
0.00798440538835377
0.0150579324813571
0.00367495939084472
0.00836243773359913
-0.00381044490031757
-0.00255459121547852
0.000402609014701572
0.0151875886683226
0.00635547887922083
0.0181213448014181
-0.0214998578883137
0.00816212899908897
0.000826160925259334
0.0113106052123557
0.00808958673558657
0.0025049610821255
0.0290200170939039
0.00457488325618827
0.00597863861961301
-0.0339422247383645
0.0165180703321677
0.00689405668094167
-0.0182338251791643
-0.00903211055251463
-0.00594552811833271
0.00290135398929681
0.0252128409934973
0.0160624306855148
-0.00473048968371215
-0.00234212303488368
0.00556348030223308
-0.0155541407104609
-8.27789688027103e-05
0.0131924818015725
0.0120980026571618
-0.00579320198128386
0.00964753626038251
-0.0414487336181693
-0.00264832531631232
0.00595705171393446
0.0173808166474028
-0.0203877796910801
-0.000480056698978437
0.0121525070052297
-0.00563311163190661
0.00222828122804763
0.0105508528092328
-0.00561748579433474
0.0147432753702192
0.00576802148026712
0.00253822816817895
0.00116592797887027
0.00587048033176818
-0.00263098078626189
0.0337980002047726
-0.0076295054784663
0.0166680097587175
0.0192359388576402
-0.00563405698652986
-0.0110832155976444
-0.00501389869748592
-0.014668923914428
0.0184470429615025
0.00443374441200106
0.0446884471890461
0.0240946656106045
-0.010412537274731
-0.0069389070575232
-0.0877152080253141
-0.00221563688274218
-0.0061033454160202
-0.00207809895561639
0.011705144250761
-0.042558268875021
-0.0300691631963383
0.00223802409262142
0.0194566899918478
-0.00741055767407373
-0.00283919634431551
0.0319715553747295
-0.0100921565153227
-0.0143346588939965
0.018088469528585
-4.15380753924222e-05
0.00405386707001365
-0.0139529563404723
-0.00410541757353622
-0.00692012860627367
-0.00638827063419423
0.019227552096114
0.0148703153669825
0.0114993711259577
0.00978025862619614
0.00389610478358215
-0.0615659861534046
0.011375450715692
0.0210316123874525
0.00778547746289138
-0.00945508583346655
-0.000266785562285099
0.0022808383039612
0.0109969182136966
0.00508053466417047
0.017161404708256
3.5714176531032e-05
0.0127758441712875
-0.0240906741334146
-0.0179563708819135
0.0164205199843965
-0.0533884141102967
0.00924235979588861
0.00767370577509396
-0.000905385407256709
0.016867269336442
0.00732596819860243
-0.0437181778205868
0.0146654892847975
-0.0345444626843832
-0.00651478297726693
0.0188548975070693
0.0187061786516458
0.00436467763570447
0.0289111777845481
0.00807697665911378
0.0246557417281612
-0.00205759839935116
0.00966649100365924
-0.012649827631867
-0.0310794442180455
0.00823429933523778
0.0264131631322806
0.00608364182683774
0.0219238702173843
-0.0212181567965095
0.0240026507382218
-0.00658883615436645
-0.00125940563039251
0.00727683773212506
0.00654651628246006
0.00896174076489964
0.0163326340326349
-0.0289565955071391
0.0319262923624688
0.0159225925644642
-0.000490900025729601
0.00324729891426223
-0.0216268780520577
0.0268198980653025
-0.0103531408868669
-0.0313738352902275
-0.00638868451784358
-0.0085812056316974
0.00780444035605221
0.0103843786222104
0.00529892855873682
0.000837842954989121
0.016320214698482
-0.00175510345209062
0.00190300225536832
0.00639631783453787
-0.00338481709079375
0.0115203409704452
-0.000858251203478044
0.00759484560546575
0.00542504084002515
-0.00318601393143125
-0.012678936801187
-0.024481208341194
-0.00202887665781115
0.00229129914364679
0.0185530055298109
-0.00887931066081737
0.0177404151273786
0.00941393606559648
-0.00973628045652264
-0.0277799510931662
-0.0115452902786572
0.00719878646498495
-0.04102210567439
-0.0138266754861192
0.0277796221604261
0.0091516037727275
0.0128758411621006
-0.00223884835565125
0.00945016884020711
0.00572261734619195
0.0205700161017224
-0.000535237309968739
-0.0321363769173
0.00556078230346158
-0.0662493138649585
-0.04974795728801
0.0211429289983589
-0.00905456551770789
-0.018153300084871
0.0148874912306383
-0.00814046529681134
-0.0322673495120631
-0.00853989933937105
-0.00284212421505425
-0.0114383681128323
-0.0301098459906293
-0.0430422182466765
0.0234347059196236
0.00705827512765023
-0.00399132840188132
0.00638495721702803
-0.00174874623179466
0.00905777210299408
0.00100935919840994
-0.0112333160909979
0.0083700192110161
-0.00352430749612642
0.0158265916569715
0.00921377856883776
0.0170250941175447
0.00561858657769498
-0.0234814322469301
-0.0177186698814902
-0.0061483123394126
0.00777941621144351
0.037431431436449
-0.0238033368131298
-0.00391565087337709
-0.0328855802043204
-0.00990079406735545
-0.00343490938630753
-0.00850671036078365
0.0111846254961965
0.0137149395252507
0.0165833078019237
0.00163538599767721
0.00880073280701055
0.0249971507591971
0.0385262337683718
-0.092553942934281
-0.0101300259639374
-0.0275910028029906
-0.00969135832958745
-0.0148072454997328
0.0204490444895118
0.00683853499827825
0.0117376503477404
0.0175099483569348
-0.0351228316492347
-0.0191811531210258
-0.0207157916334881
-0.0013003232633233
-0.015723595655861
0.0129424463169592
0.0020724022917995
-0.00752588872087734
-0.0446032621651806
0.0106484798813127
0.00311289043483765
0.0246890789164884
0.020774407179025
-0.0026517319452497
-0.00154555523268196
-0.00210462579956427
0.0138605406862906
0.0128652481608427
0.00679510591960852
0.0120146792177342
0.00395528189703676
-0.00290304831547372
-0.0369271466542167
0.0377604415286932
-0.0303420393421276
-0.00566120697418349
0.00177897942017813
-0.0215413268961724
0.00383757188789446
0.0193217598695283
0.0318681642821963
-0.0185808171710571
-0.0116386185213537
0.00929643250994827
-0.00525879232859916
-0.0372125823249778
0.0133289030019281
-0.00470072561912316
-0.0187714086183057
-0.00417011017538327
0.00295605929002463
0.0248568035417649
0.00405158535491346
-0.00386319835830795
0.00823635570992698
-0.01607938918887
0.00426622240412433
0.00917818067120502
0.0111610209475432
-0.00770168739191401
0.0150065320328712
0.0108395723859753
0.0161929280953856
0.0242448319959085
0.00448621014105477
0.0260032231398806
-0.0176924357377148
-0.00991579799259856
-0.00609418239323523
-0.0219533184664891
0.00643184683814679
0.00774158302122752
-0.0251404423705632
-0.040048294671152
-0.016864759011495
0.00608625471053781
0.00413066345656254
0.0285580414567534
0.00963870502402475
0.0217021922932166
0.00418813707247634
0.0101604226610212
-0.0237088923928046
0.0229378592799936
0.0158274924582475
-0.0180131810375741
0.00953039767832276
-0.0101017165327679
-0.00815614660587638
-0.0136045346466229
0.0171798523614526
0.00605631106241966
-3.23101799406533e-05
-0.0152808649433691
0.0042705935330889
0.0333181891622163
0.0548934942562083
-0.00786723018225066
0.00392104664241444
-0.0135440501728852
-0.0121788017876796
0.00835837351866342
-0.0366347021576687
-0.0778844238562417
-0.0265236264741586
0.00156611083450997
0.00450110757694144
-0.0431869592119059
0.00444596970961708
0.00221028285048508
0.0127509863520361
-0.00379787996515768
-0.0542020135403942
0.0232683902859101
-0.00490041575252875
-0.000235591522414147
0.0127868739983994
0.017610990228494
0.0104431808877208
-0.0182571463865191
-0.00958101080001406
-0.0020912564924056
0.0126728575550663
-0.00552355074714272
-0.0217812654324689
-0.041540170154408
0.0195039524580163
0.015572140885399
0.0286241312974373
-0.0481104771715155
0.0282952016216069
0.0245602322858454
0.002102124275007
0.000460986225246041
-0.00340215608947547
-0.00356177417568126
-0.0150283108264757
0.0166722927274936
0.0222888884102841
0.00947626083329833
-0.0101867157658333
-0.0270824933126153
0.018705328227083
0.0015135174218428
0.0142647472582706
0.00274962654248512
0.000164849276726553
0.0240496069719449
0.00168289642549446
0.00452549924859724
0.00624735643536023
-0.0207873022788285
-0.0297198553729316
-0.0130021455457268
0.00109361018053633
-0.0101881760661167
-0.00181303776206576
0.00441512819292678
-0.00247992999576363
-0.00265468919363387
0.0138557306411438
0.00451215460506438
-0.0639901569483285
-0.0145094862157005
-0.0320555829743587
0.0261856530960793
-0.000289215473598503
0.00650239303751565
0.0124864739287842
-0.0132516693813614
-0.00578513590569374
-0.00421872593485384
-0.0435420672766758
-0.00150620515210154
-0.00340743953280853
0.068133969518297
0.015276018749135
0.00808106122365659
-0.000142510288926756
0.032921634913281
0.0442853269603314
-0.0207393386070382
-0.0237852739142739
-0.00372018344459324
-0.034944145148248
0.0128876538174492
0.00140851977133649
0.0183591821017735
0.00766139539108535
-0.0108100931879005
0.00130023408329549
-0.00231200866762427
0.00958492143298084
-0.00477846778990454
-0.0118119408439832
0.00628403514674014
-0.0140257744023009
0.0107244597556213
0.0243113875950716
0.00669841528454329
0.013202309400399
-0.0350512953180155
0.00275580707549183
0.000965482239836168
0.0114406551479076
-0.0234915030679073
-0.00177100318192069
-0.00833781898214703
0.00130801980248973
0.0116124418835397
-0.00138910011668947
-0.0133228248247979
-0.00265787350442892
0.0159126412375836
9.57413591216039e-05
0.0144566871615861
0.0105988819286105
-0.00141825325370659
0.00692930177936568
-0.0340241924350804
-0.0238077747514858
-0.0191810618691242
0.0100921197523494
0.0093851382317991
0.00588100882982312
0.0116627553916386
0.0054955029087278
0.012496677448639
0.00125313321836051
-0.0111752814402766
0.0364937700708858
0.0292941420098871
-0.00556833877222118
0.0200102885117475
-0.0110505819378213
0.00945806087887546
-0.0223962464138778
0.0198844369517577
-0.0395519803371682
-0.0062351118463293
0.0393928702670969
0.00321399790598709
0.00134863014080122
-0.029166986152023
0.0013283468088503
-0.00149077283261612
-0.0457025920137979
0.000761859881261318
0.0187490585603134
0.00538469213304227
-0.0493396765559257
0.0108731569967366
-0.000842058007399338
0.0132150506225321
0.00844369330177286
-0.0127451609080724
0.0242681992929208
-0.0419878646402356
0.020670002799055
0.0150156584964756
-0.0499499120325724
0.00779674338193237
-0.0169187911539728
-0.0269743278904457
0.0224289749341995
-0.00278621933891143
0.0183108077207119
0.021375547999456
-0.0225329294566246
0.0204378066408712
0.0253817842944306
-0.00225998198018362
0.0256139444414991
0.00669070622912749
-0.020770576127656
0.00303656475512692
0.0235881864734677
0.00186167384412039
0.00741788603611782
0.0158249492663305
-0.00761142155517747
0.0141202998830257
0.022231240264043
-0.0176246778109559
0.000813475345488701
0.0126284424036018
-0.0112147278035057
-0.0374863048214209
0.0195763381023126
0.0177817345678102
-0.00140384925685888
0.0187490525471437
0.0200942521459186
0.0106617628855155
0.0366241656747817
0.0146980590409833
0.0347573496181948
0.0012151743069424
0.000182812861913906
-0.00466902183662654
-0.0393829035608335
-0.0168592442303428
-0.012593251311575
0.0146645865042441
-0.0102453834755738
0.0035348508239923
-0.013737754252271
-0.0243646056535567
0.0056261632234218
0.028626166816367
-0.00296819119078395
0.00415876108724045
0.0107095347508106
0.00170191414744569
-0.0445204469690639
-0.0254465993151618
0.0175349310576129
0.00115510353866122
-0.00070053891863564
-0.0302891011316779
0.0079366468848554
0.0100110341742043
0.00270727033594476
-0.0397154774843558
0.00827263523251842
0.0135692146246491
-0.0379133855785996
-0.00242521217070601
0.0286080432015177
-0.00276055891422367
-0.038456772951341
0.0180778653370313
-0.0386009092643989
0.0107722183421806
0.011923347289476
0.00397757057468762
-0.0439746069300486
0.029537007462102
0.00602479206173578
8.89542759376916e-05
0.0194940499069682
-0.00316000689874008
-0.0129178619498436
-0.0018965184633426
0.017213067569634
0.0150221679876736
-0.00596321476465489
-0.0122738508642863
0.00976625570071787
-0.00694639462260738
-0.0288867562879269
-0.0164285944002875
0.00106613312134063
-0.0218600472468866
0.0219045410263639
-0.00353036202524448
0.00504856686125699
0.00818301961631773
0.00526126793967885
-0.0248306789997645
0.0233003458949008
0.00822748892295788
-0.0382395858466213
0.00192349975421169
-0.00512752682610351
-0.0326812022821283
-2.24807092954471e-05
0.0163398559068864
-0.0192043483945112
0.00634497733812678
0.0119242422355854
0.020936690378035
-0.00895409764199018
0.00927211236870473
0.00450002571026609
-0.00699376848492794
-0.0114125866583306
-0.0183262017652337
0.0075971166011799
0.00827986838993966
0.0064731759703931
0.0120522026811591
-0.00204094085054152
-0.0171920692957404
0.00808774702453974
-0.0329790476815464
-0.0179582079782572
-0.000834032087505987
-0.00609904459141397
0.0071318792519075
-0.00299746720416194
0.0222067932546537
0.0190701290038993
0.0169730046836531
0.00742106791293318
0.00452222188711926
-0.0351762933556188
-0.00282581824305073
0.0248241226113122
-0.0180345429335667
-0.00801153091074758
0.0101080674798255
0.00682789865364253
0.0163154800835961
-0.0089121653945754
-0.0221532057824061
-0.0010720285225001
0.00702508565348836
-0.00519678163169934
0.0108130421049821
0.00570756113984894
-0.0186899497503221
-0.00759696742365934
0.0348359760699117
0.0129874009479172
-0.0136353213343656
0.00922815897105345
-0.00972498172540393
0.0328743315824087
-0.08580228572814
0.00753090223221742
-0.02025974492904
0.015417251321574
-0.00894581849341014
-0.0102337830938022
0.0116706718184219
-0.0122398832399475
0.00451933279736272
0.0171561086364309
0.0126915602024837
-0.00730781805787784
0.0113531798484543
0.0108841779449531
-0.000269746964415285
0.00864597194977623
0.0213516318244635
-0.0133298827070187
0.0149313408203335
-0.0114183702294421
-0.00867517253943761
0.00773985513491615
-0.0124596900369918
0.0110880748125204
-0.0165026545006013
0.0239039983894367
0.0047457728597049
-0.00223123562977312
0.00867869340755512
-0.0127626482305039
-0.0365525247423242
0.0193102453112504
0.00590068057546511
-0.0178951794537676
-0.0051868369993211
0.00421466323802644
-0.00256834913812365
0.00673466172280346
0.00271958859853316
0.00290634041872062
0.00475316286097005
0.00421873390244643
-0.0218486416567409
0.00676433166149226
0.0158085278543192
0.0123352236914214
0.00168319499790126
-0.00884271831950256
0.00680877996391094
-0.0146447509345018
-0.00504397434413706
0.0112220756322099
-0.0154761446492522
0.017310974793785
0.00957499448614119
-0.00203013252085782
-0.00272926678201291
-0.00678549885114021
-0.00798226075052977
0.00170527431382528
0.000471403348496935
0.0137903248121538
0.000512074273071761
0.0154716782743343
-0.011110565390442
0.0140258413132774
-0.000613683906103946
-0.00575680412420665
-0.0198055141831528
0.0353100665320167
-0.0628521073684467
-0.000509651651856569
0.0138370742087046
-0.0037730051733631
-0.00619948457650676
-0.0022550082218773
-0.0103804251013724
-0.0104436059902056
0.000571240917381477
0.0124449394609087
0.012044288712741
-0.0239517527071422
0.00688892309342704
-0.0154404341617105
-0.00890529782960225
0.00616539811726158
-0.0570824441417779
0.0152034476476572
-0.0002968323935304
-0.0503608403289337
0.0147689290824524
0.00367126212116942
-0.02316580471958
-0.0176880908405268
0.0100699005185629
0.0125426991120818
-0.0353674325174742
0.00895191062655698
0.0127991209211014
0.0014389906123764
0.00759857696465627
-0.00535068623140811
-0.0296182065428674
0.00811419249083256
-0.0236913084457471
0.00195507450761445
0.00300816940481763
-0.0156938711463881
0.0157842770932253
-0.00840549402058421
-0.0130151517188808
-0.0194868622966773
0.00628241039363298
0.0057774625164253
0.0011592401041729
-0.00334354397808934
-0.0312776027471502
-0.00490082336763509
-0.00567887500527142
-0.0165402848219207
0.00185101218974681
0.00976127046439856
-0.0190241521214485
-0.00677271874277974
-0.0269814191885454
0.00606916612345643
0.00984062112172968
0.00991357166164009
0.0171489366807294
0.00109769436213281
-0.002504683505552
0.00074415024114205
-0.00665238359767728
0.0145096413195058
-0.0156446332705542
0.0102203061609711
0.00668979189246643
0.0127676311880953
-0.00333774803169362
-0.0153491281325118
-0.10239141544101
0.0210491999387736
0.0182542519621416
0.012786065811291
-0.00344972246464792
0.0142102250396539
-0.0645505661465693
0.023603070404143
0.00947882431462288
-0.00410504789255883
0.0122974384620491
0.00447704328802212
0.0052985998489592
0.0217569860965503
0.00877703709815902
-0.00922877155509605
0.0103612169941365
-0.0138659928072322
0.00699483180699811
-0.00486183803866047
-0.0222737521946912
0.0039003240154476
-0.00329586397108406
0.00949818198186847
-0.0100473222417312
0.0153433326760535
0.0133328663951282
-0.0121910285264253
-0.0152023479981764
-0.00848552866456664
0.0178154642290025
0.0236133110996795
0.0167243570632876
-0.0360350960923985
-0.0331327205525893
-0.0316173853091237
0.0172688444183065
-0.0291348396545961
-0.0145257644329724
-0.00587853563758078
0.0268708262517756
-0.00251056841232655
0.000500002784271203
-0.0130248596158766
-0.00999491248368001
0.00261688944925709
-0.00347832081686983
0.0117083927707264
0.0136935704361698
-0.0162185625288092
0.0107505040935045
-0.0284441656413228
-0.0102741035866103
-0.022893919357839
-0.00596411975113442
-0.0126689649638951
0.00171064319861336
0.00691786061472732
-0.00413646370531673
-0.0394549644745608
0.00226126449006991
-0.0056278019252094
-0.00315426489220538
-0.0344981892464227
-0.0556213374811934
-0.0432835347234783
0.00324216924821963
0.0145695714185177
0.0086309905714228
-0.00534408295642974
0.00869605246023752
-0.0046927204395022
0.00537849834615889
0.0063493623714308
0.00199440398693285
0.0283256445667852
0.012204057410687
-0.00988974473716775
-0.00611643956120034
-0.00305892388578366
0.00667042614384572
-0.044313794484375
-0.00247534164946472
0.0250551419821168
-0.0356867613435852
0.00337973073346864
0.0158348549424554
0.00754471656472178
0.00506267205160649
0.00696128803303164
-0.0129616694033765
-0.00838319411499278
3.49015992275881e-05
-0.0129549702426848
-0.00352794171243653
0.0171648117478183
0.00217621098098153
-0.0273090950216779
-0.047109393267101
0.00718510385740512
-0.00356000867284911
0.00923685491092074
0.00390839089080863
-0.0623074013515486
0.00721359374192732
-0.03562040184245
-0.0523861006620878
0.0052452292489078
0.00309557120630322
-0.0409417835872805
0.0133887405785216
0.013508716681494
-0.00691795810697249
0.00162562765277485
0.00341695730152991
-0.0137622591909787
0.0143669800236093
-0.0194594513108246
0.0317246575104917
-0.0446546961668559
0.00337234960488186
-0.00290130975965264
-0.0129474043591851
0.0115913209416907
-0.0281486604894461
-0.00326456678949016
-0.0048347171610188
0.00742010103086033
0.00328811561153186
-0.0191807820396201
0.0353261480714084
0.00507973526916117
-0.0168465379154985
0.000781296543165499
0.0127413667400624
0.0173855537183698
0.0087872134863507
0.0143813408045368
-0.00630082929353604
-0.000282086277928251
-0.00850177763820481
-0.0217234287315362
0.00299399181204896
0.00550437194065401
0.0108123456326894
0.00357801203504904
0.00286418523342524
-0.018899846326345
-0.0132198693416092
-0.0199552756005454
0.0106154297136865
0.0132047612074142
0.0121983952190812
0.00204122422080122
-0.00635788586641928
0.0258577799703361
0.0278413319818362
-0.00225556597200693
0.0109779385519531
0.00574527450825535
0.0167186942673399
-0.00364052033242523
0.0121063801648855
0.0180216495298473
-0.0457168634176743
-0.0555135087243719
0.0134959412269451
-0.0179243408290781
-0.00952314067515836
-0.00538718274296945
0.0106268855625751
0.0096339852710472
0.024764214462758
-0.0416196008780072
0.00490200175942812
-0.0193569505217752
-0.051312793604704
-0.00394610496792369
0.000142338793268415
-0.0397004655400257
0.0237346327776373
-0.00320237159561687
0.0050983742767563
-0.0026077782424867
0.0186548872120831
0.0215764283555844
0.0112193661989777
0.00262989151118154
0.0026088999490268
-0.0103746754307419
0.0481031974974107
-0.00675954199911466
-0.010972802221203
0.0159439246515938
-0.00903349011836396
0.0154845345348429
-0.00663941317400996
0.00394735912976141
0.00762652350008697
-0.0298499949344482
-0.00775624812311904
-0.00691991303163975
0.00589481926524682
0.00210286576444418
-0.015705562454694
-0.0122056294818438
0.0323474922407043
0.00777586552201393
-0.0274405700573872
0.00189681321629731
0.0217989755617296
0.0193015197812771
-0.00247507110235756
-0.0402424904013463
0.0322663883960197
-0.00103397960028873
0.0134969800711411
-0.0507598447110347
0.0335345140301313
-0.00727580408322748
0.0207953008042043
0.00753829052667609
0.00843029990290978
0.00282604909199269
0.0194505835656171
-0.00667388682961967
0.0179047010881863
-0.021491757783175
0.0183818006892649
-0.0131608674475134
0.0117166159764923
-0.00858587706051051
-0.00520318418143173
-0.001144718501499
-0.00131169288483091
-0.0424693900000666
0.016920979436845
-0.00777727635954228
0.02980336684276
-0.0416510208628988
0.00300943750879412
-0.0155522778250421
0.00394409472644552
0.0204847744935046
-0.0291830900626233
0.0120921300163059
-0.0104289589891531
-0.0264927412549705
0.0111188402178337
-0.0552714063022646
-0.00380015414468238
0.026451323589705
0.0140860950272732
-0.0177181600445091
0.00798318030298106
-0.0429782980366964
-0.00447018777161068
0.00717251258278506
0.0126929013319739
0.00451601563858617
-0.00410354150575065
-0.0473025880366706
0.0154494894055877
0.026341526614972
-0.0232517773041616
0.0201571315587357
-0.0319571007687323
0.00867034163802005
0.0246404484969034
-0.00796378238842754
-0.0164427926889921
0.00297850700634772
0.0171617140189364
0.00968296024908266
0.0149561283179409
-0.0072428381463987
-0.0328207932311084
-0.00152567098330936
0.0404143511490775
-0.0301804010679625
0.00216703856457756
-0.00114854103858453
0.0061175559385549
0.0214696462461639
-0.039807457738567
0.0440618691440187
0.00187085572857648
0.00538374697273691
-0.0107747750308778
0.00999220449369576
0.00746369801843061
0.00333873409295471
-0.00264740764196869
0.000253263827128869
-0.00887324212392748
-0.0151746100467962
0.0067628249178302
0.0126137974956084
0.00337701383922417
-0.0157808267023385
-0.0082553416459803
0.0279444486390419
0.00317668716486597
0.00460538561771195
-0.0587593626579752
0.0223581908548487
-0.000625405564816717
0.00780456960831888
0.0163072407859646
0.00117774380961899
0.0329822071722288
-0.00770814709778911
0.0157739842071887
-0.0229394896691542
-0.00416616156929583
0.0189431830107289
0.00591630649361319
0.00242881861261557
-0.0425890130059337
-0.00591616969290243
0.0291544708445102
-0.0243527440064581
0.0447178185492514
-0.00818256084621805
0.0107494269906292
-0.00580459680878787
0.0194792775727732
0.0157165862749444
0.00441985796487065
0.013603985655088
0.000553884535098081
0.0150912105932892
0.0197307226243586
0.00870098896417248
-0.00636792921658125
-0.005027577843987
-0.0114933274109825
0.00971920801180337
-0.00132578248339943
0.00458715035614232
0.0028003463734807
0.00406793583286014
-0.00397966761132174
0.00377820287669639
-0.0226932350846361
-0.0423126832041483
0.0180084077474589
-0.0401068520053813
0.0369363689660234
-0.036618634631713
0.00689872967801275
-0.0111961568175638
-0.0118571741139903
0.0319749427206997
-0.00210308247686619
-7.38989743571672e-05
-0.00581777942875639
-0.00417295947708718
0.014587011734438
0.00268368598326729
-0.000229722977482361
0.0328882511431456
0.0123014984673417
-0.000773583515403908
0.000504207807531021
0.00869992327072167
0.0091117911640719
0.0301050308450423
-0.00460781273116684
-0.081731081614558
0.00488594610282567
0.0103112190091326
-0.00112303884318798
0.00403633416455684
0.0201241966896415
0.00543679371579819
0.00886399912245883
0.00123301251511565
0.0142803172926622
-0.00165831515951109
-0.00508248213320295
0.0108072694626014
0.0184627626167666
0.00854902808964875
-0.000778663049649353
-0.00403388593012566
0.0127240997591713
-0.0234768833024168
0.0112568844904195
0.00917360092496056
-0.0242651241147644
-0.0046801439694204
-0.0159751117696745
0.00474020103535278
0.00233767743210667
0.0300687854183177
0.00429994264162348
0.00736357870631088
-0.0218777652101947
0.00882325198651124
-0.00619376452034381
0.00777218786796996
-0.0179985182818463
-0.0184954992345285
0.000515679354668119
-0.0349471707254259
-0.0457857415856489
0.02574768735503
-0.000646048655604803
0.00358306233171701
-0.00169329281061703
0.0111575479221206
0.00164701261861078
0.00594482569539867
0.00552230755427052
-0.00648891773655569
0.0234271981052643
0.00354820519310639
-0.00367920324359883
0.022897736710598
-0.00507078526336446
0.01459036628192
-0.0045555854026329
0.000948591128721699
0.00462573224178309
-0.0154413988144939
-0.0214337737818284
0.0171576261883808
-0.0239307584110944
-0.00502423915302153
-0.0174750141856945
-0.00645831631991567
0.0178838478251899
0.00478350297844665
-0.0129187213375097
0.0128212842045963
0.0289752643530257
0.0125296936675108
-0.00472809516878625
-0.00234780694670023
0.00338353435975169
0.00764407390120492
-0.00491872234010393
-0.0176995524690362
0.0158320438098007
-0.0259450145955142
0.025803352455773
-0.013995037787216
-0.00246794796417626
-0.0455367469182131
-0.0268927218939312
-0.0160052682871052
-0.0187373316101667
0.00410148440448133
-0.00202749953691095
-0.036067304148288
-0.0135204369937822
0.00564522234221343
0.00770010198467386
-0.00170343633575576
-0.0113192369374933
0.0110470422904341
-0.0850160092673389
0.0201653806663316
0.00863679044261145
0.00454373199754698
0.00575149461778146
-0.00132502768157172
0.0107696113595384
-0.00232853069788019
0.0223856773692612
0.0107500884045051
-0.0135488516551718
-0.0159860179332405
0.00301247097704316
0.00637544095662568
0.0373312676903415
-0.0224110954866843
0.00490416667874749
0.0117252190738211
-0.00351703795967984
0.0109721734758628
0.00708296696447341
-0.00262103112617851
0.00163639185311792
0.0161807510041985
-0.0140729302331475
-0.00430188842705492
0.0047575796850734
-0.00912762148890023
-0.005805808348609
-0.043020818098725
0.00682602751837269
-0.0108139257020856
0.00133726036314075
-0.0365217781643543
-0.0411300521858524
-0.0341429355945522
0.0221506078125893
0.0119285597104817
0.00331453240215041
-0.060458544420009
0.00763100252112459
0.00256407648401602
0.00238675322681869
0.00368037301555635
0.00115982705197792
-0.0297550420530419
-0.0314995638991169
0.0118415330093922
0.0057549251442377
-0.000147124541951982
0.0211348160745146
0.0301529624527594
0.00671657689827443
-0.00873433620604147
0.0213218114948603
-0.000267383508496755
-0.00913672684818323
0.0200017548142193
-0.0494054338396133
-0.000593365080596708
0.00834941765090536
0.00331514619791129
0.0187674811348679
-0.000277465459965542
-0.047275991676315
0.0100061908968716
0.0112353403863823
0.0194598995024622
0.0186093172973101
0.00879879171448383
0.00357205050404841
-0.0136476954355285
-0.00452292036894208
0.00898609449730881
0.00968630154831573
-0.00518893582273439
0.00781642580535991
-0.00497829670928329
0.0121979632658373
-0.00627243631908359
-0.00427681564464177
-0.0187781092949524
0.015291627151695
-0.0042769608529194
-0.0810499616906075
0.0152745094923943
-0.0101302199097888
-0.0178508953105765
-0.016632848138241
0.00474621188222435
0.00460159976830443
-0.0228975729428806
0.00584221746247193
0.0105799228246393
0.00852151744037144
0.0113289724859409
-0.0132913420089604
-0.0186319963911075
-0.00791814268062518
0.00226063698236523
-0.0320143311854224
-0.0114071779308587
0.000778681200888753
-0.00226787082722524
-0.00411220993909467
-0.0267915236676375
-0.0113449323765136
-0.00662335138838288
-0.0277876073419914
-0.0349621052642903
0.0119570497463033
0.00466355420034748
0.0143473681386803
0.0188181997127104
0.00957268084578033
0.0420917728435022
0.00532595262869862
0.0207977595333744
-0.0048726321289001
-0.0133400105486707
-0.00209308658183271
0.00253809934731786
0.0166961608814749
0.0128205460392297
0.0129367218163461
0.00246704075572768
0.00325054695233962
0.00381272256708098
-0.0151761602864888
-0.0084899857195837
-0.00325652959773559
0.0161048664867294
0.0164480871959947
-0.00597616184074923
-0.00033259498584659
-0.0188602612247846
-0.00410534477426028
-0.0298638842381294
0.00536781508284001
0.000119145524015485
-0.000111904282846798
0.00497741214403513
-0.00880026036811588
-0.0212175153561613
0.00450142755823313
0.0172344658740478
0.0015087000404137
0.0111146824446517
-0.00971738843497238
-0.00701818194644721
0.00606327623837988
0.0161467582749393
-0.00906334648243656
-0.00333847454837555
0.0171910574909071
-0.00045459646787771
-0.00259503960932816
-0.0306746060440881
-0.0330306002348439
0.00781356432725078
0.00956778287158411
0.00460071588102573
0.0142230079479542
-0.0408741363013925
-0.0056174485294429
0.00961309534991073
-0.00610719817016037
0.00928982212388085
-0.0121147950290066
-0.00124738740426267
0.00649471529189549
-0.0287610808032768
-0.0191709297574683
-0.0630913773219435
0.00316792825219636
-0.0171556444538208
0.0248103333912713
0.00436381857397938
0.0131783907933993
0.00937920130813996
0.013681483010155
0.0099032724324486
-0.00459153624782926
-0.0151534576180445
0.00177835950868488
-0.0146727722520918
-0.0221105016360401
0.0078007927359347
-0.0148021949374408
0.00764784506728078
-0.0110481229754087
0.0230397083372678
-0.00411132365105527
-0.00697965894361507
0.0152528212492622
-0.00380826715124005
-0.0134024058814948
-0.0496315120116826
0.0128902878883304
0.0122258370954988
-0.00810315375785065
0.0380408766171971
0.00627596129106123
-0.0053876486524207
-0.000236035569144644
0.0187461290513053
-0.108448621585782
0.0133780175235909
-0.00252201572310984
0.0200989825533073
-0.0143225162118805
-0.0180865593585366
0.0211905105118975
-0.00657659875960603
0.00935186401444277
-0.00958677287182308
0.00988296701831493
-0.00608690016403401
-0.0515571208397723
-0.00355975810213915
-0.0259647157316958
-0.0143362316416837
0.0135882119294086
0.00103712502624287
0.00699717141577683
-0.0095039508000303
-0.00436818992394539
0.0292109214442084
0.0180593555025301
0.000122834996813648
0.00447575621547047
0.0172652806125417
0.00623770130354329
0.0182759313609515
-0.0190229005594249
-0.021845625461947
0.0221313261628375
-0.0245385298098513
0.00695392281695462
-0.0232256951395073
-0.00738261863105794
-0.0659451615770186
0.00533084156978436
0.0251025050467653
0.0356466665928938
0.00585627459472104
-0.0193150723884163
0.0111814119519735
-0.00983156227778492
0.0210574961298367
0.00601459323274778
-0.00329798534256409
-0.0175395171987596
0.000113484406490505
0.000601775660083792
0.0106064063829758
0.00592830196980598
0.0003162033485542
0.0142241142589179
0.0175029448806607
-0.00153377490881423
0.00350154283080606
-0.00102253554764498
0.00330964464561889
0.0250488916448273
-0.00961628921294699
0.015143334117008
1.61826102873519e-05
0.017305752517027
0.0140828589281039
0.0101120146596729
0.00192991287365407
-0.00551860637367607
0.0207797355319355
-0.017278731758291
-0.0165711399484534
0.000687990064031085
-0.0104947705515923
0.0110703612056646
-0.0102239648310034
0.00768114202053116
0.0137432680674119
0.0176807410457931
-0.00146865108460226
-0.000785641194606779
-0.00622432048216304
0.00469821486418054
-0.00875927220909922
0.037750882079552
0.00809981808429727
0.0135135515162901
0.00541005514030313
0.020059944997993
0.00754697634096191
-0.0230331074286481
0.00486649364117642
0.0156911586377162
-0.0636531830541862
-0.00150761085485396
0.0162470802101589
0.0207393359286789
0.0038610165907027
0.0128489446100919
0.0223911186383012
-0.00333064345283618
-0.00972027987751378
0.0175298801778097
0.0297110548372514
0.00970382048030904
-0.0194977362761413
0.00146942405550954
0.00305288073667542
-0.00317999366371846
0.0165769581459139
0.000200895470651385
-0.00478654458829642
0.00691267476673874
0.0062061228839867
0.0137525901239628
0.00966040670701518
-0.00281838885339436
-0.00170299615369363
0.0278847659175083
-0.00556921531105958
-0.00232500923542123
-0.00247388816571448
0.0062322154310106
-0.00226534747499807
-0.0078789773628607
0.000933832954806313
0.00483853878450624
0.00882213754135641
0.00502101861452742
-0.0125951762715499
0.011143648342411
-0.0158955806533645
-0.00626111588094913
0.0117577209050133
0.022299476722571
-0.0194379845178245
0.0280160031752161
0.0252921029243787
-0.00176689212459902
0.00606180004279544
-0.000611091415605447
0.000876175567793291
-0.0291278153473895
-0.00689651444758432
0.0123346843060519
-0.00057856612068119
-0.0015555654229602
0.0206369473581733
-0.0264427599851809
-0.011628026700254
0.0116384653226005
-0.00370919560495775
0.0188931797001941
0.0189265829984397
-0.0079196914703461
0.0161812895374511
0.00378410805336316
0.0120866035823715
-0.0321446031307202
-0.0837318366549362
-0.0212440905468798
0.011554769022466
-0.00477257520786267
-0.00141822983114825
-0.0162134766775375
-0.0239793132454551
-0.0055514350130812
-0.0135397381942917
0.00635177064876036
-0.00339305974039794
-0.00800965314030933
0.033603716258138
0.00477944585889012
0.000966109641848067
-0.00261126524867583
-0.0192980953494746
0.00921514371380594
0.0136506662950873
0.00375550136732672
0.0022657113276745
-0.0325293533002267
-0.0419101588303392
0.00102146485448018
0.00612174596300119
-0.00244101275521036
0.00214202905371152
-0.0227163389703371
0.0119151321577626
-0.00399498808385035
0.0145534049998859
-0.00208481389528803
-0.0459575723849373
-0.0228503461632341
0.0176612742060427
-0.0119086927214387
-0.0167283797416533
0.0174247048388381
-0.0387209080169497
-0.00555664089664432
0.0233551869926307
0.00524077121179434
-0.0110975737443679
-0.0484066080677459
-0.0115558865958765
-0.0185410357889553
-0.0115982684016873
0.010453585962146
0.0167938248357324
-0.0180275071917357
0.00978582420845431
-0.0317980702491341
-0.00539126839886928
0.0292194983811171
-0.00951380329590124
0.00936673316131698
0.0271968151297881
0.00104361641135453
0.00663051471569975
0.0111392968102133
0.00346839326141501
0.00367670118887053
-0.0461286792697173
0.0159661487086917
-0.00772329324201282
-0.0514319094886537
0.00984864682604325
-0.151349076655529
0.0290704070136667
-0.0204634965225226
0.0192247792019664
-0.0232200593763792
-0.013945124568616
-0.00253176778865205
0.000790736632769073
0.0385006183497287
-0.00356651928470875
0.0133691041078123
0.00852335406796501
0.000150731874804189
0.00073049731276531
-0.0819200293974003
0.00203868456047673
0.0139496157550769
0.0262676181414618
-0.00495291895044492
0.00922406510718354
-0.00565092089462516
0.00215485492431089
0.00339462890529552
-0.0017910385480806
0.0162937035869724
-0.00262104401982888
-0.00735706779125156
-0.00128464462401467
0.00951281376291502
-0.0434236607715119
0.000737261691779345
-0.0321371700434903
0.00165943627780418
-0.0187551794235254
-0.00720528227632355
0.0126814531758153
0.000454141440459965
-0.00823187264038205
-0.00694770179982585
0.00305393680370791
0.000777426682227578
-0.0209014990727581
-0.00635744721189813
0.0259019599784858
-0.0382640370306637
-0.00625489979150107
0.0054601625563353
0.0179534478388448
-0.0482819408175357
0.0155766798469026
-0.0721069690032348
0.0126971658861899
0.0225413979956564
-0.00665099170506256
-0.0136909769494995
-0.0014110617272991
-0.0237557205692704
0.0139993247121533
-0.0195827935622033
-0.0385537777247498
0.0368602619085558
-0.0392571854406734
0.00922818389701474
0.0303986528814835
0.0147704413131375
0.00770205744655783
0.0353381332817495
0.0075323764897941
-0.011603630335383
-0.00854230912373
0.00308259482915729
0.0145367035220234
0.0214676991946332
0.00441018896272727
-0.040252172872969
0.0353685285329184
-0.00857706720337159
0.00461629807876962
-0.020649876922054
0.0141280790851361
-0.00503063164434669
-0.00199789401589268
0.0132979880989499
-0.0304485351429369
-0.0137860807329182
0.00369282071038746
-0.0136191108466139
0.00405858737340248
-0.0399170645371676
-0.00129300273898281
0.00898146692170876
0.00197027977307718
-0.000403972665107055
-0.0283183848741819
0.0128631030652326
-0.000875754285162733
-0.00015897706978607
-0.0480806469261532
-0.0128740168890009
0.00505207823825637
0.000633234176997455
0.00187471210636669
-0.00702203383206879
0.0101815801799812
0.00123498692356061
-0.0321090567498348
0.0108513862020914
0.00979623209631253
-0.0102258014487608
0.0005173710216968
0.0154800391189722
0.0210567813640872
-0.0180746930638795
-0.02109253281923
-0.041118194158219
-0.00218543914900016
-0.010055273803752
0.0141465018282059
0.0213099825953083
0.000555874636789522
-0.0142378219973454
0.0229609129056216
0.00716591106376363
0.0173448679048021
-0.0259062452252714
0.0291735507765523
0.00231421477739646
-0.000282457470602182
0.00740930678153928
-0.00818396619818751
0.0302048450808035
-0.00157258594684451
-0.00407100071678079
0.00678014492623435
-0.00498137904604667
-0.00473501379460162
-0.00645757642956601
-0.00795829247379709
-0.00155090978959427
0.00792422441098672
0.0214835165719949
0.0197977361299264
-0.0144392662575923
-0.00394563424962335
0.00770741897120297
-0.0103650672329447
0.00362716353315751
-0.0106897879612886
0.0145726059760949
0.0269089399780267
0.0280073853574447
-0.000927752218712552
-0.00204625006111891
-0.0102003935672159
0.00563179413530079
-0.0354734391468605
0.000496046104029091
-0.0133979066317531
-0.0440915203255741
0.0104694736615565
-0.0109102934568837
-0.0341136861127938
0.004101467883598
0.00744532138948095
0.0282348080885222
-0.0576259214558272
0.00989685982655608
-0.0385854293830652
0.0216718017327613
0.00622567468516966
0.0185327961882111
0.0331709988632072
-0.00451043232731707
-0.00610699470895426
3.52087500590237e-05
-0.0148533978611947
0.00725775690656394
-7.93372754404054e-05
0.0206355579069584
0.00685459877280747
0.0113858091244552
-0.0221778311594441
-0.00299779559623747
0.0252317813513945
-0.0433708913782023
0.00146057953855117
0.000101859645736724
-0.0127362489913703
-0.0155315525663022
0.00645037792997627
0.00569577492228501
-0.0640846469812546
-0.000783131062064069
0.00543671464583761
-0.0191640053960205
0.018384387470409
-0.00931575444325938
-0.027957807682363
0.0407278150765285
0.0182226559319263
0.0183928926611057
-0.0243292915140154
0.00477137831772523
0.0276679623146823
-0.026905803585473
-0.0100316209685936
-0.0347396980052299
0.0107170638871978
-0.0288407278625644
-0.004543581516395
0.00582808319526107
-0.00980900033028842
0.00350912670069592
0.00294418464317592
0.00107824450182026
0.0118388373104854
-0.00164117978831868
-0.0307366641298192
-0.0425369626963907
0.000141670984003639
0.0153933636750814
0.00931525263596766
0.0143763477435848
0.00228089623437677
0.0023459772146146
-0.0419439242171888
0.00747941801940133
-0.0243312319665789
0.00388593639509494
0.00447379300279138
-0.00291894890780342
-0.023896208363595
-0.0013174011486039
-0.0104585188971278
0.0113846690479875
-0.00323582788929766
0.0222376575708823
-0.00183463862659372
0.00253616384485023
0.011244947192889
-0.00616207499755506
-0.000231810111269715
-0.019055227256922
0.00997972272268299
0.0189270864684494
0.0029061610244534
0.00490632585237338
-0.0387913066242573
-0.0717911568951242
0.0226321136290131
0.0388008492622265
-0.000268250776493062
0.00926017769407661
0.0196125529048614
-0.00271973764427758
0.00809214152674476
-0.0149069729218438
-0.0219860217523087
-0.000314855731180952
0.00220681512457821
-0.0293716399070445
0.00968155934408887
-0.00580210401173176
-0.00894509609892258
-0.0445809590611337
0.00301823207930907
0.0177696357096795
-0.00823340388593596
0.0190299348616576
0.017103307099239
-0.0226161278873305
-0.0351615823350242
0.0095202409539703
0.0037360271664626
0.0221425397414636
-0.03557689563995
0.0140493350022557
-0.0312162814591248
-0.000255870478280462
0.00540361342638196
0.000698468801935803
-0.00422491030133809
0.00911397477095788
-0.0116449600131143
0.0197378494881728
-0.007643016609717
0.00854136140472272
-0.00264360238733086
0.0021000172297172
0.0301844161245948
0.0133807095283394
-0.0178262796492232
0.000569002686631848
-0.00598543454008871
0.00303823725246399
0.00571700021886135
-0.001546819263893
-0.0251127186157607
0.000943213098989926
0.00765398632811221
0.00307849344648092
-0.00155571517822484
-0.00420695557450168
2.77086709310481e-05
-0.0337367867274252
-0.0089472943907245
0.0157168649055648
0.00370932770471954
0.0266647259518806
0.0223718556434822
0.0121408934361851
-0.0218173369141996
0.00949647738927295
-0.0162291922760627
-0.00639763297027729
-0.00216734302912447
-0.0287937957042286
0.0121734383690673
-0.00278582283264717
-0.0155476665163476
0.0122664964094323
-0.0221466860590933
0.00956131339842115
-0.00957469816586354
0.0128215489195278
0.0183478605606595
0.0118313001059076
0.011916504360993
-0.0411435855500737
0.0199509543669256
0.00775892281404467
-0.0075112692419308
-0.00725680142533225
0.0102833210505953
-0.0181059218890924
-0.0115736630132535
-0.0126259623601088
0.00446521139415523
0.0169331524874794
-0.0154281371300691
0.00130058709579206
0.0111560901091023
0.00543214879316034
-0.0128093558138498
0.00316365627814763
0.00382382197789788
-0.0256169870360536
0.0122336988531315
-0.00618128924796091
0.00483820495784926
0.00502254042321781
-0.0326655725178402
-0.00352665560134291
0.00263081544789956
0.00783607397855635
-0.055838786692946
0.0113600915853338
0.00742365616177487
0.0142260364053528
-0.00754183968350763
-0.00949517085227658
-0.0141422893489409
-0.0157836633756383
0.013412694148728
0.0180202296247414
0.0366872346595073
-0.0136285746082903
0.0210758467000023
0.00912328030472453
-0.00390438903825108
0.00571940931939796
0.0124356752647499
0.0323247419556005
-0.00132544943546353
0.00297779764540174
-0.0405371236666845
-0.000966733803628106
0.00738283034125087
0.00502385766109414
-0.00161098022887884
0.00424240315197477
-0.00458405048326882
0.00631471829191033
0.0092778451688118
-0.0213018481632474
-0.0130717523371313
-0.0142795176137502
0.00736921317886319
-0.0108936275684444
-0.0213776298036297
0.0161355438910213
0.00424828686769252
0.0257638957066575
0.0114397809369411
-0.0269021497224968
0.0126512216627357
-0.0271122917991238
-0.00267163128356085
-0.00148369900035927
-0.0364053109109865
0.0193920351718453
0.0317769331667637
-0.0137104710966804
-0.00571518277020999
0.00686868978007826
0.00145911828351997
-0.00947051408840638
0.0314655788436053
-0.016540654255361
-0.0141500809397672
-0.0182571963251208
-0.0146699146028251
0.0157145503434721
0.00902906076874732
-0.000900473520022871
-0.0035950214409588
0.0104779194363571
-0.032212848594743
-0.0285820917267952
0.00893368667719496
0.000232657532580394
0.00622683831389792
0.0152778363068289
-0.00412811565814719
-0.0344523786126159
-0.00181740706244859
-0.0148684951999014
-0.0237230357075244
-0.034738360496521
-0.0690220173162044
0.0205628912432454
-0.0984314213519331
0.00251543236247098
-0.0448048072010465
0.00665106445433272
-0.0195833468619648
0.0244519829007621
0.00956885543060859
-0.0084807693358071
-0.0367167931225789
0.0250610851568593
0.00411740084154566
-0.00476283945612233
-0.0368756164450124
0.00804836170926748
0.0176625712864538
0.0191876948866414
-0.0115715072596823
0.0243386430735977
0.011330623938524
0.00761607330097558
0.00782933404156938
-0.0404759740237741
0.0109131985854649
0.0051312665037746
-0.00831224953615872
-0.00191168794027341
0.0178496467878726
0.00159158587922947
0.018582703688466
-0.00456393587541148
-0.0108865156816975
-0.038915028329833
-0.0114094108947911
0.0171841914162834
0.0103355758111259
-0.0177551060082091
-0.0189141850508927
0.0134501382989092
0.0487042487031391
-0.0011006507677489
-0.0356205164119996
3.58399578193058e-06
-0.047474741039403
-0.00982091179216882
0.00279868271661377
-0.0178361237492759
0.013743037730082
-0.0191057330065192
-0.0416868408508888
-0.0332473465894143
-0.00260309637423162
-0.00544708178536357
0.0101652083449295
-0.0264631257086245
0.0116806040888624
0.0116948818586196
-0.00576267878784265
0.0164961500775669
0.00571309734634684
0.00516766732324081
0.0046073609913273
0.0104980738076601
0.0237257986291119
-0.00424823619572434
-0.000665681887993763
0.0065446582488673
-0.0073618978961596
-0.0291764415781977
-0.000837504611343132
0.00709848578087668
-0.0233081617166211
0.0135532046795204
0.0230229808388791
-0.00715525483112245
0.00453631821363754
0.0109296185584506
-0.0432198165053626
0.0238623261198589
-0.0490541361387593
0.0195507298912179
0.00641569472089021
0.0185534749944058
-0.00264578613860889
-0.000388190922804732
-0.0300699127807769
0.0155502561391414
-0.0265861276886135
0.00657243053794021
-0.00147743725251104
0.00635492625279888
-0.0185843336667362
-0.018238274395094
0.0353793633644015
-0.00473157880969888
0.00372190143349416
0.0110470535053089
0.0348663904282924
-0.0078158198696634
0.000447201024776023
-0.0514129586068037
0.00488598771319104
-0.0121323353907128
-0.0197950324312774
0.0062206685893742
0.0253404244234181
0.00175010735075976
0.000918034746655305
-0.0115066359577609
-0.00308503780954483
0.0116511839071118
-0.0662640296727712
-0.00784228298082335
-0.002358046372259
0.0191499730615901
-0.00783793045662895
0.0147907074813283
0.0132098417254514
0.0128734468752274
0.00100090875792924
0.00253685089554367
0.0375525801076473
-0.0110965776828684
0.0105984318096461
0.00910634249267672
0.00493622049090203
0.0119549585760894
-0.000321381889194949
0.00102968273017989
-0.0110140128685901
0.0235145849010134
-0.0410068605897962
0.0293796571513674
0.0116709838625806
0.018501789292084
0.0206607398145136
-0.0172147744599138
0.0237994351301452
-0.0242477720944403
-0.0148902592380935
0.025003537776823
-0.0403546868474538
-0.00952161955135766
0.0281328772901941
0.0103949371357279
0.0180696671648684
0.0108693918526672
-0.0356036442618981
0.00922105266751272
-0.0242931460029783
0.0157056251141516
0.00175172109743937
0.014191633098197
-0.0120199743713643
0.0214176412034675
-0.0111286993288906
-0.0247634234949663
-0.0256787213736334
-0.00319428637007135
0.0093624936256842
-0.00622017865911562
0.00866121246964457
0.0216865473765593
0.0153291864287939
0.0251711531862662
-0.0200993063643626
0.0145572167814252
-0.00124163434083702
-0.0181430580459545
0.00559186642172671
-0.0162910068147224
-0.000420366490881952
-0.0257367422651495
-0.00333949232822039
0.0149147921943027
0.022868237889234
0.014536244491302
-2.19922427497909e-05
0.0155218551015677
0.0319016574980893
0.000508089123863353
0.0066077633037247
-0.0191047757967495
-0.0167415703887697
-0.0306465550509816
-0.00456132848609236
-0.0204009620715855
-0.0156777358366205
0.0123445333412611
-0.00398826593932888
-0.0205978589758411
-0.0115876667309136
-0.0220943106011455
0.000347068604719114
0.00741388623271444
-0.0616741066784301
-0.0229222018221558
0.00990206745951294
0.00421499726670715
0.0108362441747349
-0.0321023659003057
0.00829622674305552
-0.00905317737143352
-0.0149130994349154
-0.00125159390821095
-0.0321372716916342
0.0119953224013734
0.011301872488465
0.0134816079991928
0.000689791228478898
-0.00525915026575152
-0.00217743650433189
-0.00076496468863585
-0.0496557178703054
0.0040935036853047
0.0062879095833912
0.0219304542192995
0.0151683402818426
0.00154839238724458
0.00605455861903303
-0.0018676411866001
0.00763368977699175
-0.0169206250952207
0.0328742323285054
-0.0067817383948483
-0.00848890818042913
0.00490329576620852
-0.0319522286029472
0.000969574896342085
-0.0012863761248556
0.0146622690108265
-0.040476007283198
-0.0102432862484791
0.00838253540086331
-0.00105325481257079
0.00189280849423668
-0.00104774679796815
0.0166312798177639
0.00485158666744367
0.0110127186620552
-0.0351283748233864
-0.0141263629189678
0.00955413372249403
0.0115290868534355
0.0147594154949782
-0.0383952255641842
0.00209890008628877
-0.000686472268784044
0.00156196816409904
-0.00436413140539837
0.00349810180203702
0.0101239755901537
0.0280459305351595
-0.00210935310400062
0.0062400980654751
0.0150738700458497
-0.00720061497072511
-0.00146323731545195
0.0175288250789709
-0.0194175157927685
0.0154145051512424
0.00410815212166971
0.00526753128867608
0.0115832838603445
-0.00809078010821307
-0.00732350306010154
-0.0276784507960537
0.0158728158783052
-0.0173798549881234
-0.00653191524933483
-0.00227746584542521
0.00157242170051575
0.0200719302440413
0.0116330188804086
-0.0288109701616068
0.0103208444500966
0.0160064033675733
0.0110572856819064
0.00777033318543374
0.0173953537867844
0.00880039508844477
-1.98197399872146e-05
0.0261959043335667
0.0127126782221967
-0.0351912054171757
-0.00959026585296341
-0.00843861257916156
0.0032095022874854
-0.00834457747179274
0.00168112836758949
0.0149173153645599
-0.00535497731426782
0.0145458763061392
0.030200526738547
0.0159914740156317
-0.0312552212923349
-0.0153895982891767
-0.00309304556556111
0.0135064234236686
0.0139322148277703
0.00727335798768358
0.0142256501209528
-0.01664953017478
-0.00231474702076317
0.0129625266793936
0.0122490968232873
0.0142912313365007
0.0315877027100389
0.031665565734313
0.0251672462702599
0.00552855095510152
0.00880724293109725
-0.0340868116151543
-0.0148176736111145
-0.0104655573531081
0.000980148095484745
-0.0351810937305708
-0.0168274384095721
-0.0494103037218967
0.000864567013082684
-0.0204310811333301
-0.0275537422212855
-0.00201662991567497
-0.000897334042869957
-0.00493041474708944
-0.00364495314247959
0.0288498206662333
0.0231644772765662
-0.041004111390881
0.00317017807401987
-0.00893960985508802
-0.0288591004697272
-0.0186503943774814
-0.00879160486747188
0.0114285465615827
-0.0552202140224169
0.0082309743397404
0.00571029480823126
-0.0276042237286442
0.0365188841402433
-0.00223003484572937
0.0161475311327086
0.00218812494463982
0.00903001542172954
-0.0175559952191113
-0.00584778686173659
-0.0382667174689597
-0.00412283958798465
-0.0141782102972536
-0.00608071515953634
-0.0254479942984704
0.020668138554796
-0.0159919686097969
0.00631215701334065
0.0157693841075717
0.002645415352307
-0.00352659370630359
0.00544507478668366
-0.0133484646870738
-0.000786363956202685
0.010779894568161
-0.0205835065032303
0.0145522197278707
-5.68391295565629e-05
0.00822392602772815
0.00441395269343969
0.027092116284597
0.00656821702735644
0.0121250164329822
0.0093172790586793
0.00424276642190735
0.0179198195006336
0.00410012518431691
0.00708244407117498
-0.031252039224867
0.0193406267512932
0.0194451876242669
-0.0138955966431058
0.00423993491628671
0.00508981741177839
0.0143382129551821
0.0121285289005368
-0.0180823633933322
0.0145715037155172
-0.00977825689734324
0.00488589582376875
-0.000256769308630167
0.000445151623436058
0.0249819949296308
0.0196761584895095
-0.0385150773461902
0.0174360790026284
0.0121465451185954
-0.0293296819183291
0.0152014345886478
-0.0385785145384787
0.00794307022841734
0.0173478013406017
-0.0241312561211062
0.00616131281945886
0.0168755918693757
0.015328248260674
-0.0245167607889314
0.0163605806604239
-0.00660994714932128
0.0238880715334631
-0.00202855772320021
0.0208246666608765
0.00739080967130668
-0.00232921341490311
0.000837148004438459
-0.000603837668584184
0.00457888824573738
-0.00827177243419852
0.0157934084186893
-0.000104548898564261
-0.00261001096890423
0.0070012759955731
-0.0278807220425545
-0.036943730580306
-0.00665900976220835
-0.0617449443890159
0.012804360174592
-0.0284096346902099
-0.0239067091047098
0.0233427012440814
0.0241502500337252
0.0148048598107273
-0.000344921076314453
-0.0204877044143199
0.0254378696483872
-0.0171805060438102
-0.0140789372786103
0.0224704818068955
0.00225111441822579
0.000966074889597657
-0.0364130648042638
-0.0232772280509894
0.0149798008762616
-0.00888876335196542
-0.0144594569152192
0.0180087883591691
-0.00289748954765834
0.0228679867715602
-0.0499133551098567
0.0017293024338465
-0.0191758359024443
0.0148085749695341
0.0140906127693512
-0.00196787538619381
0.0197174121001438
0.00972523774103684
0.0259158067940255
0.00410910616365201
0.013472266213469
0.0271905270968573
0.00026029789467219
0.00898969375956016
0.0152009428557971
-0.00700297486192847
0.00369899176011312
0.0103609971125518
-0.0179649100213712
-0.0136484820680944
-0.00125856400742563
0.0011541477532524
-0.0173854150025128
-0.0299515666574268
-0.0143390816609428
-0.00885948981152884
0.01242754582456
0.00144823009291351
-0.0125523218143657
0.0196055322446362
0.030447716669014
0.000731244851194912
0.00484610816867259
0.00901974650847714
0.0103300335057595
-0.122461551495622
0.00602049026145224
-0.0071210896132361
-0.0543518529776814
-0.0178792200979849
0.0209683940290992
-0.0254292278098043
0.00363824416886649
0.0128911734985953
-0.00981384121697459
-0.0304518724383454
-0.0266964807647232
-0.0193966903896201
-0.0824737046735375
0.00378987036084277
0.000644823124058558
0.0112275951268523
0.0224594025727214
-0.0265334848065035
-0.0430455907134588
0.00481852090355117
-0.00671390364657798
-0.000645033274110585
-0.00465627310527728
0.0249447516009647
-0.00684515568722066
-0.000994955758185423
-0.00699209628154995
-0.00272576586077311
-0.0191539250733177
0.00825563148631758
0.00536855851981777
0.00696639810207511
-0.00889682122293989
0.00102896532982544
0.0197062229102423
0.00943794522291541
-0.0424885692899233
-0.00427136357914448
0.00604858937453479
-0.00440296909336402
-0.015750635936659
-0.00511430989551132
0.0154079795024198
0.00694765292603128
-0.0230692810470696
0.00475358718770758
0.0196961846537387
0.0113450760766285
-0.0284211196497284
0.00469183438654897
0.0145306537152929
-0.00971644013144735
0.0327905569385336
-0.004271227809308
-0.00157845757601027
0.0233354015457112
0.0194877399314044
0.00162655443360871
0.00078070050426815
0.0217161971639295
0.00421275388752385
0.0122445679208023
-0.00909127937214071
-0.00245060282618526
-0.00604120821652665
0.0111765689347301
0.0301976319652362
0.0151742752931696
-0.00104862173517528
0.010373765940594
-0.010123289671633
0.00477823147666179
0.0037595437486706
0.00362148784139604
0.00450354323644664
0.0121480554636388
0.00159326493082657
0.00265964737977997
-0.00674135456451896
0.0178729643810767
0.00547656509853267
0.0094910792864078
0.00930013083965608
0.0207910291587039
0.00815854856123943
0.0401221664612446
-0.0423532308505972
-0.0250265383644273
-0.0150462549928383
-0.0218665509569416
0.0118880538145785
-0.00723836480307005
-0.00281998017439489
0.0197847575125201
0.0172340372403421
0.00758552121540945
-0.00270355416829338
0.00258165337871441
-0.0191189658241169
0.00159020028087542
0.0274396962182339
0.0110958670932051
-0.0518947501143718
0.0168229169953622
0.0173610595410683
-0.000148270911374482
0.0468925122656301
0.00976507458311882
0.0022941330158357
0.00458511828190877
0.0108746626563097
-0.00661565299491063
-0.0229201668959864
0.0140356664551149
0.00432568053043636
-0.00593204658988378
0.00737324412113693
0.0225686058305168
0.0136318081406497
0.00726806584841855
0.0209044726004104
-0.009382356551489
0.00202174911330544
0.00475553441934462
-0.00448996524052125
0.00183723849260908
0.0196097023835264
0.0188735982754151
0.00412058486479894
-0.00113403023630143
-0.00958918673345943
0.0111472663710719
-0.0155462752588837
-0.0127775618646169
0.0142653093671548
-0.0142715330816334
0.0131201076687508
0.0022949541857078
0.0366087664258892
-0.000611841408254765
0.00252226975230396
0.00568681871493038
-8.60519218077727e-05
-0.0123864612187319
0.000513914334820509
0.00955338123737093
0.0136680518789469
-0.0161280975522962
0.00628576698633143
-0.0130995835915688
-0.0212852865021615
0.00162441604456598
-0.0325322094956499
-0.00399186166858367
0.0105411395642552
-0.00697668612486679
0.00910014712683327
0.00669108677349572
-0.00500171215598066
0.00175334721526599
0.0211775621589037
0.01554929335181
0.0122439376299317
-0.0166995996534243
0.0211074969760459
0.0058206521203954
-0.0737567848200813
-0.00793206947779135
-0.00907648146396323
0.018012352766146
0.00760319933067022
-0.0186921799927293
0.00548391726369779
0.0037649119856884
-0.0207407948487457
0.0131765359897527
0.0266925205559325
0.0125017376505012
0.00551893284816063
0.00282316779987379
-0.0147964622325512
-0.00593699432241879
-0.0333796227617109
-0.0152475984423024
0.0100401502094121
-0.00477892698847349
0.0076582385515187
0.00663547053854097
0.0177994617794037
0.0223552394630628
-0.0287107127288946
-0.0602897064389192
-0.0274730693832606
-0.00937578440158204
-0.00939655134241169
0.00874201211878445
-0.0029955346080508
0.0120273647898808
0.00818099805320971
0.0222605593467946
0.00421224382120933
0.0157855553117257
-0.00578418824060778
-0.0132136015552557
-0.00555415399653536
0.0219013498039884
-0.015922733515656
-0.00503562906482569
0.013831470177049
-0.00267052237076193
-0.00503071913728448
0.00437951005126558
-0.00542756113495657
-0.0119765478051581
0.00527959321618887
-0.00657478411962775
-0.0354777791662415
0.00698434644006052
-0.0142408497234889
0.00959344983080035
0.0218938158773816
0.0142574923134009
-0.0276404629516445
0.00039794216246225
-0.000847596412487217
0.00890731946491297
0.00758448135746459
0.00680577453852349
0.0242943287403516
-0.00935865602941632
-0.00687893402617012
-0.0267447274119954
-0.0244090719696919
-0.0208046189122433
-0.0382738807004994
-0.0234725730347534
-0.0286995092553994
0.0178235195628609
0.0242584594326145
0.0040165462840247
0.00814461980842873
-0.0116774291122681
-0.00823099580587972
0.0250955308650382
-0.0118255716934907
-0.025347932576246
-0.0153940876012451
-0.0500245611072798
0.0155733062751564
-0.00825501263716166
-0.000502560710205602
0.00154388246314641
0.0159799700321328
0.000722715143369967
-0.00312807994410536
-0.00550511495555561
0.011146486979162
-0.00114924469622824
-0.00697741136023655
0.00529166628086841
-0.0142682142302446
-0.00268857806729184
-0.00606134415486492
0.0216856655251796
-0.0247932423072075
0.00537112121399641
-0.00253041035318491
-0.0442511284641116
0.016316365626887
0.0243685517533925
-0.00320597862902861
-0.0509752597534667
-0.000534610337259878
-0.0369268814068562
-0.0473344150238404
-0.0157750930117195
0.0050110499878
0.0149428103085798
0.0157668366962782
0.0158430532945042
-0.0474134640360973
0.0109551048800851
0.0084579475713964
0.0121230894450512
-0.0369715907981698
-0.00605153553150584
-0.0338831247396427
-0.00750175207033132
-0.0186108264015379
0.00828044467264233
-0.020863689853722
0.00206966365103156
0.00674619903795959
-0.0406803519435668
-0.0024525674824647
0.0385555051872339
-0.00295145190150636
-0.00915869302568573
-0.00166368678627449
-0.0158570719621478
0.0307743131959852
-0.0151735823601604
0.0109529292808341
0.00354341678936798
0.0297874116628352
-0.00416168656454796
0.00858689538965618
0.0195937206319039
-0.00145866307887355
0.00175117852525597
-0.0252955036872153
-0.0202971970369883
0.0377186640138398
0.0177862463536729
0.0121190982888857
-0.0149089659921393
-0.00775410290764067
-0.012433665253186
-0.00610080066945295
-0.002793586818016
-0.011312839572327
-0.0374577149367674
0.0110875285653795
0.0129040224927159
0.00408805780175769
0.00018213339844797
-0.000448450433629954
-0.0523970103293421
0.0125799482715825
0.00145344371691669
-0.00716459690623994
0.0401120853094479
-0.0382753256758197
-0.00804741500080297
-0.0156649202191836
-0.000224917807016833
-0.00331569108583674
0.0105170683096445
0.00159895981982539
-0.0486575208720841
-0.000240429387754926
-0.021106264776199
-0.00525219707634106
-0.015956138743134
-0.0115472108502677
0.000793694677847734
-0.000269665845309852
-0.000441227243340059
0.0280772826967344
0.0104154382316932
0.0160883858987027
0.0135482732756902
-0.013324436600898
0.00668597055181697
-0.0074558889422458
0.00215362690800669
0.0106063925557243
-0.0139793367019971
0.0106844639036394
0.0155479509463166
-0.000649772995406472
0.0200414693845121
-0.0352148496141553
-0.05377299276606
-0.00484034169921643
-0.0242989010156753
-0.000614059661308453
0.0100179975722767
-0.025711758193836
0.0138481913174529
0.0215863710408768
-0.00196967333894094
-0.00266039703321708
0.00594089530103403
0.0106235619208088
0.00668703205694721
0.0257421094926362
0.0134969352208363
-0.00364467642361466
-0.00924909863866752
0.00672480881220272
0.0109264971796899
0.0218925811891113
0.0187624492545329
0.0255557555780068
-0.0197420400813071
0.000495363552702965
-0.0168709497306061
-0.0180964533716959
0.000414788083588302
-0.00114714421791051
0.031815117918693
0.0253895584664248
0.0113492811761673
0.0206330897960476
0.0056054603038862
-0.00688701720861951
-0.0288691141875339
0.00267459502614731
0.00857159032553101
-0.00677909263661314
-0.018302996803623
0.00537993120405567
0.00480050101024609
0.00788628886425702
0.0225234487947055
-0.0151716041696039
0.000663620552272537
-0.00343354716650035
0.015690935467731
0.00234347001600543
0.0153282320439041
-0.00176200031359097
-0.00898516600720067
-0.00920450260508932
0.00443526339508571
-0.0044243294505808
0.0213779889693502
-0.0501164835416417
-0.00267546835664589
0.00600893289864679
-0.00814905313687575
-0.0336520219396217
-0.0131450907605075
-0.0364503530664142
0.0194583295546118
-0.00597511871322154
0.00121233608661431
-0.00929542190155619
-0.00637578397420713
-0.0285261519628868
0.0151509824865277
0.000457902984496439
0.00179433911595739
-0.0167175117295053
-0.0157291295345681
0.00401184263573784
-0.0191540715534322
-0.0235205397887743
0.00542432779362678
-0.00199354229815962
-0.040954424101233
-0.017823710396303
0.0054531953291399
-0.0206477972089831
0.0204066461028534
-0.0287221271758287
0.0168974091388707
0.00441686545851061
-0.00764595417933256
-0.00461744028298172
-0.0022795851760713
-0.00774328241764888
-0.0018538261940606
0.0179774635527497
0.0120558066512091
0.00261265433902658
0.00660878921096342
0.00298119301291511
0.0106949024355645
0.0261339792918687
-0.0101608917376086
0.00402406410715539
-0.0110891490217488
-0.0267416236065143
-0.0232915585162883
0.00912768580337131
0.0124353848977852
0.00635462200594294
-0.0245842343105001
0.0248142813161871
0.0110670915128344
-0.0538114944662555
-0.0248588711752622
-0.00032833053426673
-0.014040077931555
0.022224243809756
0.0206793995247154
0.0170907343888314
0.0149772722378838
0.0199688101836704
-0.00458760714458872
0.0134259274308293
0.0080732285083438
0.00386656613580949
0.0135138488428166
0.0112815571218197
-0.0145736749976018
0.0046733793257272
0.0138754519162441
-0.0120836326587401
0.0141495071168678
0.00891728859325958
0.00826731274590675
0.0232926727613942
-0.00532894282318108
0.0065249002989769
-0.0187302891704004
0.00919699573101163
0.0148511610320647
-0.0270485230414561
-0.00244609870881396
-0.00805207078273318
0.00782113279764607
-0.0168338763641631
0.000610737153264207
-0.00209751049409346
-0.0213555654059929
0.00263695165157651
0.000456412735211353
0.0146505508720909
0.00235688361079234
0.00299838064744806
-0.0421107527930258
0.00122895028554915
-0.0210926985494873
0.0104391218557689
0.00935445394716528
-0.00524113100705015
-0.0155932437073023
0.0059339302614696
0.0291569380942576
-0.00128595035061752
-0.00516967191180218
-0.0130428990329245
0.0190916084142434
-0.00243130119762514
0.00692028445029336
-0.0182154765276765
0.00072260502206456
0.0157767484048472
0.0151085515113296
-0.039132897508976
0.00490772805591888
-0.011215728415177
-0.0205180220948655
-0.0203160688167494
0.0187093712213984
0.0112058012127054
-0.00520172481914027
-0.0053754832181605
-0.00142383061905949
-0.0365613257039528
0.0302942413646008
0.000306064898530245
0.00760731947304638
0.00658420464357046
0.00670960222602135
0.00423876227003728
-0.0120673738431913
0.00681064370736006
0.0156546568589457
-0.00589199688778241
0.0105966748296871
-0.0173957831749281
-0.0035916526701989
0.010408324097182
0.00249438909640687
-0.0459381472402893
0.0169448527064122
-0.0144003707692373
-0.00312267842578295
-0.0167038289307988
-0.00215459289252262
0.0203120889164721
-0.00727257353452626
0.00232919384936725
0.00688252448447768
0.0165220966085338
0.0104588692576884
0.0277587835008282
-0.00110232216275685
-0.000758139887123921
-0.00933874221929498
-0.0323449290814561
-0.0120323811979108
-0.00338750081077666
0.00155950277131023
-0.061338376510899
-0.0176531856311721
-0.0228608311536802
-0.00395369708285909
-0.0501003172009296
-0.00640203501521031
-0.0420023143989261
0.0108977005670976
0.0264441695123965
-0.00591695393877734
-0.0399234662489243
0.00475629834046742
0.00442604889279696
-0.0177034021367497
-0.00101795501544899
-0.0125980707981406
0.0254266757504182
-0.000710274214877682
-0.0322335497681703
-0.00829487788697447
0.0158354971818668
0.0180447561010229
0.00993768014014229
0.0031572405790814
0.00454843013360806
0.0160878422284365
0.000970939161192952
-0.0332814617033714
0.0169976320461549
0.0139440874948622
0.0263504638822059
-0.0171609565613271
-0.00145841450966788
-1.72242822404911e-05
0.0118151670927347
0.00659596577311694
-0.00821020700076547
0.00941028771741315
-0.0100427203194315
0.0108486690892697
-0.0340697130036771
0.00997309225199583
0.00681346594001742
0.0103041665986718
0.0176220635297963
-0.0196617508686878
0.0461223544670397
0.0133863915763728
0.0131359175170784
0.00732884355215302
0.0130369052881902
-0.0274847944064494
0.00107589331756297
0.00983378452797079
-0.00399424931627812
-0.00504227457776119
0.0068348132676106
-0.0103067395571064
-0.00245547736028651
-0.021635129143962
0.00768219175639406
0.00550388692570825
0.0305641409669826
-0.00798433202795445
0.00072623670175842
0.0114672399237858
0.0254136180659068
-0.0301302986993472
0.0145213204087984
-0.00609892542825352
0.0120148683266885
0.0175312185495251
-0.00872895185094169
0.0124167382361577
