0.000950541696047136
-0.00313922891972318
-0.00901212855389311
0.000244206907898281
0.00786677259377466
-0.00368662010422782
-0.0172804081254185
-0.00362584217400941
-0.0138017588273136
-0.0155318564691005
0.00655232946519169
0.00109645335859176
0.00330432127919922
-0.0265910916606111
0.00935651144102412
0.00177012665133214
-0.0119305947325818
0.00431867602135538
0.00529380111385391
0.0140636650374533
-0.00420008017434115
-0.00706748266583523
-0.00379360532994544
0.0197579092864701
0.00479115572505862
0.0039679069401386
-0.0311420352071048
0.0151763964961389
-0.0111836226599131
0.0114183555304201
-0.0249830940340279
-0.015031786004873
0.00636434933342578
0.00314029882900391
0.0162719621351357
-0.0073026455711549
0.0277631158474689
0.00179678775033798
-0.0107004840993614
-0.00140142050040759
-0.0142618499835347
0.00122007935722679
-0.0724492997426669
0.017840453434232
0.0197406916227851
0.00358659212816548
-0.00566429927646883
-0.00837869437934713
-0.0214666145366134
-0.013671805680332
-0.0121664102447996
-0.00722536564146226
0.00010884767187691
-0.00320629678570361
-0.0446473322691432
-0.0522941386427662
-0.00437318586443425
0.0223779551355783
-0.00139142962859395
0.00358575333758138
0.0290599574835615
0.018610487948572
-0.00494035483649991
0.00671053359999441
-0.00759814093203404
0.00255964274644049
-0.00759061827957641
-5.66836606046284e-05
0.00115586273070623
0.00193058756674702
-0.0150957223683617
-0.0395334813862562
0.00556276716569837
0.00309735977842784
0.0165316504894963
-0.0243333922674613
0.0317873410621381
0.022881239853338
0.00308782001526797
0.00717430504225547
-0.00891991637035838
0.00445765207995352
0.0106281444401324
-0.0105429264034809
0.011371688314417
-0.00956556260151298
0.00379065287840485
-0.0168968734010093
-0.0140293196282995
0.0148160959763362
-0.00423368629022169
0.0147043915016982
0.0101652067772922
0.00801914604020526
-0.026983531095806
-0.00500517003833489
-0.000216938382878951
-0.0135352931079844
0.0197695526280293
0.000586786180754473
-0.00221381060805381
0.00364006918119131
0.00248275595240677
0.0076967971942099
-0.00195275009820084
-0.0110381752029713
-0.0228607962748268
0.00186570124837404
0.0212707436880577
0.0257663746789822
-0.0212665141030668
-0.00250804186356546
0.00270037163523584
-0.00298535747673956
-0.01608631683093
0.0122797053007759
0.00484684277009917
0.0206761368677351
-0.00787470586410577
0.00174431065733449
-0.0110567701640465
-0.00787128512782864
-0.0241768647971252
-0.0107866628861264
0.00451338060655648
-0.0140150485408908
-0.0168201110081918
-0.0444639849345205
0.0131364563178369
-0.00547798720954407
0.0259873220446065
0.0235820626728882
-0.00362125724305784
-0.0198372244637635
0.0033872421989507
0.00409750034760781
-0.00187527626517903
-0.00938518854946757
0.00559077408306341
-0.00640323284852529
-0.00308688813319224
-0.00622881383747353
0.00790784802745681
-0.00357038676392962
-0.00794218842638594
-0.00551305536001268
-0.0164143885159942
-0.0103437483342932
0.0132874526327986
-0.0174909534098597
-0.00603145421068163
-0.00954942069151721
-0.00255374717727141
-0.00153576072282235
0.0034666753047552
0.0042562065043279
-0.00436996535060485
-0.0151957344203015
0.0214305651368609
0.00501756593552649
-0.00020243235825923
-0.0274407114497106
0.0150038215090218
0.0137326823445016
-0.0124066176439732
-0.00659797097299641
0.00758152542236035
-0.00144719600654164
-0.0135972056865652
0.000389568611891544
-0.00347700944674845
0.0284266395304584
0.0113315118224306
-0.0135326773743754
-0.00551835623230623
-0.00639028126415297
0.0135505309187536
0.00162079742825139
0.00690194285009027
-0.00970597656113581
-0.0124435573076029
-0.00849642600142797
0.0170234271718317
-0.0223923696560151
-0.00609820886235424
0.00165928614891975
-0.00779461984019991
-0.010592170209067
0.00235156204972098
0.00212154678734278
-0.0113457130865819
-0.00661833832080361
-0.00218005622628614
0.00933534494004862
-0.00402060436220686
-0.00590282748905668
0.00210509464522746
-0.00656701467530851
0.000132756747950769
-0.00380528967689542
-0.00619528505918754
-0.00755760488498103
0.00529457694332924
-0.00569958696573836
0.00406341625883733
0.0249157337307246
-0.00478843174207699
0.00484334251191054
0.00188704175532761
-0.0132579344049826
-0.0122615572547573
-0.000179215148335299
-0.00597032389214269
0.00148795043681904
0.0081045023452746
-0.00258531246755256
-0.017152786192661
0.00533263819962526
-0.00240379814841907
-0.0184944539450891
0.0109747623586283
0.00402580497098715
0.000655525711534377
0.00347018453042303
-0.00313631120761704
-0.00792057547587932
-0.00486485880290521
-0.00613524439098967
-0.00733844266936345
-0.0125663622771348
0.0132339189579995
-0.010363718459093
-0.00141272730215491
-0.00480667126138679
-0.00561177785241362
-0.00235955835510926
0.0270745487817314
0.0185228845386778
0.001698202366752
0.00175312149475304
-0.00842429944319889
-0.0064817898537668
-0.0100569297200193
0.0146356560087753
-0.00572689106027213
-7.96119253343441e-05
-0.000368942190842603
0.00466126749341811
0.0142986537987813
0.00174258818443529
-0.0133770305171816
-0.0138566220807506
0.00871643030102831
0.00247734852688053
0.0120483735671109
0.00845110835930396
0.0153709255992496
-0.00868620562688527
-0.00640200624825038
0.00931783559543087
0.0140140340358141
-0.0167578901082082
-0.000825695142322669
0.0119181878881416
-0.00404008664187483
0.013940165563985
0.0297870708605321
0.00502996556098578
0.0176764001801097
-0.0188595831179124
0.00184203572945285
-0.00140935295906774
0.00467243577485132
0.00989121345949373
-0.00737280467722146
0.0225272442185733
-0.00777779535996559
0.0295921289312349
-0.00665642578791026
-0.0126927559841665
-0.00903260489982438
-0.0195189429912084
-0.00524364043901659
-0.00234761406840489
0.0272496226897223
0.00194934642167555
0.0113597127484302
-0.00919971312185641
-0.00227233740401589
-0.010122010511382
-0.00352935618084738
0.0138854050863235
0.004997156156896
-0.00375012708087863
0.00826165837022863
-0.0067167126338783
0.00352107426665538
-0.019637452564093
-0.00376793796092434
0.00657817926841209
-0.00649023853364317
0.00950815419196283
-0.00524613882068348
-0.00932714629870812
-0.0092077417931653
0.0186461986876807
0.00147049939064492
0.00197321383587057
0.00135340884052315
0.0105524955898779
0.00309908003385084
-0.0208008342633903
-0.00817623481303276
0.00466291498495464
-0.00930180222151833
-0.0107621176827164
0.0132445165136206
-0.00341147646202522
0.0223000711446972
0.00412367577424622
0.0220161118387783
0.0130924080504664
0.000949374317415153
0.00116680564694294
-0.00455675057858929
0.0104474901640992
0.0292394232399684
0.0098688735257495
0.0181575255706328
0.0398749740014677
-0.010509615190204
0.00386245632821569
-0.00451062673226144
-0.0150490549423596
0.0169712416056094
0.0143368700418474
0.00681206474863094
0.0143065713796389
-0.00452709296685749
-0.000470643818153649
0.00339246554354999
-0.0144233091141446
-0.015765853338445
-0.00307304834361721
-0.00583049305442285
0.00859613257491487
-0.0211992144827895
-0.00658278709645033
-0.00680177808349902
-0.00499884795046057
0.0143459804967581
-0.0118692324451652
-0.00220594536244478
-0.00571642209187018
0.00484029458366786
0.0129626391668507
0.0019630775949282
0.0166489406179997
-0.00143311122241085
0.0217888489202713
0.0117109561547237
-0.00688060180626993
-0.00798760163117818
-0.00171142683229952
-0.00104018578193621
0.00132745017044211
-0.0696316243294899
-0.00589930954761275
-0.0187821781897233
-0.00484541283661555
0.0103564390610629
0.00241185974276226
-0.0125303336251217
-0.0029837620692541
0.00604987605369889
-0.0121965455604824
-0.00515296371186835
-0.0144588428452537
0.00522957300696891
0.00763381094673998
-0.00950135441611621
-0.0230756688387959
0.0221323336965908
0.0295314841010426
0.00554262241445014
0.00427465177864006
-0.00227878404028092
0.00065036314835587
-0.00296047892445483
0.0149787522284004
-0.0148477172009367
0.00169321426102487
0.00832800620541252
-0.0292893215518157
-0.00604619220573022
0.0190307270386201
0.0195182960205256
-0.00219473349548727
-0.00963538133069974
0.0189097125595574
0.0103180464498154
-0.00842122459845007
-0.00604990515322723
-0.00738338175905184
-0.0119105653411109
0.00225803234999189
0.00990818089589252
-0.003503250903935
-0.0172952996200875
-0.00420017470544742
0.0298698562963258
-0.00619818885318879
0.00782940735504689
-0.0066078496264308
0.00300364310024115
-0.019043838903283
0.00249234487783911
0.00682715082859953
-0.00329583085760987
0.00859586458112771
0.00010620272791706
-0.0109036668139406
0.0055679143767764
0.0119127071963552
0.00349215314900242
-0.00592917387630809
-0.00538332838876499
0.0031966463674995
-0.00250778039523825
-0.00388365849874983
-0.0182710477437471
-0.00779498957626457
0.0192169551654926
0.00723847533773503
-0.00268382244737131
-0.00537715226085411
0.00886103813838912
-0.000405390540675565
-0.00146383520725957
0.00074876202381402
-0.0132650614377814
-0.00344744073037928
-0.00341302569642399
-0.000732864871130223
0.0101264885719834
-0.0140552046706435
0.00856170211437646
-0.0183206531929896
-0.0137284283931354
-0.00798935341770335
0.00230647251572713
0.0112666123606819
0.00304511245118566
-0.0123315206429631
-0.00677003139951071
0.00225657193777784
-0.00112715176679856
0.0122409082937605
-0.0102663067574102
0.01200422757452
0.0116324396059855
0.00903784894233772
0.0241775821467445
-0.0136858960176838
-0.00759578014395546
0.0125089999541419
-0.00518150813117213
-0.00578533900644551
0.00355379599601569
0.00768926180861573
0.00652623617524606
0.00305773267754983
-0.00775318513327861
-0.0126149920868048
-0.00458659920058535
0.0113826649555613
0.0236369985993632
0.000961573419214767
0.00423302448941176
0.0037944916831476
0.0105759531241623
0.00645310424968137
-0.0118188435823476
0.00367654512135229
0.00834929749144142
-0.0146670891872585
0.00243944529299678
0.00150750707143876
0.00517734027820627
0.0107802011543146
0.0021351553555593
0.0107988497380684
0.00155187016856062
-0.00650184764968809
-0.00910796754353549
-0.00193119178521961
-0.00751964530911708
0.00506663194749568
0.0149626282888466
-0.0120053853807953
0.0180789215736556
-0.0164763706958109
-0.026438671582262
-0.0157531418731516
-0.00431090998387762
0.022452378642599
0.0114334496310788
-0.0235802251461799
-0.00321585050523332
0.0374381125095606
0.00347810943022919
-0.018077261074628
-0.0127619709749545
0.00562155580993751
-0.00685861853248615
-0.00481850399153538
0.0170221134688238
-0.0359592565845708
-0.00633875144347784
0.0192236576336238
-0.00225601476559056
-0.0174226728799984
-0.00683635305178809
0.0187269773554788
-0.00700532344844884
0.00672503240483113
0.0220321160155272
-0.0106303833255863
0.00127385972245886
-0.00715779518013959
-0.00751068583950265
-0.00897034674200858
0.0116730084067447
0.0060375335323295
0.00673982861838862
0.00510464877713024
-0.000135943861640175
0.025860176354723
0.00143920651090079
-0.0031633223577523
0.00434048991645053
-0.00378359496652858
-0.00850755162981276
-0.00942058733585238
-0.0182021003871435
-0.0132225961026791
0.0164603041512303
-0.0131946809260053
0.0233743385715646
0.00920612691182709
-0.0110363313342152
-0.000450957836923394
0.00169780710744805
-0.00510345746971463
-0.03034063389289
0.00387950482874344
0.00802812226811112
-0.017980808040114
0.009094841472435
0.00843319580375357
0.00122253849751264
-0.0120273215163242
-0.00062776258358932
-0.00149306346610079
0.000415985457597579
-0.00795436903924074
0.0110703250414201
-0.0107887461878289
0.0145103598389458
-0.00441651522358422
-0.00571156584424704
0.00815944010756708
-0.00176759470903609
0.00890349921750433
-0.0148435768584894
-0.0141202182872486
0.0073121275886423
0.008289239986081
-0.0176440561279461
0.0263965306007696
-0.00539451069201857
-0.00790101673488741
0.0180297935422642
-0.00938270497817695
-0.0057492773452581
0.00542701901004872
-0.0126820275420421
-0.00647274474830661
0.00695327556219527
0.00189028930649338
-0.00444163191784641
0.00179697857037353
-0.0102368211673887
0.00641033661391255
0.0053581718490614
-0.00403932286958386
0.000319293240750085
0.0137872395448748
-0.00330521478310297
-0.00221297885205529
5.6644584246035e-05
0.002412935596799
1.89784144288829e-06
-0.00232176281712748
0.00576637255721435
-0.00768158016960596
-0.000729034179753452
-0.00805472845120647
-0.00231696098312772
-0.00491976465277144
-0.015876852539543
-0.00544555116242273
-0.00227245985097291
0.00227421116633386
-0.0217930133353033
0.0091784120063827
-0.0135515661599641
0.00597821250689567
-0.00520959017142397
0.00394858897152495
-0.00523642250406309
0.00571608192497486
0.0155324920223323
-0.011608256899543
-0.00284124454872581
0.00828119387064974
-0.0101519785338722
-0.00213817656880488
0.00370491758642943
0.000967411349795277
0.00405821566422815
-0.0117140730921195
0.010163298658795
-0.0172450755827673
-0.00342967029383323
-0.0074157290267256
-0.0155767953208745
0.00370835306752948
0.00434169532334083
-0.00848954968382154
0.00301295721258876
0.00103709709940558
-0.0254847808308065
0.00300220550244235
-0.00233985782923485
0.00550699165199942
-0.0236812954360546
-0.00273633528225847
-0.00845381612238816
0.0155835342216402
-0.00288094336254652
-0.00530617582440884
-0.00837310706502858
0.0108954075058132
0.00265322913605393
-0.0054203505951973
0.00498266943453474
-0.0136295935398845
-0.00162535494499427
-0.013204807078379
0.0087296241353727
0.022843477372759
-0.0129785189964626
0.00183839432958499
0.00823604338123607
0.0129682397944035
0.0100591200095268
0.00149198641855897
0.0016141201784754
0.0134842374214941
-0.0199307370313693
0.0108285070218466
0.0142250605800764
0.00227695804219219
-0.0012719922213078
-0.003706644638237
0.00472069829483912
0.00476667512879247
0.00302923751434525
0.0166861187680312
-0.00836813737509656
0.000946865174478173
-0.0224850904605951
-0.0153197958641931
-0.00130757908233381
0.00163454821225506
0.0142651054154701
-0.00640593206314777
0.0077443297468196
-0.00429481774902407
-0.00618647855646981
0.00586553170951531
-0.00568571446064925
-0.00616813639311964
-0.0106253687890836
0.00261143631044836
0.00751017011445132
0.00172810483526686
-0.00557657775984044
0.00103827690958314
0.0114888126944575
-0.0144207844939352
-0.00612101382912189
-0.00367992688998919
-0.0113705036751623
-0.0125505494493923
0.0141767451239203
0.0176820569801943
-0.00838955207423631
-0.023477235409888
0.00484744002674087
-0.00188940358130596
-0.00698801998075438
-0.00299851148289187
0.00964997021757963
-0.0146522573491861
0.0147363302327068
0.0075459092760024
-0.00240526665034246
0.0189337426885032
-0.012457470888092
-0.0135954743236273
-0.00842581449384161
-0.00507579844828809
-0.014187645715344
-0.0187300827986596
-0.00877348946003154
0.0106602091698558
0.0154393811685147
-0.00370420122718218
-0.00778038199647568
-0.0117382419374092
-0.000936734525312399
-0.0247793599928019
-0.00305215157824024
-0.0102743503796274
-0.0146481356292865
0.0100515439293132
-0.023992658731862
0.0164700757844081
0.0218249907624648
-0.00176385001059876
-0.00991615219423037
0.00149096196533183
-0.00126545778136977
0.00965131793760277
-0.00840416234756325
0.00514783842967503
0.00978998764724204
0.0227049225234424
-0.00288556480418167
0.00249010642783198
0.015413988020057
-0.000404482754562396
0.0054446140145592
-0.00431891776048321
0.00836541294253434
0.0188813838559063
-0.0121955256449626
-0.00838159549854556
0.0215247462747907
-0.0102642561068529
-0.00145249848873474
-0.0023123497061297
0.0193588829484435
-0.000143391250630787
0.000452103722889508
-0.00523781406432655
0.00580620615497773
0.0105766135999117
0.00449321301027261
-0.000183106658352639
-0.00197916607703563
-0.000138244375447183
0.00930920015663683
0.00357342142038175
-0.00717080234710288
0.00274019011352333
-0.00963408816630085
0.0111492466691616
0.00192805183981637
-0.00920410672700944
0.0302765825758711
0.00606088944079874
0.023369162717334
-0.000434942250872039
0.00490706925234563
-0.005961015663285
0.00861059745315584
0.00131859494689568
0.00309045888373216
-0.00931319680553777
-0.00299376913312699
-0.00353087783634942
0.0111377695516333
-0.0241814602051535
0.00665939490762013
-0.0113416427359332
-0.00203257289307501
0.000601325823445187
0.00259858512706468
0.0193069923800582
0.00716814770999408
-0.0205361296995639
0.0144346978972019
0.00644105605667855
0.00626036812731723
0.00486758311522162
0.00501186432399359
-0.00353655622099414
0.000730242920756297
6.79842229920347e-05
-0.00125993607374575
0.00523945359047939
0.0107819389386694
0.00427387006740232
0.0084416983420863
-0.0170483722457615
-0.00917229404412279
-0.00317264894263203
0.000546237220975909
0.00282716975829134
-0.000349270242559152
-0.00298467181473017
0.0115352027669462
-0.0107441272885116
0.00946238826643664
0.00280701873523448
-0.0025034607095793
-0.016534683421193
-0.0102919785914639
-0.0248372674689437
-0.000695353975014967
-0.012974415921124
-0.00664051256844078
-0.0031071956084805
-0.0111085430229942
-0.00117822511547527
0.0015328705766211
-0.00341211766728589
-0.0186609346323467
-0.0175674021357353
-0.00864295316206753
0.000273031532362911
0.00596478458597849
0.015298505355982
-0.0070515211411446
-0.0197446671369588
0.0183689423050295
-0.0201982202584707
0.00402641142800175
0.0188733379806258
-0.00311842705831422
0.0158652082606097
0.0025830949333534
-0.0155112493528049
0.000517803739069844
-0.00935454163849081
-0.00801145145248694
-0.00328537204498636
0.00258186266488347
0.00746209235686135
0.00527546922918964
-0.00334219277008163
-0.028970844079425
0.00789448877905374
-0.0116255463619321
-0.0132622296866585
-0.00196721215684592
-0.0183482472753349
0.0133493272208807
-0.00719737386678609
0.0114873087611016
0.000147581305329103
-0.00430801761112276
-0.00969253320540053
0.0109763897816333
-0.0191303407622114
0.0110541296434301
-0.0195553476291392
-0.00598225907110139
0.00705912082387194
0.00971148226127228
0.00979536044791618
0.0101252852639262
0.02730065829905
0.000369261127652676
-0.00505490598347591
0.00838432745021866
-0.0104013517219927
-0.02733849535689
-0.00579647971712594
0.0155676368761823
0.000583051012092106
0.00646651123306974
0.0143128307318985
0.0081630629600995
-0.0126941901268696
0.0128991520302066
0.0142738047243598
0.0034552225332416
0.00675582479773329
-0.00193089978939409
-0.00107425018798368
0.0171097536860998
-0.0103011695589723
-0.0137589607728341
-0.00122421691863006
-0.00768701525070248
-0.00446040807278236
-0.00713277093190667
0.00663184923842652
-0.00509454143491661
-0.00822119145229649
-0.00534894957676846
-0.00210419011933305
0.0152669847358993
-0.00768601895123644
-0.0175799344203265
-0.000944957054584084
-0.00289592618605261
-0.016658997689587
-0.0116528661611408
0.00500575319200802
-0.00330383522771305
0.00108498384196842
-0.00954478770706357
-0.00467999544591757
-0.00925008291607732
-0.0127869219860699
-0.00374386112999003
0.000602116934629748
0.00159601033908885
0.00776540339383769
-0.0104787926278478
0.000804689509994461
0.00630789928179198
-0.00366818653678602
0.0266859309512801
0.0300575001340238
0.0377773256750009
-0.00115051602060356
0.0116184256474496
-0.0167196929020872
0.00508514960040962
-0.00824397361474682
0.00262289539489258
0.0020218792072515
0.00131520012206043
-0.00193085903097368
0.0105396950693577
-0.014498685497025
0.00480826150228042
0.0210560971213232
-0.0101334651100919
-0.0240997589521075
-0.00078035614944949
-0.0160685163079282
0.00915035935882091
-0.00352357313936169
0.00725277909718991
-0.0104324894254411
0.0163470382562714
0.00530971848386419
-0.0158995680432128
-0.0137761954794535
-0.00235126997919233
0.00544777071079627
-0.0210343638320474
-0.00817303920446899
0.00952466375150518
-0.00686481442078968
-0.00850437814506488
0.0123415038565966
0.00272223223991297
-0.00878314230964117
-0.00134527575485999
-0.00236168067867659
-0.00867533150204669
-0.00122541668896514
0.0190012217953777
-0.0168627766733038
0.00692128797767366
0.0173456095579403
0.00678882283032078
0.00395965088338457
0.0123547728182731
0.0127909030336502
0.0137188564731203
0.000251829388355995
0.0168874836870998
0.0127013594946017
-0.00239199275950819
-0.000474325489099758
0.00858862192143062
0.00128346588039085
0.00390229768891315
0.00713478162600611
0.0094823862518385
-0.0125317258229312
-0.00145289957586092
0.0188115490497625
0.000143250459166744
0.0416170562365563
0.0102634989145585
0.00131745981069997
9.31942759856419e-05
0.00987684628302166
3.25885703356121e-05
0.00144653321465982
-0.00111907335363237
-0.00500289152283306
0.00863303814900762
0.0132392320906116
0.00217369683649005
0.0053669460828234
-0.00288875750178819
-0.00820543333171297
0.00974857584236655
0.00414842734051146
-0.00304815335172659
-0.00250463599401751
-0.00486098570127202
-0.000496205816220563
-0.00709945628419795
0.0127062710025245
0.0143286856628588
0.00371389449536697
0.000972680110099322
-0.0082809184256698
-0.0131594338357339
0.0103480605435198
-0.00837474251882941
0.0123611621987505
-0.000692171597015401
0.0126770338242193
0.00312143904700157
-0.00642032658219316
-0.00381592568436528
-0.00922767681269043
0.0139479407318288
-0.00505505198898781
0.0106991783724444
0.0187427936596409
0.017988065880292
0.00248752974707789
-0.00262821915413447
0.00968428148572897
0.0222383996806288
-0.0149674197565655
-0.0194530546327616
-0.00614185613171236
-0.0114293109084711
0.000105182974340812
-0.012257226915338
0.00179198751336784
-0.000341841503948448
-0.012161468887834
0.00370131625083658
0.0158331381248147
0.0129669628143678
0.0027092755746998
0.0132970405088244
-0.00661155909750799
-0.00700695539856544
0.00642848016719078
-0.000512328459739253
-0.010787233313114
-0.00762237258563769
-0.00681543022181352
0.00256138256182958
0.00391010220757404
0.0107583236852387
-0.00825105909799273
0.000797801965007228
0.0108669931798453
0.0124779380622833
0.00923949715592909
-0.00422419536120233
0.00136601637821254
0.00118519275728413
0.0146166220133004
-0.0182766816334332
-0.0116760314940079
-0.0112261876740058
0.0068658399021353
-0.00474221114865037
-0.00439968562063364
-0.00703066794990814
0.00677517216014167
-0.00375550786341972
0.00891701440133685
0.00468185585428005
0.00468496272912322
-0.0114076076445087
-0.00464437911699944
0.000759687173303991
-0.00206259453451052
-0.0206243298750084
0.00903853040721248
0.00479966984136371
-0.00322316727447758
-0.0359767345499755
-0.00670242352876094
-0.0100164929681652
-0.0115368742874939
0.0103327777323075
-0.0206405222818389
-0.00285943224107976
-0.0153080293514263
-0.00927042539065037
-0.0134040978982406
0.00951550669910595
-0.000580415647793764
-0.00604574384330636
0.00583759920038007
-0.0173436634477933
0.00542138992473773
-0.00147601221025551
-0.00732299335943321
0.0110471258524745
0.0101151512037141
-0.0261010115382816
-0.0115452153421349
0.00113246368098396
0.00807551090435199
0.00354529481713195
-0.00509002353611265
-0.00391624655649436
-0.0114209148454305
-0.0127307968267198
-0.00194300922491175
-0.00772566837945132
0.0089242237652738
-0.00914275847710311
0.0103719526019099
0.0119503297249106
0.00678516793167372
0.0109191979944756
-0.00305380307809577
-0.0066820625975661
0.0140265944308839
0.018726063339539
-0.00832318842793778
-0.0107859574187481
-0.0126927757423168
-0.000958141311464766
0.0134827758213141
-0.0108112974454411
0.000563967882462268
-0.00377023539910915
0.007327465630939
0.00950100258194064
0.00479494892872445
0.00128045742594285
0.0118452497645727
-0.00113857306033527
-0.00586577613598349
0.00152404242619575
-0.00674393994160583
-0.0170201220157844
-0.0120151762906682
-0.00141435376929033
0.00360028792297351
0.00135072721109997
-0.00607386141052935
-0.00177677041685054
-0.0174046949780235
1.1700705805584e-05
-0.00348845720360802
0.00192228042023546
-0.0119955077496554
0.0174278222215225
-0.00825162572254223
-0.00653368270700794
-0.00662466780962845
-0.00831320183035267
0.012732319377724
0.0144069538414371
0.012693454118105
0.000969624126128998
-0.00344340754277717
-0.00756865358420855
0.0050557735709722
0.00240188376716599
0.0101718048132329
0.0128401339207009
-0.0133710941543421
0.00223772216347928
-0.00316472338815554
-0.00957828795858662
-0.0168029836389865
0.0119675895068352
-0.00620844321222025
0.00483487115327375
0.00627247845660461
-0.0222444038554737
0.0104907593581502
0.0119666941345538
0.0188256046966291
0.000763257120095062
0.0115399817666519
0.0018506903882487
-0.0155864279755331
0.00288717775553904
-0.000865375572342675
-0.00133714191408218
-0.000268807501043744
0.00642884119911868
0.00518125778236733
-0.0137850113869289
-0.0038130836112833
0.00419699157682896
0.0108763532469995
-0.0161792139378805
0.0225820758013799
-0.00495856540050932
0.0108852057004194
0.00925360831015221
-0.00721156044254867
-0.00746562389310323
-0.0159802203820911
0.0245310270080554
-0.0110270474274821
0.00284020573368027
-0.00124204321120502
0.00662381682711866
0.000365010050882963
-0.00326954816390201
0.00901606200699545
-0.0112648566602624
0.0196374257112866
0.0176384235850642
-0.0289638271506223
0.00808901864510991
-0.0110934785341583
-0.0106954519923321
0.00460596811669411
0.010300635248903
-0.00847846891154025
-0.00945642282586068
-0.00841489718398014
-1.39869170916462e-05
0.000423296226396808
-0.00661066946281164
-0.00151581543886259
-0.00258514458107939
0.0129171087974942
-0.0149684097648008
-0.00824848168506653
0.00556484781792732
0.00478677409537309
-0.00184805003052135
-0.000393497581296032
0.00334764694826695
0.00257693565948114
0.00135310574897285
0.00655305419678709
0.0011303818821029
-0.00107456507369763
-0.0352962682419697
0.013974576671117
0.00593808734028478
-0.0010345606408968
0.0133038933666112
0.0155819707161935
0.0105452948816851
0.00178026382424901
0.0129809230140345
-0.00447417982579879
-0.00722029519102696
0.00816411542509243
0.00526986972631338
-0.00534753608393412
-0.00322477644898345
-0.0349210852224622
-0.0174937982044596
5.95276734909334e-05
0.00752128303472865
0.000747975774654241
0.00170597705318132
0.00162222674311563
-0.0108032135067666
0.00498959402850341
-0.00821249755499354
0.00523947932450319
0.00576310292712523
0.0242600323329989
-0.0209736548319421
-0.00128223659433968
-0.00508416143521551
-0.00703005113568311
-0.00149694618895468
-0.0110694574178178
-0.00169785022179436
-0.00832552813727205
-0.0142294075535498
-0.000171750952255634
0.0201609987494835
0.0058783222776817
0.0072971251375149
0.0104850641856855
-0.00771177035843973
0.00826671748854757
0.00783704865162638
-0.00673483684486698
-0.00288847352883548
-0.00601327202291047
0.0230423325362403
0.00327339396912629
-0.0145096043468269
-0.0099957197057674
0.0104854769871783
-0.00133389368287951
0.000496607362928447
-0.00490143930017339
-0.000412696064656881
0.00675767332785249
0.0111067211752169
-0.0167488707351184
0.00818054412057978
-0.00241544938450033
0.00304836560175947
-0.0077823685857461
-0.0152873437440986
0.013700003675045
-0.0138500584147907
-0.0125078707993542
0.0145196833781458
-0.0090578190640529
0.00236599364441714
0.00370272648045766
-0.012066430433525
0.00700246566282026
0.026779283106185
0.00473323597726383
0.00653801057459535
-0.00263067322754829
0.00857579204809822
0.0196586277010846
0.0116540372188494
-0.00714854090176398
-0.0154532518609585
0.0109817090699122
0.00574059608319288
-0.00254657480412979
-0.00448490030415094
-0.00323722407821547
-0.0091450511250728
-0.0116540359220596
0.00270412304974199
0.00529436637682834
0.0155395137408783
-0.00746242908847838
-0.01455970991849
-0.000772651564089344
0.000541524148794714
-0.00414964963632736
0.00203351434772681
0.00592452866397153
0.0172169860165092
0.00644983495880824
0.0022056960492951
0.00781097667706332
-0.00436271660363552
0.00276502891097485
-0.0122371775391183
0.00935450992742015
0.00796721167777159
-0.00402692462102938
-0.00205335092406145
0.0211915513889549
-0.00231378074229194
0.00461035007939792
0.00668746890521499
0.0121611508264776
0.00801400952295839
-0.0128295320266514
0.000648521381220402
-0.00161815732633852
-0.00733882423059917
0.00882624147872679
-0.0079201653586527
0.0117584396918542
0.0106671789375601
0.0243059491935746
0.00559026385428663
-0.00204128614714749
0.0130386338670008
0.000646091276664595
-0.00736481290582724
0.00123049859537128
-0.0248236080705548
0.014735126284168
-0.021179099481468
0.00948776604224277
0.00221681853577183
-0.00843925569893944
0.000152837203513556
-0.0015738307963804
0.00137364101293613
-0.0106600076789873
0.0196227251213994
0.0168385547520109
0.00688642968617192
0.0249387132380592
0.00515904252774613
0.00505043874473921
-0.00496260099394563
0.0171465115981937
-0.00576251821864138
-0.0188308931923733
-0.00261621716418547
0.00745229322021301
0.0254260929829315
-0.000700669023682821
0.00311251112439992
0.00419194492838604
-0.00930746646059077
-0.0166462008402153
-0.00981486811262511
0.0128738085374946
-0.0095979609552066
-0.0152700848231553
0.00592185512660093
-0.0132915016076554
-0.00837278788867502
-0.00928856468132588
-0.0122823283099316
0.0142467306383909
0.00510976435891819
0.0137282881033831
-0.00223104131085483
0.00383051814150415
-0.0192986598021647
-0.00260136879209227
0.00129458107604319
-0.0129545226128045
-0.0138085678540036
0.0188704064621426
-0.0176264207190182
0.00788784928649444
0.00143246737752278
-0.00514471710934128
0.00293919901549788
0.00342317223402233
0.0178729925379515
-0.00688465993800969
0.00638228690780052
0.0181983993459021
-0.0106352894000838
-0.000440161848387355
-0.00537725172861592
-0.00551763663318816
0.00550417652084456
0.00756049036060413
-0.00188802372610319
-0.00514583904099153
-0.00393972866993719
0.00744850186221502
0.00385051750869958
0.0154508843347327
0.00296352392934418
0.00570745544604878
0.00280268718062482
-0.0119189881989936
-0.00271668047462126
-0.0162394766362632
0.0123325341109766
-0.00831918751726857
0.0029638866705346
0.00716423641967401
-0.00532681841710048
0.00742922584579708
-0.0125903909091636
-0.00309763380638284
-0.0046968757134267
-0.00565324045090776
0.0108596467605464
-0.004772738411849
0.000246775724740411
0.00948513173694088
-0.0146029496973932
-0.00250773184242004
-0.00655751329188758
0.00232199302027003
0.0199511677573256
-0.00592679251366324
0.000600431062952378
-0.00189456576674729
0.0104876688565301
-0.00385038875184951
-0.00108726898703271
-0.0011828585439575
-0.00545708211272133
0.0110888360390449
-0.0129857649542517
-0.00672752153917155
-0.00229620713887968
-0.00642077369151073
0.000832109221344135
0.013539089874665
0.00147585417295115
-0.00434433595766714
-0.00296112830472128
0.0276783004884391
-0.0111823710440482
-0.00873817713956115
-0.00133932595020458
-0.00679071857183988
0.0112955894210782
0.0061532363288177
0.00597024686656722
0.00490300706667179
-0.0017185263585715
0.0143695527336209
0.00481015627961034
-0.00816944094412175
-0.00345070744742149
0.0063391973391822
-0.00864928039129187
-0.00251306198926637
-0.00837239865636907
0.0020580535722079
0.0245050115263905
-0.000597269087811991
-0.015309196931161
-0.00380709744575358
0.00989492898919497
-0.0036413115713938
0.00672977723121337
0.00512980946925223
0.0184170302968534
-0.00249326913902315
-0.00643705540129447
0.0166503476964075
-0.011302013632307
0.0162086707618472
-0.0173137337113456
0.00081846037295441
-0.00137678608921665
-0.00538759182405979
-0.0065308861389175
-0.00615467013717863
-0.0175012749005339
-0.0204053695109943
0.00598565839597542
-0.00370634103399214
-0.00378582437242914
-0.0215533472311058
-0.0174670692661216
0.0021721933744363
0.00813586775261532
-0.000991847390677369
0.0181091175809325
0.025003951342214
0.0197525872118995
-0.0228964981614372
-0.000940350099607246
0.00201208186254664
0.0199156829473133
0.00467803172863079
0.0104515184606664
-0.00603562643984334
0.0141197520474472
-0.00704794513810603
0.000523233596048556
0.00320804620124493
0.00290712578841035
0.000181440961046331
-0.0136258732307981
0.00515712278251845
0.00774477152827524
0.0133181882079922
0.00929582106108051
-0.00531263731631748
0.00457596310476416
0.00753167361661022
-0.000163465716892297
-0.0104762454987299
0.00449021300918151
-0.0098095685003774
0.00787479229048071
-0.00366102922644451
-0.0074216884335947
0.0122223753922792
-0.0151963433693454
0.00669984347107189
0.000401731987200948
-0.0130788092956173
0.000339900699237727
-0.019833369655577
-0.00643724940481705
-0.0102997092619621
-0.00434358966107551
0.0149151392710558
0.00392506771283507
0.0230800985522346
0.0157885114567682
-0.00337133761333508
0.0166928337421375
-0.00981440133976008
-0.0058204289481536
-9.58624686449028e-05
0.00424609852731228
-0.00260219671856743
-0.00677079336415876
0.0071950074220748
-0.00192873273801641
0.000983798264799773
0.0116005675302879
0.0126075148231937
-0.0140104855271945
-0.0117891228330416
0.00155036940421027
-0.0167900593129513
0.00927628416851922
-0.0136584579103156
0.00116516585289173
-0.00378029322704876
-0.0044400428846707
0.0203784149256219
-0.00322671910798489
-0.00914607266291712
-0.0105387649283819
0.0161737167889409
-0.0255113155209696
0.00535882703319812
-0.000794000644776194
-0.0150686818821419
-0.0291743927205177
0.00833423937405953
-0.00412420504497191
-0.00471910328689518
-0.0144586446132238
0.015296590993517
0.0049245111433851
0.00429434926505246
-0.00852682692145201
-0.00274500670482958
0.0212207607723052
-0.0290310177203026
-0.000775612608495457
-0.0231491357812825
0.0131709117908501
-0.0191788433433924
-0.00387348558179967
0.0118200571144016
-0.00734898602638978
0.00436788912798436
-0.0128337857254754
-0.00587595929460538
0.0163204701626554
0.0288340978665471
0.00427634089018403
0.0125736898443229
5.30457159708675e-06
0.00197372268266194
-0.0223437737792977
-0.00366771379268882
-0.00717651856605417
-0.00146048408712707
-0.00696954947074646
0.00569222411027681
0.000700097814957612
0.029538939758903
0.0281198885128919
-0.000286464904390771
0.00210004536305797
-0.00374975121776044
0.00775545166051073
-0.0100463979666754
0.00375998255859056
-0.00142792572618644
0.0109007143411288
0.0130610561024387
0.0117488109202646
0.0161374235092278
-0.0205155587940578
-0.0137317047351053
0.0165976959664242
-0.0128081898770249
-0.0075635793174329
0.00419646246796623
0.0131287575713308
-0.00546427649538095
0.0152795237455805
0.00728608269553432
-0.0217545816336773
0.00894355284040449
0.0144779574304557
-0.0053921501655263
-0.00535612875093694
-0.00383400278545576
0.0114892207126251
-0.0086993071273942
-0.00419699773847304
0.00656832898526916
-0.00641323867786348
-0.0149630950097568
0.00266708184091069
-0.010893454923264
0.00820852890811818
0.00114627725331751
-0.0116368789668992
-0.0041340481984824
-0.0180141083172636
-0.0197503200843607
0.00869455864025515
0.0076998964612347
-0.00999431564000264
-0.02677409243272
-0.0107486892814188
-0.0126664571208939
0.00388409108988652
0.00278423993502774
-0.00316823289883672
0.0246569457910961
-0.00702117759233056
-0.014953899979641
-0.0224643854688944
0.0103069249238592
0.000279052135186308
0.00366342711938739
-0.000551993173401932
0.0196346942393688
-0.00989244362171959
-0.00148293265204824
-0.00976402034256796
0.0165309564869212
-0.0153613051025052
-0.00968698759124509
0.0132428335323771
-0.00196516923180035
-0.00602102137667981
-0.0145242546357447
-0.00711194679560112
-0.00685640925256092
0.0015945644191695
0.0112122727455577
-0.0183977303934488
0.0102865933112832
0.0101324633101278
-0.00335132184371467
0.000199591049714787
-0.00941139461766927
-0.00761072094646242
-0.0126171682115319
-0.0108589835058934
-0.00450445826648771
0.0100120727815716
0.00348636911677236
0.00557768001535885
0.002462300525506
-0.00500442063936801
-0.00278114878130387
-0.00466405761853972
0.00690211533563079
0.00220208272611111
-0.00610074698342622
0.00659282321918764
-0.00302259820540196
0.0126797137444687
-0.00531399142890354
0.0270122212484187
-0.00885044818744385
0.00945073796019402
-0.00870925917465626
0.0171845920108755
-0.00979887886880282
-0.000129925763445726
-0.00489348939336431
0.000862746394664882
-0.00741869799435713
0.0235015370926177
0.00451860458490616
0.0111534083677096
0.0111686757805998
-0.00627075420511414
0.0038833895298549
-0.00601926367678152
-0.000396389026057209
-0.00638322306255557
0.00877199430882469
0.0198357451358873
0.000934805405898409
0.00688991369328718
0.00631451845774555
-0.00853272152313522
-0.00417818929017288
-0.00196009193819457
0.00970289901453381
-0.00461569037011045
0.00956710323093102
-0.00634312423708172
-0.00419636122593747
-0.00410487815373606
0.0141369169576202
0.0183682985401747
0.00224795524940791
0.000818820431384149
0.00562473255993856
-0.00855259279081277
0.00140971270834545
-0.00897235868693991
0.0121598831878522
-0.00152113145601041
-0.0127348235578086
0.00670795145577863
0.00206443694819347
-0.00254632724889992
-0.0031891412563767
-0.00269055171993005
0.00426849889053416
0.00243166187034571
-0.00092846633891952
0.0120924739283783
0.00256583967659263
-0.00936004166928517
0.0108935746453747
-0.0130450200912953
-0.0131639690424683
-0.00334803009182139
-0.0276625286163434
-0.00404548984750486
0.0218743369849794
-0.00270797482109875
-0.0151821613842815
0.00812837245713727
-0.00734202491606961
0.00390565688138955
0.00238065698073764
-0.00270593341978831
0.00588955889078502
0.0161448710830943
-0.00196418496109296
0.00855653738888984
0.0127655857033251
-0.00148300358851627
-0.0116542512014837
-0.00222879952964616
-0.0122164147293957
0.0154579869060396
-0.00245962499702679
-0.00505607132181796
0.00606993439616277
-0.00868743821376117
0.0069292588275478
-0.0127861811540499
-0.00127520584529384
-0.0133311570076733
0.0165579904129181
0.0127705740966015
-0.0122915442050557
-0.00478049256742485
-0.00726857964576588
-0.00391562686903102
0.0108343926719614
-0.00213611912893596
-0.00931111938281526
-0.0120824955105074
-0.0125670887578775
-0.000545656926568494
-0.00567080542304765
0.00154647111655892
0.0103905605222212
-0.00417713923125174
0.0023506882449924
0.0218438557975582
0.0175488052250967
-0.00817939551079538
-0.00454179645979624
0.000581803213163035
0.0237938527648869
0.000180967052870074
0.0191059955927491
0.00760398313343824
-0.00627258596714464
-0.00561788250815076
0.00262174079406985
0.00336001673204445
0.00414296087030186
-0.0124547538706561
0.0246311468314926
0.00769085060062791
-0.02450567810962
0.0115365499956184
-0.00529298753069818
-0.0164707776176796
-0.0276994318352284
-0.00560901380307532
-0.0358102197097159
0.0121404348977954
-0.000245609293590299
0.00620962831845517
-0.00303807707062576
-0.00351382543610645
0.0177232096920834
0.00922197399107505
-0.0134041234711848
0.00695997773522405
-0.0091947093125766
0.00490935519352464
0.00247443274743242
-0.0153583394538699
0.0179712412480704
0.01095897592268
0.00733027859712365
0.00585783441266208
0.00636818991056587
-0.00355641001716434
-0.00697013357659104
-0.000450378431432252
0.00928401087849062
0.00547438759099195
0.0042664892798443
-0.00258420221141842
0.00286506343909476
0.000521511946295128
0.00484470225705391
-0.00468157100878686
-0.0110824344662046
-0.0204268826375535
-0.0143550447850818
0.00550500852763425
-0.00580355018124479
-0.00823902914455887
0.00182618195967787
0.00563318097546195
-0.00681515875306715
-0.000828299570877711
0.0130413713411777
-0.0143473185739837
-0.007074209063755
-0.00546546521961666
0.0329978389265435
-0.0137810969278531
0.00449845710431451
-0.0148570674266046
-0.0138652414188092
-0.014710889241929
0.00631734628051173
0.0179225640000613
-0.00394923748050857
-0.00580332774137293
0.00938144650403294
-0.0179567344873455
-0.0043111291139013
0.00617829217340837
-0.00719863376710861
-0.0174934296652556
-0.0128939070912315
5.28490723850084e-05
-0.00143223082552679
-0.00508042027734357
-0.00644414987992992
-0.00317373863886061
-0.0129620780588922
0.0159409536015507
0.00674018668639853
-0.0022503110051737
-0.00869398661239118
-0.0114183784886523
0.00274893747851301
0.0257988890277883
0.022569028847236
0.00468878090341485
0.00988462650674204
0.00882311103534672
-0.00703590845899971
0.00126134701770608
-0.0378719091969404
0.00822703908588718
-0.0287300888203488
-0.00317338606689832
0.00807780523362767
0.00768367074665699
0.0115060581691921
-0.00259761866641317
0.0111706293516225
0.00607372784083848
0.0123457325644258
0.00440761800307543
-0.0157451134948943
-0.00427669189395452
0.00241535769967993
-0.00230732124007904
-0.00385641657590652
0.00295141357061302
-0.013886115740416
-0.00577236059120922
-0.0126116411797623
-0.00612378997046514
-0.00560200528452937
0.00168584963748897
-0.0092146682072487
0.00720251431722718
-0.0136097671980866
-0.0230555534637737
-0.00348622850729208
-0.0189984269500374
-0.024205844186981
-0.00778864201314322
0.00896854040932116
-0.00390191825529485
-0.00307341485663781
0.00623191761097863
0.0148347382804084
0.0108688070107068
0.00288021123238713
-0.00745521588225562
-0.00118780464572543
-0.000736676501906119
-0.0117417396634649
0.00805414151592299
-0.0127235501059932
-0.0154543377366705
0.0114835182410622
-0.0104329328903847
-0.00711802241657988
0.0119609982519542
0.00789980512033073
-0.0131272685744439
-0.00170372870899627
0.0293738482400925
0.0108625646777134
-0.0159306328507762
0.00152854265736702
0.00374828143124462
