-0.00315028039051835
0.00367039631524602
-0.00854210106497444
-0.0110847262415259
0.00684595343377525
0.00373153769805645
-0.00797161824996961
-0.00833247400663661
0.000649349676828281
0.00194571604738036
0.0042169012627804
0.000799507806494182
-0.000232061976169762
0.00660937251911897
0.00401991726004214
-0.0223357091028098
0.00987587643523002
-0.00459130402864938
-0.0123829878701955
-0.0114554248721477
0.0234469249791296
0.0173360223340815
0.0165296539145763
0.0192786162504717
-0.0119119699726269
0.00392120859738854
0.00437381650587931
-0.00831519944044001
-0.00461643294501912
0.0196252040133067
-0.0156054608144305
-0.0066244265126294
0.0125186187360635
-0.00453656379424805
-0.0224286381977232
0.00340950835750164
-0.00108004715634991
0.00579594781206727
-0.000363392772897431
-0.000839586465849917
0.00890791899233645
-0.0171447101439934
0.00772272541767194
-0.000305144452302342
0.0015756594268268
-0.000329529328844558
0.0204799174165822
0.012617994019976
-0.00427316773224762
-0.00234275547577134
0.0165201508643669
-0.00199267916653412
-0.00215501091716286
-0.00371800706514991
-0.0054909291823988
0.0153929068144654
-0.00968875423905735
-0.0018699421494639
-0.00336135188461739
-0.0086937841245287
0.00118080040476176
-0.0146545556630748
0.0106986821402666
0.010816126852117
-0.0168652157792002
0.00955321966695033
0.00311385855710711
-0.0144481934567973
0.000416479566700767
-0.0091678984424548
0.0132589629631976
0.00788236791283592
0.00954587135491369
-0.00493684799940786
-0.00241222736587177
0.0216536425048266
0.00430299406272194
-6.88164041373618e-06
0.0223629746480349
-0.00498723498164044
0.0128004417712066
-0.00135800067700598
-0.0288701080334115
-0.00807100192145715
-0.00677395562333039
-0.000854609304874021
-0.00942760906082962
-0.00269937400989684
-0.00364707160916566
-0.00646571656106598
-0.0128255147004948
-0.0127664172155737
0.00238469951150777
-0.0216372170169081
-0.00175484533784598
-0.00329959851575512
-0.000837853084114881
-0.00996873147454269
-0.00193145221538349
0.00843335329623462
-0.00364701988222604
0.00873556414002818
0.00053205559867453
0.00525750890852184
0.00708025658959111
-0.0129958525586036
-0.0068032887886238
-0.00327109667703507
0.00611437736193232
0.00213640548019955
0.0066938825320253
0.00127045515664581
-0.00506596627857836
0.0208057898820051
-0.0054202822603564
0.0143031453218543
0.0134989327598187
-0.0023418289211532
0.00668504205569387
0.0073804642516615
-0.0129242570556574
-0.0110064897720292
-0.00294618663385582
0.0213618861030527
-0.00291015431466124
-0.000445499908735769
-0.00948033757084521
-0.0015468708317854
-0.00650999442784084
-0.000420422800490261
0.00625029074708716
0.00122319614018052
3.49710564013783e-05
-0.0107078096278785
0.0113176067627705
0.0030501899860842
-0.00326478718969625
0.0077986646753101
0.00561173867894027
-0.0193655972878033
-0.0151042262103585
0.010656755282143
-0.000777402094490398
-0.0295643147807281
0.0186785181138924
0.0263954339250811
-0.00819607569218039
0.00134940593482513
0.00689661089915905
0.0142845970103236
-0.0111091714483791
0.00679125298227001
-0.00994538359317421
0.0145170671891512
0.00338629129239165
-0.00135384144420292
-0.0165274916822713
0.0088703901876368
0.00630908813522857
0.000260478975502076
0.00928799063843844
0.0239891904305043
-0.0141603002716437
-0.0110873529690736
0.00517988615805964
0.0139742087641404
-0.000270604470720581
0.00228048469189535
0.0128814684793872
0.00154093820733148
0.00557977091616468
-0.0110835633325521
-0.000672273512900556
0.00665254958014616
-0.062589872723692
0.0147715438789675
-0.0110922231100472
0.00477985612343423
0.00435624654831868
0.00957161836202869
-0.0108123683426675
-0.00404444558403827
-0.00286146825854128
-0.00793015470264735
0.0050677892986668
0.00767118878234263
0.00198134994259136
0.00770662065112471
-0.0206013744811142
0.012568211691705
-0.00357278874799682
-0.010681543055558
0.000310401613301758
-0.00834771924605548
-0.00646704492043315
-0.00244170180620396
0.00501599262809549
0.000880701442553367
-0.00639815331346449
-0.00706620631786126
0.00881983558484056
0.00250850357568488
0.0153088815187903
0.0164728570529264
-0.00604184939256558
0.00353194794067324
-0.00668821195077562
-0.00326817828395054
-0.000950498395358101
-0.0118820821944727
-0.00346528571240978
0.01044541464525
-0.0276954612672298
0.0237033919671197
0.0154304168625123
0.00619405678728668
-0.0163568052707417
-0.00200012845727726
-0.0115593652365162
-0.0068401336875441
6.26276691537697e-05
0.00162126854110189
0.00737132482523584
-0.0171498487866111
-0.0114576460759337
-0.00688051357760089
-0.016008388738914
-0.000171321553225745
-0.00109115195051213
0.0248568114291721
0.0030161610119579
-0.00178552991194936
-0.00567336091659043
-0.0192749134667949
0.00518191873384533
-0.00900726696010135
-0.009697972065142
-0.00714095604910892
-0.0150158157753078
-0.00431705799210147
0.00341908019739412
0.00577397131323321
0.00168416812051997
-0.00267072221734099
-0.00579402937458595
-0.00550592101184089
-0.0068884624144856
0.0038462424100556
0.0249473896792667
-0.0339347556355063
-0.0078423819685538
-0.00938003126016973
-0.0120934949673042
0.00215048160037945
0.00580520587926392
0.0158311570680163
0.00699258798541269
0.0011824317839022
0.00268565308251589
-0.00564134771641522
0.0020497940214963
0.0200411032712267
-0.00556297388166449
-0.00381123792613858
-0.00391830472832644
-0.0154702879529502
-0.00392414718299716
-0.0112319304232382
-0.0112288338816131
0.00959816671425018
-0.010487003249634
-0.0142007586301673
-0.0114244149138514
-0.00411707801457073
0.00886662134391303
0.00203686330651132
-0.00251019277484454
0.00992587731497374
0.00852767082921191
-0.00197404897021802
-0.0189346601818967
-0.0123092988384035
0.00974755129664895
0.00497718269806624
0.0103941624214421
-0.0117349421407307
-0.00988761419110173
0.0192971354459153
-0.0110424470769079
0.011883526325883
-0.00683633380462512
0.00349661535856916
-0.00703729596733971
0.00885832816787668
-0.00296403563717185
0.0215164217714428
0.0392698229000248
-0.0123038328751623
-0.0204609833395981
-0.00576504309692538
-0.00197570328354346
0.0133330205363056
-0.0212649483287497
0.00622997836893369
0.00227185179603628
-0.00533082604266943
-0.00441565782008024
-0.0047275563604996
0.0134701821065726
0.0111771167479497
-0.007315794476908
-0.0147624342381463
0.000239255748388789
-0.00349367509178644
-0.00203416708945814
-0.000380276220555587
0.0195219164755349
0.0282148268065363
-0.0117806747895786
0.0295211058244713
-0.00775321207204072
-0.00287791801026249
-0.000410130931126185
0.00714932845713423
-0.0156462753724937
0.00358701884708079
-0.00630877295793342
0.00332552366952532
0.000645406266541304
0.00938342688811011
-0.00424289613203355
0.00286696485837545
-0.0127192263451401
-0.0103806866405853
0.0214044666532469
-0.00135932587279664
0.00611782943882577
0.00211807635935224
0.00364507737752096
0.0107213889158608
0.022041889312679
-0.00919775745144902
-0.0172425132982508
0.000970218355812902
-0.00888989860431022
-0.0159514884897671
0.0104653802103121
0.0135556152983689
-0.00133973959684619
0.00696491280231015
0.0209665544879043
0.00327714780246224
0.0294676601143529
0.0030179227410172
-0.0103488948178876
-0.0216758019484928
0.0089427574103953
-0.00276503711501497
0.0181521514469862
-0.00768412168452559
0.0165662049599424
0.00565012845782209
0.0180566662393113
-0.00529441959776822
-0.00738504743006652
0.0121104091772124
-0.0057103878944591
0.00256535998847518
-0.00999345343417968
0.00237386618977165
-0.00375630597243659
0.023945332909094
-0.000835751971931975
-0.00877311336583286
0.0122085713458071
0.0115773773182644
0.00786561344986025
-0.0202656963530077
0.00247057928468331
0.00132841600773137
0.000169654034245736
-0.00655830052718431
0.00300916919685634
-0.0112112114892478
0.00586000043738411
0.00638974685215499
0.0041813855664754
-0.00331694585213449
-0.00447878141358959
0.00151230211578346
-0.00890304568409639
0.000150945451967033
-0.00525952305694743
-0.00150031346844548
0.00517322111121565
0.00469441793030101
-0.0083613916280223
-0.0112643848249561
-0.00145882378769779
0.000866459269935005
0.00106837305680818
0.0168906491738121
-0.00485360087076225
3.82639927258843e-05
-0.00618781157891202
-0.00606419709723971
-0.00439517745613216
-0.0108990599773182
0.00439960908950487
-0.000401725824948018
0.000284844031663845
0.00121467247037499
-0.0220206202875151
0.0203587444562667
0.0120184746382919
-0.01128962777457
-0.00756757031743582
0.0108677997532445
0.00614237625007563
0.0186583652598518
-0.00967307110716131
-0.0129988507182759
-0.00412978220009075
0.00489630669910102
0.000944857752019024
0.0118982340107952
0.00670993903440342
-0.00171878644106349
-0.0108855406603441
0.000866118214079226
0.0121515856670922
-0.0135337973999521
0.00463123246808239
-0.0011266606624758
-0.0108303733839283
5.42298523733553e-05
0.00443152359896715
0.00105128902132767
-0.00689708285758761
0.012147460689683
-0.00589787164736189
0.00433149279021916
-0.0227883295320743
0.00365764916772671
0.00169376674933019
0.00152534131870574
0.00328040531152873
0.00396749530738627
0.00485355088265682
-0.011670493463332
0.00767482538456887
-0.0001224109400777
-0.024902188134333
0.0188017092460775
5.34887966430198e-06
0.00359225419382736
0.00229473189250218
0.00469619268016319
0.00483613805060812
-0.00858239574390085
0.0105666550130861
0.00278232679854717
0.00423208356947402
-0.00688121172853506
0.00972513555032006
0.0085225550053023
-0.0119351806783126
0.0211448196073842
0.0042857742248239
-0.000684608534890163
-0.00259196937489792
-0.0118972090082263
-0.0118052377749145
-0.0134796754341344
0.00954117994606296
0.0029092511477784
0.0209146328238772
0.00321629084519315
0.00147179607519599
0.0130914318997997
-0.00815107192810105
0.00204199547420925
0.000397959469297327
0.00213822281797293
0.00901408854184083
-0.0229909520562745
-0.0140459981025243
-0.014001508393648
0.0155977295681187
-0.00532988237666232
0.00287272497269853
0.0277625411549463
0.00325131870109407
-0.00596321607664585
-0.00396413021746533
0.00063732171806552
-0.00773050641936091
0.00556570776800824
0.00294899861247977
0.00850962744690431
0.00853484000074012
-0.0165907795681595
-0.000775042480894994
-0.00503373227088422
-0.000424791487116272
0.00386289342166135
0.00180495029167527
-0.00366945239497052
-0.000997671787817733
-0.0186253047919296
-0.00256440155069182
0.0178699413666774
-0.00377797946662484
-0.0203670993826917
0.0119399666498532
0.00486883268055904
-0.00258823334270253
0.00954312510570343
-0.00258749631842425
-0.00190439857771185
-0.00590981874559571
0.0172476265430928
9.23993329182693e-07
0.00671291037882682
-0.0202628878984199
-0.0223346268038118
0.0116365147964839
0.00249438774821198
-0.0230959226167617
0.00404104304556085
-6.89017242316847e-05
-0.00407551532429884
-0.0119412415125246
-0.00366644177336606
-0.00591044249485284
-0.00820898164330197
-0.00349939920825237
0.0076601399683438
-0.00384156920007506
0.017394786093359
0.0158413540654689
0.00262403611820106
-0.00931346109918274
0.0131279102645465
0.0335704839102522
0.0177975979502605
0.0138139737138421
-0.0103356339630369
-0.00764016368732978
-0.00938195767273586
0.0152955992648602
0.0128544220911411
-0.0187873660917239
0.00474567404534443
-0.0236507762067326
0.00594326912832366
0.00799722214650722
-0.0218981550559212
0.00682044931996995
-0.0185464065658714
-0.00442711254068184
0.0172242343143856
0.0047584038940891
-0.00661666359696178
0.0143749549341137
0.00713867603753049
-0.00802407494937851
0.00493112014935138
0.00603933789409683
-0.0125971740139539
0.00227875500922692
0.00699981726551413
0.000935504988460067
0.0149066982351016
0.007682024244968
-0.00261697918349979
-0.0182824094371825
-0.00221466044446261
-0.0107899450327866
-0.00231308649560735
0.00521953355927329
-0.00345327254975136
-0.0160396383751382
-0.00330305003434717
-0.00628019292731397
0.00832398032799064
-0.0126276979370741
-0.0190467805315186
0.00383646874360677
0.0140238920167806
-0.00306263248769589
0.00627637089528044
0.00342353203331403
0.00666396411478809
-0.00405898644763458
-0.00484825087002649
0.017788939051987
-0.00545758559367693
-0.0202621048620917
0.000541264740869796
0.0164209370044617
-0.00393514307300991
-0.00161992858326165
5.14083074716343e-05
0.00494114081735852
-0.0042282904465003
0.0215891942795887
0.00832261131496281
0.0137652024510475
0.00635741667546807
-0.00209977768724534
-0.00568151373648251
0.00751425465479394
0.000105802554957402
0.00217698247135822
0.00970600482498285
-0.00829012085285208
-0.0122127038820652
0.0124217709221983
-0.00314362903489784
-0.0306820915295078
0.0208780778461353
0.0021420918469206
0.0210031180584771
-0.0112104961688613
-0.0176744106269404
-0.00786332711619342
-0.00970400699941809
0.0115037668454241
-0.00198946612911532
-0.0200349197063019
-0.011868100978798
-0.00237064330473546
0.000503928986977709
-0.00721453547535811
0.00967248017750144
-0.00239092783784667
-0.0112860131850285
0.0132726438813995
0.00692130671737767
-0.00479041154614812
-0.0147365896676113
0.00581154418017626
-0.00339578706468679
0.00589569788839639
-0.00281266763184029
-0.0143355276794899
0.00870383517056994
-0.00167363247520114
-0.0004662473356285
0.000199592392237324
0.0142305205651072
-0.00406726066764462
-0.00752393228072235
-0.0159333540994606
0.0139037125464203
-0.00712134230800032
-0.00206508703451691
0.0127034493855813
0.0112156295449279
-0.0107609116787615
0.0159439777750425
-0.0138908607280133
0.0133589048998268
1.24261209559773e-05
0.00938947623116415
-0.00583310284546323
-0.00498326241775637
0.014325231639619
0.00853268852406019
-0.00415393278518894
0.00228594646918978
0.00688880678647941
0.00929486862847284
-0.00673153591613396
0.00386804746822134
-0.00928409780592254
-0.00900271707443223
0.00924701355245339
0.0143793520575926
-0.0196230977975329
-0.00867011604252554
0.00686069854243132
-0.00700938820034458
-0.00115019203222344
0.00467484795116979
-0.00895638068561966
0.00548715026296653
0.00258220619115512
0.00817835226673469
-0.0176389645209214
0.00696386560954898
-0.00535637544440215
0.00132905570197339
-0.0110710612743417
0.013623363167899
-0.0133464171616131
0.0038681422291158
0.00141935808313431
0.0162072567513238
0.00263928944672331
0.00212838843689567
0.015146820481001
0.00210792990549602
-0.0088121351224244
-0.00585301706196661
-0.0039759270833204
0.0119134606485396
-0.00527975205919984
0.00630107967256133
-0.0163937194275663
0.0013137424284877
-0.0124995858968631
-0.001658506878494
-0.0146310661521249
0.00394733557091675
0.00744929461276755
-0.00544919505417996
-0.0197307847698907
0.00690924858866948
0.0156065765453444
-0.0024618964301486
0.00873513713209451
0.017672339408217
0.00260656414373805
-0.00423280758235212
-0.0122790475498371
2.26492818433677e-05
-0.00776089529922097
0.00854376235997356
-0.0053908437222292
-0.00161297166428342
-0.00876685905372088
0.003707704870199
-0.0074222919194229
-0.011550740801797
-0.00592420824009365
0.0155068432192973
-0.000585343774657909
0.0164785161671066
-0.0108609196305407
-0.00789286178841331
0.00428641108032712
0.0027356116347983
-0.00210233035608276
0.00219774715289844
-0.0160718896535326
0.00951050547571564
-0.000909787469717482
0.0135758670168913
0.00402284749152937
-0.00657468842731301
0.0459530726229052
0.00556944806997217
-0.00643429015271968
0.00461526992449812
0.00445356590445289
-0.0130405622631857
0.00751581143136049
-0.0108203463896139
0.00424358590454132
0.00376193642196765
-0.0143975064178736
0.00344468803272879
0.00486139499682148
-0.00995036804176652
-5.66554121728124e-05
0.0139939923898542
0.00744430630464721
0.00803219223022911
0.0202541480018759
-0.00600336155973635
-0.00141446878132068
0.000243759789087861
-0.00684185440792962
0.00923466447469501
-0.00719969788163155
0.00787684536014477
-0.00691210120460362
-0.0159836933540041
-0.00772055683700579
0.00269517195076818
0.00237164815761681
0.00661104417120906
0.0023974871945236
0.00365302720031968
0.0128034429794677
0.0153719274989219
-0.0176883376787744
-0.00265093726997323
0.0053815392362635
0.0121930287011176
-0.0244465535302383
0.00708755365712554
-0.00547288480343999
0.00288233751813749
0.0161710760377036
-0.0121685392332469
0.014072584934798
0.0160373833797849
0.0112424406422442
-0.00837545508711801
0.00217511509732127
-0.0510877907084384
0.0135489190774707
0.0114398420187787
0.0066071464785753
0.00236602697337585
-0.00277834857313652
-0.00949428378421846
0.00821213922457598
0.0230244845267902
0.00487967149269752
0.00853535468328981
-0.0176748735732901
-0.00140639911616769
0.0104115028230216
-0.0120363327212678
0.00585889664008121
-0.000885038528248616
0.000330632058462177
-0.00245269445312335
0.0226130471212458
-0.00167730514275433
0.0328546200180653
0.0063910302189798
0.0041832825530681
0.00109560461055258
-0.0199066396730696
-0.0259207582552208
0.0177214805502941
0.00895232600407048
0.0296982925229747
0.0118883378022747
-0.0020256812621704
0.0121263528140858
0.00825233626780864
-0.0181346427944178
-0.000637659554782344
-0.016161608239085
0.00423711371379576
-0.00966577205145436
-0.0074179071760152
0.00120840599925498
-0.00281131120988065
0.00361759592085931
-0.0164739961703955
0.00100177160898651
0.0200365531061766
0.0123161080857797
0.00308268980627835
0.00449722406708863
-0.00761875742877294
0.0163054830623068
0.0116984257482511
-0.00219144555609541
0.0177900136730711
-0.0104336499378104
0.0190774945331107
-0.00891591196035746
-0.000199399815221435
0.0126229115684546
0.0155594172500566
-0.00897074084504368
-0.00676163573505129
-0.0184895809052259
-0.0195587815323586
0.0015799540724879
0.0194917044335663
0.00751545770176865
-0.00829838435336727
-0.00281553047652561
-0.00304531938925789
2.75026628011599e-05
-0.0133693225587928
-0.00595804376898279
0.00123119027877161
0.0133367599044649
0.00115311057678014
0.00842586711229787
0.00383473049836258
0.00716196128478463
0.00168082382107593
-0.00142906998456183
0.000981362033107835
0.00878237028800322
0.0199072149628283
0.0234814172628877
0.00588053174135239
0.00363603695817805
0.00089896486986496
0.00325415758084446
0.0175075538195582
-0.0104150735749973
-0.0118719438485249
0.0053333563965019
-0.00975512666148681
0.00765498280864474
-0.0129129577697853
0.00587391040983842
-0.00370207084426077
