0.0172679556163517
0.015808861066706
0.0281354088395382
-0.00513819310161034
0.0106073819624175
0.00199525403313894
0.0322287871151781
-0.0178655097939058
-0.0191718875488829
0.00929217750026234
-0.00303846873277935
-0.0196909235363625
0.0099028658820397
0.00583007747737763
0.0030521647074131
-0.0206473455767451
0.0058874441145329
0.00387300842430038
0.00660252131530781
-0.0207773535596982
0.00286815037065358
0.0074397377071671
-0.00659028704094622
0.0027927750647232
-0.00162746180407103
-0.01430670398695
0.00902566205050626
-0.011696775423355
0.00714771644965984
0.00877947777915544
0.000338212080150058
0.000166298049722347
0.0185263605957617
-0.0185971177295663
0.000831851062446542
0.00601408284727278
-0.00299111610170932
-0.00442280106150861
-0.02203731895922
0.00250017550045967
-0.000834553163045371
0.0161669595331204
-0.00547965238331005
-0.0103113237430268
0.0297851052838705
-0.0199195771132299
0.00419766918894782
0.0176526724780013
0.0109525467234883
-0.0152501384767327
-0.00139049162844418
-0.00545641410383313
-0.0168593794614598
0.0195131115016467
-0.00600259765831956
0.011920708014685
0.0116433194259753
-0.0136399702155305
0.0168010435992587
0.00676002710486667
-0.00498173401986768
-0.0198159977813148
0.00425553887867469
-0.01491404811976
-0.0131581462829531
0.000605065137146976
-0.000773635879520063
0.022298071569093
0.0192126501658398
0.00561252118254107
0.00978141489649254
0.0466065461240484
0.025151203251947
-0.00308510587873068
0.00218180386861522
0.00414331597588125
0.00431265437306805
-0.00716110074519261
-0.0055259793847684
-0.00189643868421396
0.000476356876488726
0.00680743129915151
0.00198761514066459
-0.0105160767594576
-5.61200264712625e-05
0.00439463131978135
0.00864128441512757
0.00254751559884459
-0.0178913902080384
-0.0178881271071598
0.0121747403122332
0.00834235929288463
-0.00372892595505747
-0.0210436572794273
0.0385587963769276
-0.00524330484582647
-0.00401798518433338
-0.00187613340612325
-0.00851683029880612
0.0121436389230436
-0.00466355023898535
0.00230048353642176
-0.00883623549771695
0.0163100118915258
-0.0119798387457113
-0.0126267415374741
0.00121853126679761
0.00580328977993183
-0.0137608273926588
0.00193934053943745
0.000758722052824679
-0.0119523283416088
-0.00383185538080166
0.0130861390403783
-0.00741714113633773
0.000947015198302648
-0.003664271407537
0.0166280720588534
-0.008492048862901
0.00349552535261477
0.0154376024289067
0.00420663680184874
0.00713328134529156
-0.0151723806091963
-0.00335916062012664
0.00377054165589774
0.022937546140843
-0.00914424146862736
0.00308741946433688
0.0111907122331487
0.00925056414026781
-0.00819687342918707
-0.00610452872505984
-0.00565504220410085
-0.000707676767585097
-0.00496140329928796
-0.0145107738642376
-0.0114918464098059
-0.00160369979610731
0.030944530886829
-0.00542466423733656
0.00452474341460274
-0.00628042694985842
-0.0137513021455595
-0.014916296150693
-0.0259706259538135
0.0269271035821925
-0.0154616153292388
0.00227700481725446
-0.00587814049598245
0.0160733474462882
-0.00870605071429065
0.00136055308932348
-0.0135081082735951
-0.00576783774618672
-0.00258201031695915
-0.0167292691922174
-0.00564486079465976
-0.0166605704038503
0.00784290484782879
0.0129655576987862
-0.0110567072362864
-0.0110782473821747
0.00618116946572278
0.000413885801638258
-0.0038557184369834
-0.00239740117761822
0.0177077160791266
-0.0116609576808928
0.00671428019430276
0.0112932954902958
-0.00455591352806151
0.00685629253405917
0.000767090965672734
-0.00577239264406204
-0.00348237783392413
-0.000952879460601963
-0.00474096371632982
-0.0229611497942723
0.0045080750586759
-0.0103082397366214
-0.0215548745079843
0.00309584863556789
0.000841083630721329
0.0420660032256863
-0.00640535575236645
0.00150522950583709
0.0215967814666476
0.00345552482918432
-0.0152078053477598
0.00174707945967745
0.0137217353661905
0.0149562632263536
0.00585429309908481
0.000478557573079463
0.0189221685404379
0.0182263716413824
0.0278641567665108
0.00427045523723413
-0.00220426619611502
-0.0202002323050676
0.00715448372186511
0.0102045804864903
0.00601819620873645
0.00943469979629752
0.009074257308753
-0.00864216920473582
0.0306909438924146
0.0179503328798685
0.0215671406165012
-0.00276651180793897
-0.00460511813448772
0.00197921500136689
0.00708630255744969
-0.0222413812043212
0.00767535815113707
0.00549990724604887
-0.016842553066877
-0.0109867592801298
0.0230989309943932
-0.00215397101083514
0.0105631431415045
-0.0217055958242167
-0.0104439334616875
0.00597309841782834
-0.00327644013590889
0.00105167709647103
0.00828039123539059
0.0103872863545045
0.00400139211893658
-0.00246743272595218
0.00690444082284247
0.0275594938681607
-0.0183429114827292
0.00519159141548764
-0.0243894226416737
-0.0118319523032393
-0.000360457490240718
0.0105433074352741
-0.012926337822019
0.0118517366640902
0.0137495325862955
0.00128807402023234
-0.00694356359017401
-0.026539597665048
0.000144859071790737
0.00697102570019936
-0.00318980930334245
-0.0016997609025271
0.00334594788285125
-0.00430824445246714
0.00210824158792322
-0.00937355888370339
0.012926782896437
0.00483490337928338
0.00446738929784529
0.0128222519451811
-7.62952482138424e-05
0.00741776073191769
-0.00245753746060839
0.00794957099795668
0.00159466889150695
0.00725312497213393
0.0142745994775395
0.00131735487026341
-0.00157369943493246
0.0020142770360152
-0.00986871032644654
-0.0113985642290695
-0.00686200538688908
0.00925522974809412
0.0132945042989139
0.0104996577486742
-0.0135519713886267
0.0268669000184603
-0.0013905968173642
0.00298865853999031
0.00230376259382781
0.0102300727268561
-0.00149259576517458
0.0142650593488727
-0.00126372475145908
-0.0042569167220452
-0.00928928781470195
0.00272299504651397
0.023314630028213
-0.00737310421016213
-0.00845787784824292
0.00823081145111249
-0.0114754520732236
-0.00880289241986443
-0.0126825945366846
-0.00651226513717496
0.00515647854109424
-0.0095978209334695
0.00777804851481756
0.0245441883513906
-0.0149381651026834
0.00602620641066642
-0.0334434104555539
0.000392688555247656
0.00224488842255566
-0.00438224165819356
-0.0205965290806975
-0.0204612225381848
-0.000156513089146104
-0.00960430658659228
0.0065910013558943
-0.0062407604736423
0.0105066715834934
0.00251029488653942
-0.019407302448486
0.0079365162122782
-7.99345156412556e-05
0.0273744257552595
0.0135875504221044
-0.00401365718172775
0.00699100443842915
0.0101391317226116
-0.00553284621930406
-0.000521231612177653
-0.00780919622134268
-0.0161414736395584
-0.0109046648492015
-0.00543091053216838
-0.0160084026096501
-0.0085925289582427
-0.0124946175829206
0.00405993464707688
-0.0232116226483829
0.0171898106337534
0.0132293085631536
0.0093449073668741
0.0107478045167739
0.0084300637221324
0.00839937328245099
0.0108368896510593
-0.00119491649246517
-0.0152394824423987
0.0044390286124858
-0.00358474974278944
0.0195015050991758
0.0214691758506047
-0.0106998048194897
-0.00713505917103952
0.0301443171474902
0.0008491891717477
0.00568742523887678
0.00721397007425661
-0.0084522474555091
-0.00133585787590085
-0.0031143087536627
0.00573912608356464
-0.0353140376611349
0.00393448578917877
-0.0156304326633216
0.00885629739551241
-0.0113722647879113
0.00582592973987217
-0.00239799333226665
0.00453646612552583
0.000417548315323035
0.0138273546352332
-0.00213475306110467
-0.00129737296575017
0.0125331651558607
0.0109770991198765
-0.00596896874049646
-0.00401197188245761
-0.0120621830374121
-0.00888162480004695
0.00482834515493757
0.0130876294765474
-0.00695851203277242
0.0148355908928643
0.00835769395200403
0.0174711156800658
-0.0248718424059209
0.00632464774892783
0.00376295357278011
0.0145643521489349
-0.00488308005298332
0.00114140069586988
0.0100297118447141
0.00311335605967811
0.0279358806134904
0.0129506061777303
0.028304107758613
-0.00460689278096149
0.00135407631087148
0.0072311160876728
-0.00628831161541332
0.0224820683358635
-0.0157413403844964
-0.00389487164542612
0.00764199507472885
-0.00631543702702664
0.0226524286259129
0.00643913273663999
0.00913270503137165
0.000763883223927397
-0.011313190630426
0.00542017278086893
0.0306650844498333
0.00689354607880066
-0.00103165648437886
0.00323682495520794
0.0268348313697786
0.0111057625733286
-0.00471871043135819
0.0177645297526783
-0.013909447676979
-0.0106496362223572
-0.0179582408346863
-0.0111211397015341
-0.000987764534948532
0.02088666736538
0.00936578363057228
0.0251292299206951
-0.0140536180729554
-0.016607157237198
0.0141763104812132
-0.0129496624444756
-0.00218707482008607
0.0107354686467922
0.0137396209129619
-0.013947926763914
0.00413535353689731
0.00028301000601072
-0.0201016525652669
-0.0103543287278254
-0.00515067848676676
-0.00766264634403768
0.00054648705664917
0.00802296163126259
-0.0175722061877039
0.008711812352592
-0.00708182674851487
0.0278975930403884
-0.0350035355775118
-0.00594199379176152
-0.00960149315725545
0.00467505633469112
-0.0125104172655655
-0.000233812578513515
0.00486819653868187
-0.00939672613884035
-0.00399994616539034
0.00151970037318994
0.00855857824661466
0.0116331004567682
0.00864873001835376
-0.0221882015420602
0.0153956664073811
-0.0183051435631536
0.0152143063616239
-0.0164670046669415
-0.0231847573623329
0.00861682564672939
0.0144048265257715
0.00475583623160492
0.00114783114931605
-0.00172209073136154
0.000995454217358471
0.0250858237096259
0.0299125720418727
-0.00278070902732375
-0.00450053659143346
-0.0114324745117582
-0.0166580328070189
0.00933660425656013
-0.0157560944223389
-0.00611995086457751
-0.00192718518305934
0.0101584370366794
-0.00863316169069628
0.0168474286341564
-0.0110165679894791
-0.0273475756613248
-0.00111579411811413
0.0286586404118248
-0.0045421146979745
-0.00847857892623782
0.0203188757199941
-0.00661665761122476
0.00280709545983182
-0.00233965641155165
-0.00176261039257408
0.00784690846800729
0.00469528131165542
-0.00432786652795381
-0.0195638895169057
0.0206014904404666
-0.00160919545542626
-0.0110400799904302
-0.0187630495341209
0.0145709577645068
0.00430829122458221
0.0110386023701901
-0.0096438178383087
-0.00552135618707172
0.0219130470700688
-0.00858765369651349
-0.0109809968012211
-0.0269975976579031
-0.00879580927331602
-0.00702746622212258
0.00251620894257654
-0.0022949506175014
0.00725409881382078
0.00337822778199603
0.0049756069417044
0.00190868666100874
-0.00516299751551319
0.00192258811815571
0.0134587261057049
0.00195434557052443
-0.00867608871836056
0.015153348707835
-0.00668149095538983
-0.0228149132945814
-0.00861869000172355
-0.0256617396418548
0.00138600384240584
0.00744962362113366
0.0032504444308703
-0.00790930406119794
-0.00227095664159704
-0.0100700148140074
0.0156190215459426
0.0130659757189906
-0.0118580525256993
0.017738655851677
-0.00312503437313749
0.00449697184292597
0.0317727541475237
-0.00057509737269279
-0.0118875444157234
-0.0193477066310943
-0.000606066334879252
-0.00877612184597831
0.00275016670405348
0.0135518080120278
-0.00452282958344519
-0.00264927144480476
-0.0190713867201402
0.0347322384141455
-0.00700255172718456
-0.00930302641651815
0.00699236115500024
-0.0029643566192028
-0.0206923181770873
-0.00693687092911555
-0.00223136307063254
0.00329226977147146
0.00405267055761649
-0.00661993605571665
0.00575081413712653
-0.0114957885425322
3.98475808887078e-05
0.0282681872654214
0.0145424761433295
-0.00991237651403276
-0.0171546684082491
-0.010895592701359
-0.0209952816488972
-0.00715817459897483
-0.0207830410666221
-0.0237109729283782
-0.00555650991648293
-0.00304579695489338
-0.0303002980023324
0.0218234585208128
-0.000739165197796154
-0.00266781094411472
-0.00334623556134361
-0.0142461472137865
0.00632170546270006
0.00265615005136688
0.00498717584645236
-0.00216904357286918
0.00715410707526543
-0.0035487216996124
0.00514755617043106
-0.00363398984853691
0.00896059614895783
0.00728728597522688
0.00740041030613536
-0.0127074679473647
-0.0161609682200634
-0.00312037678385169
-0.0016289321334324
0.0119036970471469
-0.0105286712573631
-0.00974515156474953
0.0149369440788607
0.0126650293525739
-0.0152343078732213
0.0172349996478576
-0.0079512682005014
-0.00605057872782
0.026113902291504
-0.00649845139960115
-0.00278881636268946
-0.00897630564361407
-0.0264157824044773
-0.0059258745619799
-0.00389063949386181
-8.07380466667507e-05
-0.0111067237265285
-0.00559635502521183
-0.00143064855217778
-0.0240911032793818
-0.00409565819049762
-0.00256613576851805
-0.00843182881087468
0.00450496995033545
-0.0163183904283113
-0.0165320456262115
0.00755397510129585
0.00782941754728261
-0.0047592100776257
-0.00304552162629967
-0.00544975617781174
-0.0209846364400086
0.00363900358848568
-0.00448353807217061
0.0168505158382359
0.0178036891675368
-0.0192539141150116
-0.00585706572792333
-0.0300298010590427
0.00741649616271456
-0.00257705334098146
-0.00465929466579729
-0.00691671435014718
0.0195575589406773
0.000347829227521634
0.00799239058564138
-0.00539141344275818
0.0200231466916985
-0.0221074349376693
0.0153514877481782
0.0100347628567663
0.00213518960522263
0.00416877349453593
0.0172901984368607
0.0112907090399681
0.00462855166081289
-0.00305889361059775
-0.0184164156954143
-0.0121531413192559
-0.0130929263694002
-0.003116734417967
0.00608023260292567
-0.0117998952767726
-0.00292110480180563
-0.00448785257751561
0.0257532210352236
0.0166824925120528
0.00971511085614063
0.0192539348333223
-0.00607236890109286
0.000748310252024265
-0.011913394359635
-0.000172508632944712
0.00360591143979527
0.0266145424274871
-0.00273326387445794
0.0143839404640176
-0.00382734669665341
-0.00607074649301209
0.0526715990950768
0.00583038437099526
-0.014851931184158
0.000454768108453019
0.0106374615082623
-0.000923699337193051
0.0042675973740196
-0.00858064900803912
-0.00517344688943577
-0.025829747666742
-0.00663339736632151
0.0175000541387889
0.0160101668737309
0.00718032654736644
0.00856887909179571
0.0013791946158741
-0.0112745437998982
-0.000436313680608924
0.0103049578328787
-0.0131129619093162
-0.0175925748706194
-0.00755476219756224
0.00882461975062565
-0.0146876577068333
0.00226326675410404
-0.0142132632568042
0.000983082346907471
0.00197464183796403
0.0139895586452861
0.0240238368510448
-0.0210682291765183
0.00836019214242611
0.00241659001622896
0.00136652147288285
-0.00363722136234124
0.00842011839962753
-0.000627070092784621
-0.00506742859363096
-0.00475176403461508
-0.0217926386251417
0.010090322154408
0.00155782399834825
-0.000198389947507094
-0.0093904253019419
-0.0133593539303516
-0.00648953390517781
-0.010118507299798
-0.00222646372214919
-0.00449362712066592
0.00546349117525313
-0.0220258474909574
-0.00139963703986679
0.0224056212043933
-0.000941034206365376
0.00891011376101769
0.00875069672375117
-0.0223413690197429
-0.0055554542745071
0.00728219850509482
-0.000324015290559032
-0.022589548651728
0.010827687750989
0.00706845225068631
0.0140323743729036
-0.000613441572185458
0.00336469354475488
-0.00449866137279797
-0.00571193765623401
0.0162835628158746
0.0198765787044166
0.00340404991115584
0.00745098022273627
-0.00762171233650344
-0.0123266083689209
-0.00226402371872991
-0.00525123695129315
-0.0038861342630585
0.0193688604836024
0.0291273584765965
-0.00340236463933263
0.0174154994692912
0.00321833609281841
0.0150022708926356
0.00458544982648568
-0.00254349582674651
0.00376561741566395
-0.00335223683912922
0.0312235322194176
-0.00021733257804879
0.0157641081479176
-0.0132670884105519
-0.00315255517725088
-0.0014709161410511
0.000657760273651053
-0.00180117707938909
0.00469175967973601
-0.0140030030190759
0.0025895380792833
-0.0446575417005084
0.00776641655258326
0.00467202613206319
0.0133760686878754
0.00512839230356521
-0.0110814028965143
0.00278039635616834
-0.0134412156362627
-0.00397891299310604
-0.0178122211060083
0.00836404995488449
0.00184414747747863
-0.00871092979830412
0.0196325401968374
-0.00489488075982636
-0.00995739203796719
-0.00542445788523738
-0.00673326043242239
-0.00668512779758945
-0.0200350943023888
0.0200220043210821
-0.0097028990486745
0.00275139547082537
-0.0084156339175645
0.00539419050417123
0.0142034715882933
0.0165575808805754
-0.0242043981336739
0.0251261434297163
-0.0118332171686664
0.00902916648859398
0.0257320795270601
-0.0169059023925322
0.0211785714763031
-0.0143758524711992
0.0119149686860685
-0.0193095412156816
-0.00316935732288881
0.0259573459010585
0.0109946648668535
0.00637164622771724
-0.00222839963285448
0.000145556717643158
-0.0188655597130165
-0.00508522243956744
0.0088111230497967
-0.00164223053275014
-0.0102510911440485
-0.00540372809126999
-0.00990733134086685
0.0103757688101549
-0.0173169113970189
-0.00558944774349279
0.00488668072489817
-0.0106899590528229
0.00453379008131405
0.00304088752200093
0.0292649696227227
8.64124836086333e-06
0.00571334931688749
0.0124545751921989
-0.0117095882275755
-0.000238383778506268
-0.0184905495624337
0.000960893422689457
-0.0181787328596146
-0.01040125908667
0.00104378579811604
-0.011128126643948
-0.0163977151422783
-0.0191279086673291
0.0185654011383978
-0.00610757620904945
0.007689697685203
-0.00999409580340238
0.0184304994122939
-0.00111554406943215
-0.00562516369315125
-0.00296502317632963
-0.0209441062047082
-0.0037160276934598
-0.000606434710059167
-0.00111731873574938
-0.0137124383896337
0.0282483738053618
-0.0132525280563738
-0.00567159772988024
0.00292094701021228
0.00794880121759034
0.00133384060669006
-0.0175747610928223
0.00215189913672131
-0.00156170554213864
-0.0067705646638061
0.0047679022832634
0.00315546988767879
0.00400592192810745
0.00653197760536006
-0.014353483530547
-0.0119119365691684
-0.000756109859229248
0.0160977140233922
-0.0284455244254331
-0.00609590673648275
0.0127868456610178
-0.00979544459964665
0.0254783686957309
0.00274444076031477
-0.00480355734841398
-0.00778765690039251
-0.0134595120518244
-0.00823320675309991
-0.00872707325427102
0.0243882953317454
-0.00840533084871864
-0.000929047637494129
-0.0134387418410438
-0.0110112585150612
0.0071554174554358
0.0208874299582122
-0.00527607527598217
0.00301789986033252
-0.00773764092688123
0.000410861433675969
0.0099888129271144
-0.00901502201386828
-0.0133264988667936
0.00659765011527136
-0.00613222401788671
0.0447624107795674
0.0091215157834359
0.00957173060888028
0.00999111311356304
0.0149367048324862
0.00923378203831016
0.0169288865027788
0.00902350890386305
0.00283790368191106
0.0208013246438872
0.00558050557685719
0.00992318264865366
0.00087705130679816
-0.0206936532526338
0.00685346755278515
0.011134942383735
-0.00225027872628725
0.0225353079035484
-0.0036182244803471
0.00540084459268741
0.00364843697728223
0.00850505978269345
-0.0143911872181524
-0.030147778220958
-0.00532034318935515
-0.0204304274373899
-0.00231763249940631
0.0152406679397907
0.00793256139496124
0.0254958989305307
0.0144355948941868
0.00271143357725112
0.00244281005274427
-0.00561325542705582
-0.0197584410712208
-0.00145198507577482
0.00263098778512849
-0.00284417430138051
-0.0107183863662388
0.00817862378059142
0.00189062499009696
-0.00546570093416188
-0.0126522500335902
0.0163031314349014
0.00378216864806968
0.0107965421918752
-0.00381579980026991
0.0171221217950832
-0.00781101885343416
0.00509086163195782
-0.005247549770242
0.00443115903588964
-0.00455774153072586
0.00931530772848754
0.00112591451186472
0.0165226289191553
0.00556398303223382
-0.0150600868334392
-0.00578496399849548
0.0280745046043147
-0.000335927948255321
-0.0103553029822554
0.00627541264879561
-0.0222868661004358
-0.0098124181001662
0.000786284047917141
0.0113666533946351
-0.0026368100458547
-0.00373441095534921
-0.00458702691625756
0.0287117062545517
-0.031177701669461
0.0019865230819629
0.0129497751586696
-0.0184122154300488
-0.0151843211302478
0.0176058964364696
-0.00462854101711074
-0.0262269698624678
-0.0126103970851095
-0.0154421701844942
0.00487854408541044
-0.0233791705941508
-0.00373997395782966
-0.00611155598647639
-0.00815328910837176
0.0031534926344492
0.00957321000122691
-0.0142957947908313
-0.00125513111363951
0.0116369348242111
0.0179743560009777
-0.0111368642364109
-0.0055220751910503
0.0119704548118671
0.00109033305093842
0.00775608197980437
-0.00857954595893839
-0.00256199464849205
-0.00381463707234442
0.0316098879413773
3.26299577988465e-05
-0.00286374329407568
0.0130759364187567
0.0181092196556767
-0.0204504697970909
-0.025191252359875
0.0174879163843444
0.00966997266594793
0.00274296101034732
0.0148760006924271
0.000437524658241983
-0.00137136359452095
-0.00873556108656737
-0.00421674316131693
-0.00959404274378128
-0.00532265437612578
-0.0132903986804032
-0.00408704845881402
-0.00683544174992523
0.00463183162248848
-0.00736220316586889
0.0150717623617256
0.0172665432126418
0.0105832732631495
-0.0146377843893346
-0.000844965326864511
0.00140814629996799
-0.0155415597345137
-0.00158319562121667
0.024295876062256
-0.00514334837674335
-0.0123972623556812
-0.00706398051332613
-0.00709721815930431
-0.00268169098700377
0.000242343762486108
0.00654626796926916
0.00896088223416269
0.0301112760077302
-0.00823319857632954
-0.00125651410790528
-0.00763243453178242
-0.0018136866866425
-0.00900391974777959
0.0182023258955624
0.0119553503213388
-0.00678244474421197
-0.012917013153158
-0.00699164294494636
-0.00307799352313576
-0.00136794785440419
-0.028112283487941
0.00496632810739572
-0.0205363867149462
-0.0217755889822466
-0.0109629356258532
-0.0157065644056642
-0.0131164550799787
0.0295865568853451
0.0218387421443098
0.00929771405678359
-0.0061706379517914
-0.00397765872630051
-0.00499476147564715
-0.0144323687940919
0.00303070222583401
-0.000953107094419536
-0.0165572450217817
-0.00746016435280028
-0.0265312814715923
-0.00878304174932976
-0.0121214681141866
0.0072000157359553
-0.0109943789239488
-0.00169747359945172
0.00257325274384979
-0.00667899106500425
0.00401484403323127
-0.0114019553846354
0.0125210507569604
-0.00669280678886008
-0.00277514824015967
-0.00558728525492813
0.00428388707677296
-0.0168024688331663
0.00257816117848275
-0.000162495648944994
-0.0200370405426815
-0.0186979460313168
-0.00123969898946164
-0.00350796096975636
-0.00142733063709555
0.00787705956980389
-0.0167040588355321
-0.00852780219104821
0.0057961397892865
-0.0012065274654407
-0.0122767682842149
5.99426665184311e-05
-0.0104848709086904
-0.00556222610004875
0.0032320305064375
-0.00340613182971139
0.0110260231058881
0.00393894503276604
-0.0231323320201025
0.00707792721609035
0.0255682778838162
-0.00227561910494867
-0.0218237180351084
-0.0187980291155194
-0.0044024771822424
0.0336868503238927
-0.00830155982755709
-0.00322651655472428
-0.00325834391951463
0.0111634770828415
-0.00249041491258195
-0.0110681394312646
0.0196063468789665
-0.0163554945704889
-0.00454105668973703
-6.506275238638e-05
0.0140122700103409
-0.0126059453596772
0.00831956150714097
0.00717321046232744
-0.0193290720796375
-0.00908914800669924
-0.00813329975383947
0.00782503327027251
0.00382261371223103
0.0136787325885028
0.0080354109687053
0.00749047166954164
-0.0073454745227064
0.0150316040284832
0.00523473843069922
-0.00860379915830878
-0.0059440360709051
0.0123597877824952
0.0058028382780464
-0.0138133295095224
-0.00458340899595866
0.00159392552051285
0.0111887627317615
0.00519448933063504
-0.00539222289883057
-0.000932183815735455
0.00221879903793853
0.0180303390700871
0.00317315843595445
-0.000880553550644869
0.00403997434284942
0.00327197835561388
-0.0152223535076974
0.00345091014293919
0.00376015447943967
-0.0150715644676502
0.000308919419369502
-0.0265214079166993
-0.0151289274807453
-0.0117471586700648
0.0137089106920383
0.0183050812873673
-0.0103126642111806
0.019245582069733
0.0256866078994569
0.00219760249489775
-0.00474603644468963
-0.0205089189170475
-0.00154473193086746
-0.0117544766031781
-0.00141909798910844
-0.00424788574556589
0.0185332780600937
0.00152922065809191
0.0147212459270836
-0.0199075028423852
0.00222733168006672
-0.0020073770302349
0.00159864092237916
-0.00552361911414745
-0.0328982781966525
-0.022011403045729
-0.00397233990940737
0.000347191881474807
-0.0121816257468028
-0.000410772388029113
0.00851640949686505
-0.0117573477736816
-0.00977611134892564
0.00314765128604044
0.0102669928537227
-0.0191459564310861
-0.0191502436989308
0.013077670155015
-0.0134353572669537
0.00533927022759517
0.00167088082293643
-0.0165148425099124
0.00372778612182834
0.00362892240502877
-0.000956276287496394
0.0218522872969962
0.00855658082522237
-0.0242958208346573
0.000461319078440603
0.0153012533258818
0.0112140396133165
-0.0135913938271477
-0.00743114709821424
0.00874588780047891
-0.0010324521313918
0.0120736100859824
-0.0106920396119143
0.0185736943266344
-0.0884134434173913
0.00446145205970039
0.00424215655166149
0.00960148606824607
-0.0227283268819853
-0.00223228436026313
0.00696194753360047
0.00243731041585171
-0.00604853740333278
0.00659554856610134
-0.00557049409816868
0.0156457876789271
0.00179964665656529
-0.000335034670960965
0.0083052690159362
0.0144325252540467
0.00167606795758823
0.00848396273172214
-0.0216814763230044
-0.000486358818739152
-0.0203356035397599
0.0123703790671259
0.00288678932806574
0.00237989403098871
0.000206692270209308
-0.00124787588374864
0.00169852361384493
-0.00109961357138744
-0.0208302266914464
-0.00316335256407307
0.000728835015879392
-0.0171829780737855
0.0243969838172831
0.012409058353219
0.00345055176470255
0.00598638252169792
0.00807098177333265
0.00837967128578931
0.0133779907515303
0.00332341661134539
0.0107762315713191
-0.00542985531935525
0.0104523814919784
0.00428241253288775
-0.00353272329376675
-0.011672498009099
-0.0161013607626783
-0.0121924469432491
-0.00257903113092595
-0.0149345564744912
-0.00472746352239417
-0.00469100698520553
0.0531372767926217
-0.00427948380306509
0.031140828585551
-0.0285462780246688
0.0121188530479159
0.0208766057007019
0.00514413526352753
-0.00604217212426383
0.00761193601013832
-0.00942775954796571
-0.0139205561108302
-0.0142144684144085
-0.00712161094234309
0.00777574503313283
2.13522369501007e-05
-0.000115810563754426
-0.0109297978846845
-0.00900650888851473
0.00876952774951456
0.0160514950393804
-0.00170524744795464
-0.00921359457803872
-0.0208513209505854
0.00479914687471794
0.0262715720481626
-0.00311428052246998
-0.00429076766484671
-0.00273624767706604
-0.0106171558419237
-0.0114791173904603
-0.00673326319322842
0.00884246583775994
-0.0124807229342194
0.019553625361723
-0.00256846838836289
-0.0128999779325794
0.00308119543094465
-0.00185503929609876
0.0087505720180876
0.00609562701384281
0.00714274022348116
0.00557445293387437
0.00786917375894314
-0.00810267064792414
-0.00477496668459065
0.00289741354381245
-0.0149220039330216
-0.00928037074059729
0.0279213645508436
0.00598537926912468
-0.00987545896920272
0.016431525973263
0.00957673051718699
-5.61467563959805e-05
-0.00494528860663457
-0.00789088444801367
-0.0076742982876572
-0.00331878358246929
0.0190078394329827
-0.00652227997815569
-0.00410015173389611
0.00204634643032331
-0.0131546052881768
0.00526889016369902
0.0103732846979205
-0.00445884547533693
0.000440885457851259
-0.0019489949574254
-0.0101461281850455
-0.00955930012060935
0.00942629282174079
-0.00252334502946727
0.00276281139819079
-0.00870695682540457
-0.0169550373650624
0.00866643949813395
0.000856459088803385
0.00103142116961008
-0.00266500574294648
-0.00464277075666475
-0.0254857519927312
-0.0180693943429635
-0.0209985192322837
0.0195724399159445
0.0239042474183768
-0.00139241822262925
0.00939523071793857
-0.0232976460834526
0.0154842869874119
0.00160910850466411
-0.00259243571604162
0.0133271880437587
-0.00682969913176956
-0.00188189583800935
-0.0173188172697589
-0.00778272649418299
-0.0266493574103475
-0.00400118295419927
-0.0134607860805829
0.0109374420654111
0.0138008344047216
0.0126971411923156
-0.0138640557192491
0.00784835883877766
0.00480839952900558
0.0100493224896618
0.00812686950743124
-0.00258004092633968
0.0138436504817403
0.00693105478307876
-0.00141149772713467
-0.0142020385606867
0.000263801602457203
0.00147536572444196
-0.00078573144720484
0.00444509871962295
0.00135668508890419
0.0218899745440804
0.0158509454353157
0.00684761341090923
-0.0198632719483229
0.0041604474208754
0.00614383947038544
0.00798739480546851
0.00678004339830185
0.00114052208834825
0.000530216060457445
0.00688614240030705
-0.0107292358451891
0.0143373406279741
-0.0152340724815998
0.00191471636846208
0.00339641938398727
-0.00500800361509834
-0.00480018332741694
0.005693424238574
0.00272227221970534
0.0273155650599128
-0.0106084388719461
0.00130935377589725
0.0143824855942121
0.000985750985667666
0.000536523768516206
0.0185860580886303
0.00695080118828373
0.0100649989509181
0.00752898507617084
-0.00143935398570871
-0.00848383574107014
-0.000921979411929286
0.0156036357074552
0.00318322587889108
0.000270013108762956
-0.0121197525131833
-0.0103239325482871
0.0103967900950743
-0.0111588580579194
-0.0149167032635487
0.0122017700095469
-0.0145999708840836
-0.0155763452874143
-0.015275677008435
-0.00464155097022401
0.0243336755644386
-0.00163908694901704
0.00491807170418812
-0.00192673021477585
-0.00187936177545422
0.00674659848264136
0.00359270091135588
-0.00142784621450232
0.0045569988006029
0.0165247040923349
0.0189688983197249
-0.00811075386508531
-0.00696367502097783
0.010837369262549
-0.00799713821104486
0.00581600039605745
0.00438777522352329
-0.0180106563002016
-0.0149581628153497
0.00989563707262575
-0.00188712494673959
0.00725488759051496
-0.00169094462431008
0.00717521625399287
-0.00382967215397123
-0.00300864284118885
0.00926605796837277
0.0182204769569654
0.000156421631938519
-0.0103679587359295
0.0126454220058978
0.00666093213090324
0.000552575248337961
-0.0123559680293968
-0.0137200095697203
0.0218883379549883
-0.00409854210749883
-0.00115969428294815
-0.0178451750810726
0.0238517326750252
0.0126248969349199
-0.000843394706091738
-0.00318966405898591
-0.0245405439526414
0.00930587140843775
-0.0138424001225173
-0.0050392473836498
-0.015342110916162
0.0217573244629903
0.0154883601381697
-0.0215823059107325
-0.0116955947187267
-0.0271096955394192
-0.00827625434678469
0.00854911088965449
-0.021660832734379
0.0143891847835576
-0.000370544631099534
-0.0111683953799468
-0.00846520411355822
0.00158664524560592
0.0112451668636215
0.0131320285760159
-0.00218316383081918
0.00870248078405611
-0.0154175736484605
-0.0022057043362631
0.00537454005072924
0.0109046328740825
-0.0190064342587926
-0.00111232701426056
0.00612884842218508
-0.0257264835348252
-0.0151629966973756
0.0055163473520492
0.0134930492655647
-0.0172452247965063
-0.0201924504781144
-0.000682346213997764
0.0200708015763629
0.0158182252226073
-0.0115066599097606
0.0115915073557771
0.00932342827562449
0.00118847960420099
-0.00351826495322127
0.0184642877978285
-0.00949126473437167
-0.0182743771282017
0.0028143625541619
0.00609256124808022
0.00320325333929627
-0.0105914176127131
-0.0102547436244558
-0.0168436023980467
-0.00235992942244678
-0.00338174212498599
-0.000908864671915977
-0.00276204764229537
-0.00748962577710754
-0.00876982387620218
0.00343002199719145
-0.0190884620995388
-0.0075077992898418
-0.00546640487643857
0.0035216185574467
0.0156844124988451
-0.00323366092132171
0.00715322607741475
0.0553710036221411
-0.00522609702418242
0.00576367401907629
-0.00356287657160848
0.0102385810913668
0.0162976495290827
0.00077446308691087
0.00147909147604364
0.00685140330334266
-0.00669896150091431
0.00380743865679278
-0.0058059982410712
-0.0177848017248816
-0.000376478947602177
0.0126176919542969
0.0114379262898494
-0.0155525423173655
0.0113914248198701
-0.00342888595333335
0.00955638887231114
0.00443604308436285
-0.0154939700011087
0.0108973789821853
-0.000346422963157345
-0.00311034573483604
-0.00459845503731304
0.00123246157907175
0.0105869746937448
-0.00976077510101692
0.00919081551998602
-0.0042456441457559
0.0105444085495907
-0.00835146501264794
-0.00395665079354623
0.017345990750663
0.00707551294280151
-0.0148770496065906
-0.0148413515753103
-0.00463474419588406
0.0152492533485487
0.00678432886234592
-7.30301473392814e-05
-0.0277163306041528
-0.0185124808299322
0.0036454576262861
0.0259184088170206
-0.00782874131621991
-0.0250727807324245
0.000799397386156642
0.00517763505621494
-0.00666350783788694
-0.00334422436058945
-0.00802565575685077
-0.0185667001843046
-0.000327211170585429
0.021054763264815
0.00693589580018683
-0.0135297701018873
-0.0030222015288508
-0.00318421869654761
-0.0122856148320412
-0.00102663904500178
-0.0143958343827413
0.0162082768656662
0.0125748296485317
0.024254815992786
0.00582407373359284
-0.0027377772773538
-0.00561293235556559
-0.0133649403358702
-0.0150579995885469
-0.00832801749388423
0.00496851257339403
0.0282204486391675
-0.0212975869352132
0.0129775819999325
0.00513738512176065
0.000965219683450647
-0.00671911939356029
0.016540296329649
-0.00295708279940143
-0.00663453167900085
-0.0010875265978576
-0.000885339958084375
0.00294409942978269
0.0108519230295543
0.0121263301592334
0.00598455528612241
-0.0098548769667155
-0.00921945094911503
-0.000334044882811302
0.00164109192113271
-0.0156512167557101
-0.00523886039255039
0.0198872831980521
-0.0185227770146676
-0.00439559288033053
0.0118786739865069
-0.0194158486204439
-0.0136390710246064
0.00423749603307155
0.0298556613427516
-0.0105836387439866
0.0163704254067651
-0.0114476667091195
-0.000383521899883776
-0.0210406164298433
0.0193434028662298
0.00746433861338813
0.0121592143801796
-0.00492677340083136
-0.0171361373628891
0.0127149333116261
0.00586660732496469
-0.0156336611923957
-0.010924254518621
0.0101553645517225
-0.00754627252203388
-0.00303537092856887
0.0015280346461044
-0.0120239887262863
-0.0133482216109848
0.0115478767298987
-0.00324023934641238
0.018386370040228
0.00100638085012039
0.00128114416824832
0.0168831430818661
0.00996907797221436
-0.00867366781179646
0.0112176365152026
-0.0128394733015802
-0.0239471822570398
0.0229102026671624
0.0193779913443688
-0.00420713093630321
-0.00852067520915645
-0.00878181970024139
0.000952510595129352
-0.00139688953704575
-0.00529301349933542
0.00404609391375454
-0.00545905159177296
-0.0143704566599834
0.012552895365288
0.00683924846294914
-0.00316165513564459
-0.00735152679667217
0.00998136826889828
0.0116238881683521
-0.0176119999277298
0.0149142077071782
-0.00933158222924191
0.019988133759923
0.00878806797271481
-0.0136336688814125
0.00991007138850186
-0.0166678936238702
-0.00982736326999367
-0.0233435832573212
0.00162358433515686
0.00646548085465448
0.00546003740782153
-0.016878715992025
0.00966751215788442
-0.0128156750923056
-0.00478211553520014
0.00968211836118327
0.00698040526918131
-0.0266075003569615
-0.0133230740825172
-0.00353874676705535
0.00891970001826703
0.0065244049239952
-0.0315550497836465
0.00418037782475311
-0.0122565930073852
-0.0105730540686431
-0.0262943067614758
0.00623246171631608
-0.0316547216215122
0.0157365272606333
0.00723224710027348
-0.00107874632884397
-0.00683841286909814
-0.0073737788829793
0.0273251615257457
0.00157822803616581
-0.00129380753524888
-0.0145927557555854
0.0147009630226411
0.0101250281381522
0.002285102699215
0.00332065678759208
-0.00333179968206743
-0.000895956763586447
0.00743231420083057
0.0201488285582807
-0.0141283632907276
0.0254591130579849
0.0213062326385098
-0.00342472835650964
-0.0140769268981285
-0.0035898465483073
-0.0125141432869542
0.00786495806790621
0.00657073250941953
0.00523234974848608
-0.0139766067384013
-0.000113814651045541
-0.0106004533551236
0.032048929435601
-0.00721675266503352
-0.00538805899436312
-0.00340768393508672
-0.00574968913543206
0.00694981280050611
-0.005609805736146
-0.017215706231565
0.00293313266066564
-0.0217384196092005
0.00814461845695913
0.00232341180117279
0.0139914237628407
-0.00920261428708624
0.00854215560214455
0.0148738036437428
-0.0105760854285606
0.0156976112303104
0.00861439851094614
0.0390545373791489
0.0130707170513684
0.00144128045989222
0.00796101307671626
-0.00141240021179212
0.029114235066463
0.00718068680391615
0.0159754735241642
-0.00896123316799247
0.00458520339426438
-0.0128816689805353
-0.00162260669772252
-0.00268739169732224
0.00623215628391516
0.035157816090523
0.00102544291524653
-0.00829047104070146
-0.00597196872918926
-0.00234089520656777
0.0163713073402179
-0.00385050927613184
-0.0076409919202407
0.0160428266477464
-0.00192694715556807
-0.00640762897040159
0.0264504898532409
-0.0142377696340035
0.0218593263281015
-0.00701005143241007
-0.0148972414934487
-0.00766009184102723
0.00104923680150959
-0.0225702951807485
-0.00650068072503673
0.0108491763904242
0.00210968747075224
-0.0111255056202868
0.0267034613736579
0.00197318977981564
0.00414007474769984
0.00146421987103196
0.00181816285910941
0.00558539197430785
-0.00126361602144698
-0.00708792033098016
0.00592152968774928
-0.0288861250858619
-0.0118083853877913
-0.000888180791585924
-0.00635919960912501
0.00466284473343292
0.00743855969106355
0.00254003556200089
0.00499343813483621
0.00149561774850837
0.00681666351288857
0.00252328149247028
-0.00404405488390625
0.0203955873443287
0.0202817516687495
-0.0132198459670445
-0.00233457149261507
0.00103737410799143
-0.00814142773050763
0.0170488096411576
0.00685191529635998
0.00385605438788561
0.0165473558848042
-0.00365237017736142
-0.00038224374203577
0.00350891637776751
-0.0168261414735089
-0.0203116173585132
-0.00768945968288248
0.00774188970750123
-0.00566431910260468
-0.0247496089474242
0.0017611508210198
0.00499733517006784
-0.0132494397727123
0.0163863156762247
0.0135030496637585
-0.0366225163883931
-0.00815872676547214
0.0142895838332895
-0.027658213673281
0.00327330800820236
-0.0097922995959796
0.0127064706811755
0.0112380835569499
-0.00109016084372104
0.00947186945667577
-0.0171314275476799
-0.00383154489128823
-0.0055788521749951
-0.000998472749623946
0.0184018048668091
-0.0306324752220339
0.00473290506519786
0.00648697332229808
0.0065692013395815
0.0081791291406117
-0.00721752457831837
-0.00094347339794254
0.00159572301118649
0.0128134965268292
0.000390011941395763
-0.00677588692319198
-0.00444922423017813
0.00302091637334634
-0.0201881387514562
0.000759206579446836
0.00400809106819788
0.00135756427798595
-8.42710764801247e-05
0.0288205224848874
-0.0265988804430037
-0.0149286067119334
0.0136600542666176
-0.0026708316595343
0.0149703768358442
0.0048426992624695
0.000408928714252577
-0.0120595892563475
0.00388763007671722
-0.0259235182817923
0.00369931918046862
0.0118673378978584
-0.0024118303135201
0.00614724677867806
0.0194171144283932
-0.00643957040241272
-0.015913456462878
-0.00498492943843454
-0.00271588343030982
0.00690575059955023
-0.00554695149521089
0.00261394368576751
0.0135508208779145
-0.00277752130873354
-0.00702746713423741
-0.000557232150535603
-0.0169874319315069
-0.00449118100219437
-0.00755944637091499
-0.00214170721690499
-0.00756475045120908
0.000791728200626673
0.000832551281300775
0.0157044504303083
0.00171252402342659
0.0088903570310257
-0.00567221071991053
0.0177653277898648
-0.0126430477404833
-0.0186841981474699
0.00443109375091533
-0.0122938418864669
0.00253502685792073
-0.00944540576822761
-0.00109784069329488
0.0104191647524079
-0.0104152036832483
0.0137230418455583
-0.0140405924089841
-0.011915305950831
-0.00232099641717953
0.0130768723792594
-0.0131230852412947
0.00752301867127958
0.0016149049791343
-0.0195256400436672
-0.00220714926287124
-0.00365570743327925
-0.0053075131678324
-0.0228716345927564
0.00751456279705742
0.000511033787501614
-0.00747129453670325
-0.00289298512283587
0.00861672953810588
0.00578113993138518
-0.0189336900643835
-0.0115785055655759
0.000508317787186963
0.000614933178600507
0.000817418994435881
0.0109329475677189
-0.0102943484761902
-0.0102141927201513
-0.00793574678578191
0.0146439256694175
-0.0165691564285686
-0.002971502028982
0.031311439149583
0.00389971764453256
-0.0173024071360928
-0.00605664482965418
-0.0176944891086115
0.0284752345570949
-0.0140189656587877
0.00574255769175869
0.00149567233541115
-0.00961117613177054
-0.00276677743198128
0.00245383688021938
-0.00482832769830699
0.0058886036936896
0.00419618734303029
0.0177487130568521
-0.003862331506856
-0.0145686625786268
0.0046312338715826
-0.0162150061106094
0.0102263407863621
0.0120039754764947
0.00774497772397265
-0.011497560877082
-0.0168016723799975
-0.0156181986241297
0.000722079497389227
-0.00657523163367224
-0.00369827259511801
-0.0145906343080036
-0.0366608609177055
-0.010581767700649
-0.00533208546847597
-0.0028599139711738
0.0227249137674213
0.00949173105816192
-0.00261099082201155
-0.00743958813912471
-0.00944372655563486
-0.021630266374697
-0.00782386954305636
0.0158011614718843
0.00270200868811687
0.00416925286308456
0.00236002589651418
0.00833287722228149
0.00367065143525447
-0.0166532975691729
-0.00920070742620505
0.0144209894850604
0.0136807045613172
-0.00275029041792463
-0.00474508271941065
-0.0111399349705883
-0.00926978726242678
0.0189992285959621
-0.0159646133142779
-0.00628284645440758
0.0175313020288361
0.00839359468204659
-0.000816864632411818
0.0105073095302748
0.0144762935527236
-0.0146416628623387
-0.00133430155296521
0.0102717612587073
-0.0177709221744797
-0.00875780401166004
0.00643189266217092
-0.00614571580312662
-0.0194577723004841
-0.0122802500730241
-0.0155644135482353
-0.00827687045439407
-0.0206042657824042
-0.0112909136279655
0.00323571195741801
-0.00649706335028344
-0.00953873185042542
-0.017977137699744
-0.000243318401527137
0.0207767637250429
0.0173369963371126
0.0210121835679933
-0.00572322763060029
-0.00549998915217964
-0.0107054702332896
0.00449559326658866
-0.00393536279154305
-0.00899370107843889
0.00680519030197946
-0.0131257963814779
-0.00889926731422608
0.0218458028349029
0.00192279549163832
0.00746188023436223
-0.0112237180149999
-0.00468393445092818
0.00815486099661
-0.00246723710655106
-0.00544741719387853
-0.0257642402799019
-0.00791472533251714
0.0284420518412281
0.0261301128139948
0.0151160205818457
-0.0185302556823035
0.0180380968315286
-0.00795449068862464
0.010517171915396
-0.0115573045522184
-0.00432337441111552
0.0215290818522151
-0.00241355852226421
0.0106887232428885
0.0103758461926597
-0.0165697626464647
-0.00435836576477211
-0.0201209742661175
-0.00637171971145301
-0.00970417658469391
-0.0123412850881202
-0.00557355259158454
0.000481802890987204
0.0106077189387075
0.0077171103425977
-0.0104529891754237
-0.000469705612562654
-0.0140716187142766
-0.00844575373493495
-0.0089147296584331
-0.000661608989287021
-0.0131469168123697
0.00617373422373335
-0.00603565248800964
-0.00791176177798292
0.00907621121426949
-0.00695272767364674
-0.0134287760893541
0.00160718560792761
-7.81470164985532e-05
-0.0204074764522311
0.0332615319392033
0.00764968568849733
-0.00555202585337433
0.010238004572209
-0.00909313865821915
-0.00854639392649492
-0.0134106784905135
-0.00616268334272818
0.00072907401503608
-0.00396766939986648
0.0151009517802743
-0.00996159690287257
0.0482040295059998
0.0257866305923047
0.00223585509144453
-0.0103406206899699
-0.00627962305582797
0.00315503221371638
0.002297088664035
-0.0305326437845832
-0.0228423373212241
0.00540028580863305
-0.0139269546126219
-0.0137498320180336
-0.003041934719755
0.0259853984379883
-0.0144288504985326
0.00641214040263405
0.00232748464159682
-0.00749947603342771
-0.0238045466739742
-0.00173639415666327
0.00224061025268552
0.00590701250188808
0.0029960150458701
-0.0270761383956808
0.0211366500204382
-0.015560988252064
-0.00451373711756231
-0.0193528709544459
-0.012028651681157
-0.00912692311682628
0.005780564288415
0.000783349650130827
0.00306807195790548
-0.000235671572951901
-0.00408951977397654
-0.00770255090811656
0.0132967036066507
0.00185838333755362
-0.00912053689112224
-0.00225099539420848
-0.0151554797856475
0.0579725312200829
-0.00414963998048656
0.00117861854788415
0.00626684771379327
0.0122561706908271
0.00285214749488438
0.000265585272622104
0.0051564482162485
-0.0132218745625681
-0.00504754126647988
-0.020294405955154
0.0114111601481668
-0.00400410003741491
0.00410636211766691
-0.0246701609510724
-0.0253879476109464
0.00128920830495582
0.00225639901094143
-0.000936876650411644
0.00500600087903957
-0.00313971484966813
0.00180573052093003
-0.00332972323701597
-0.0178466171799592
-0.0131285426495653
0.00892789615255873
-0.00981924070009654
-0.00432259355614217
-0.00131632234394496
-0.0133650569600237
0.0183335606475479
-0.00411912033221862
0.00159048860980349
-0.00371971986709863
-0.0167216120366431
0.0024277980187104
0.0411734620218698
0.00982346697422143
-0.00427473459822902
0.0110169232090875
-0.0151171404541754
0.000102354086950474
0.00588355620134617
0.00344164491489307
0.00245382769703784
-0.0238757721373997
-0.0184671500558897
-0.0011159852408158
-0.0120643179265718
-0.0122187873803969
0.0218813538514098
0.0170750573659688
0.00190460378223611
-0.0235498559236464
0.00677824341989752
-0.000885900143760443
-0.0261461167683652
-0.00927845241879699
0.00518093385151719
0.0350377450318999
-0.0259552024026435
-0.0188525863440097
-0.00880629526935106
-0.02581561293026
0.00851557573727169
-0.00682361921535479
-0.000754201873281124
0.00572913391308649
-0.00416601001278494
0.00422253357658553
-0.00765313890966191
-0.012984167698745
-0.00721513226186055
-0.0134174001618099
-0.00161018298361548
-0.000107850773018336
-0.00671405000744185
-0.0164542383517059
0.000300906612387131
0.0236781173664729
-0.0041796823125051
0.00363706069572545
-0.000985669886628626
-0.00795435950430035
-0.00106747354941183
0.00161955975343786
0.0187183850763553
0.0176558747431139
0.00587164517027761
0.00175302814953526
0.00105650267197177
-0.0129490390950606
-0.0177372824745368
-0.0211231472034914
0.00260344046955807
0.00220894697960827
-0.00782349379830949
-0.015163948289775
0.0112692346026622
-0.017198581409511
-0.0209776502760022
0.00896236546826268
-0.0122235315252262
-0.00336839629085128
-0.00546119767364228
-0.00577470211866959
-0.0120617653158193
0.000242900226992582
0.00906321659568676
0.0288490863907391
0.0126985801085802
0.00259796373786192
0.0128834670468692
-0.000457524272300169
0.00652254296113619
0.010267733607829
0.00325010336871667
-0.00898627205412739
-0.0144978685897943
-0.00904927341542017
-0.0047271233454349
0.000136641309882224
0.0146714495708715
0.00885990872208753
-0.0127861334170098
-0.000875838445112187
-0.0175539184506159
-0.00984736965534427
0.0193078256421353
-0.0246106214834119
-0.00118733734682053
0.0104152756076674
0.0257587494719156
-0.000157626429807767
-0.0188467502932574
0.00472664584154137
0.00758902465115341
0.000742016381804156
0.000104848836724569
0.0217291085660545
0.00882486619217548
0.000779538187792861
-0.0275654499027651
-0.0247818911153741
0.0164646269809405
-0.0111097962274966
0.0261703425405424
0.0130912993137
-0.0146731827609099
-0.00392217060129019
-0.00480598819112421
0.0111813155118625
0.022277691644607
0.00236969048740243
0.00739186372386147
-0.0120380286204975
-0.00179699599377203
0.000518447275882128
0.0225407858134086
