0.00536111686719787
-0.00207934850723257
0.00403092737360744
0.00992724231336273
-0.00319158912537354
0.00261177041874028
-0.0183911680885431
0.00261521893518868
-0.00680794854721212
-0.00184746255680168
-0.00653656295025717
-0.00463173817068574
0.00315638120597828
0.00533903920569512
-0.020369810279999
0.00463723229245439
0.0146889009088211
-0.0101153086683381
0.00187992999014241
0.0182799916517085
-0.00105567056918465
-0.0140215186596642
-0.0123370899869037
0.0150039302628189
0.00826382478917598
-0.0106507736276347
-0.0208200490127326
0.0215633629271925
-0.0228780826523807
0.0222354745709927
0.000766951419316708
0.00477958044108684
3.06843235495791e-05
0.00230722927237248
-0.0111191912891997
0.00927355667986962
0.011806578056285
0.0168893822184455
0.0170430855414736
-0.00160132309316241
-0.00062785759926709
0.0153255206430929
-0.00508751926878404
-0.00950504128393903
-0.000201741874724881
-0.0112580705985363
-0.00130871537271426
-0.0151771204868114
-0.00195072325680767
0.0103086089438369
-0.00953887835875866
0.0151261895393753
0.0114026124409312
0.0163624636055975
0.00273104146680825
-0.00376422889010497
-0.0149979019734958
-0.00781026309575372
0.00685866021179971
0.00753399867350901
-0.00644814139964955
0.0195178499867859
0.00782993717453273
-0.0212592842836548
0.0107433756523025
-0.0187681184963973
-0.00306662348523457
-0.00534165650447482
0.0119011222686871
-0.0254329449606692
0.00632148902823593
-0.00936746354072504
-0.0217907386165295
0.0194994586605512
-0.0188109797070295
0.0039611704215281
0.0158848726232397
-0.00390979710237827
0.0111958478216594
-0.00310848429946686
0.00694663574175869
-0.0115907920034903
0.00739301980981666
-0.00814192747603859
0.0496788065043332
-0.0142504333157853
-0.00409572774940248
-0.00354120551926451
-0.000846135000458936
0.00422620290333775
0.0253418769682381
0.0147924044816898
-0.00722338779189213
-0.00625230967799451
0.00475000358637034
0.040416359714543
0.0437195527878229
0.00188591386573855
-0.00238124523850169
-0.0157139548163316
-0.000890704459464597
-0.0139880690025393
0.0131773761995548
0.00348427616782443
-0.0102438979847543
-0.0121842685442402
0.0225624700197768
0.00806481813663518
0.00627199076702523
0.0110512053665279
0.00924761044356903
-0.0134223528696422
-0.0063923119048046
-0.0075285401570595
-0.00952474282330229
-0.00107343384657321
-0.00963726846092117
0.0015332028091275
-5.0181494963164e-05
0.00751624796583306
0.0111742688929248
-0.0145418202667977
0.0246619156913712
-0.00453822572373719
-0.00910586391129842
-0.0108360499794362
-0.00886639441299231
0.00525155159544699
0.0136772626826089
-0.00809960421825018
-0.00219769913489731
-0.00105245747636395
-0.00780542440346332
-0.00250061526863976
0.00694793398820481
-0.0119595032135571
-0.00875835534040781
0.0141666097111985
0.0209935851817884
0.0165849373515645
-0.00126704254397603
-0.00639293628699633
-0.0113390500770494
-0.0282167024100775
-0.0186777148151753
0.0213763447682476
0.0102479972490988
-0.0047557632038584
0.0203392218165801
0.000276112944182838
0.00193673741544331
0.0237499594358599
-0.0124482908521621
-0.00123318055148669
0.000600262775616978
-0.00931101499817499
-0.00730725703990887
-0.00376535666870792
0.0089976111213308
0.0101853932682974
-0.000254574746682668
0.00145645068177513
-0.011173213819903
0.00131918336207115
0.00268383343943368
0.00279127937598123
0.0212983773657198
0.0164592632727509
0.0122847829860686
0.00969967326564447
0.00939831733696983
-0.00812680559923562
-0.0101661442156866
-0.0125532233196337
0.00263256396507483
-0.0216498380585688
0.00424398923361813
0.00209641461211585
-0.00262426446688879
0.00341562205509938
0.0034133075463636
-0.00128074753192009
0.0139806277068486
0.0109054921687517
-0.00355684882324825
-0.0210836446515374
0.00246168807049751
0.0160333633309493
-0.00191524120274367
0.00977173861901304
0.0028670426425883
-0.0141340193230248
0.00928864577562094
0.00451111590936004
0.0110378224860088
-0.000351627660959641
0.00554786055563961
0.00733985907604029
0.0057547681949679
-0.00503410582105834
-0.0195526621717017
-0.00149909664519865
-0.00293935496515174
-0.0159154178116061
-0.0086328165975198
-0.0170939465062057
-0.0217189010126506
0.0042441326210374
-0.0123215688340432
-0.0027960957697073
-0.00686026047683486
-0.00195360082269125
-0.0125102729696602
0.00140238851756846
0.006504479595973
-0.0026720603608803
0.00385052480956283
-0.0104293149262469
-0.0168158431469354
0.0104620981174177
0.009444835636365
0.00505887707330221
0.0295902031123938
0.00615131942705993
-0.00384652848226397
-0.00529821734858626
-0.00313218035585816
-0.0131024453005077
0.00584167346777997
0.00936497485356935
0.0107500113534025
-0.0189808382961347
-0.0204928940109379
-0.0154386574811223
0.00884976488050992
-0.00793149377082925
0.0156538779019624
-0.00200241444620097
0.0130502795777303
0.00808200532210157
-0.0010326069821005
0.0130676891735786
-0.00339894657196749
0.0201022602099163
0.0337368281403636
-0.0275713143096448
-0.0071632865280995
0.0052111664644654
-0.00387467747662629
-0.00488596024429855
-0.00942217940707657
-0.00375064371822376
0.00532469227538934
0.0070631457946162
-0.00773480824887551
-0.0101536407285883
0.00847578576130514
-0.0116026856380584
-0.00411501850434193
0.00267774035843527
0.0493198163301261
-0.000563716655936686
0.00561623614603768
-0.0188459211086605
0.0045965281834266
0.030295837513552
0.00848300465266494
0.00213279197268479
0.00208189754736243
-0.00773442632301169
-0.0120216256632313
-0.0135180560809678
-0.00117751604503402
-0.0150672349138941
-0.00092792565276012
-0.00911841247413125
-0.000171493980981818
-0.00147576585865217
-0.00719775781835086
0.00658759096218819
0.00208291906597147
-0.00894720664334003
-0.00115572186003265
0.00623931160286073
0.0164060413284679
-0.00823051650803452
-0.028637625934071
-0.00211773003509119
-0.00108233940120561
-0.0166201967643052
-0.00841999268911753
0.010584149154464
-0.00207649026555501
0.0217017081714106
-0.00310265940790355
0.00555619333507895
0.00277326230217678
-0.0165743590377361
0.00707760054064011
-0.00496736484808102
0.013212722073622
0.00161220617905133
0.000698424386742502
-0.00958992610383502
-0.00281259459653338
-0.00823160408691481
-0.0217884149509182
0.0142354302440697
-0.0220014193924207
-0.0149353017163079
0.0143939066529191
-0.00339053447758064
0.0143247733271541
-0.00165664272566435
0.005737625373607
0.000687887752769178
0.0135174226350494
0.0118022526920527
-0.005198144996442
-0.0196455495568024
-0.0178039637181973
0.0170023276455611
-0.000550766495140298
-0.00577617439625899
-0.00342098903062937
0.0112274850863314
-0.000791569197868824
-0.00200669822921151
0.00758931028708165
0.0145307991478569
0.0105440033118469
0.0187928842205569
0.00941759068389136
0.00117001895997348
0.0072600063001711
0.011516252479455
-0.00126982268981757
0.00202734323207654
0.00367194971092966
0.00179472536204273
0.00650176091048404
-0.00321550398425763
0.00125294086567695
0.0288140408860953
-0.00878291461532932
0.00160940076838401
0.00789811949312424
-0.00852848229940761
0.0182032786806454
0.00674186688852574
-0.010805147169815
-0.0024803917459546
0.00780920453627587
-0.00562303965181199
-0.00736258348673124
-0.00553084274328786
-0.0188393734955576
-0.0107624401829434
-0.000655777645203415
0.00149490622771364
-0.0150943922289206
-0.0067747730296579
-0.00543280457973827
0.0044832811611859
0.002956550934335
-0.00145301829083211
-0.00200661589358742
-0.00534249971282597
-0.0068390529142488
0.00335802291822596
-0.0114866387858306
0.00862724185244357
-0.00726278032982419
-0.00808405615337016
-0.0101274725732337
0.0144043414990285
0.00511194667652637
0.000784503410903081
-0.00497128821556303
-0.00102681119909143
0.00680278859211914
-0.00220357068197874
0.0137322094830667
-0.0130667429521221
-0.00626069296282172
0.00762512247970348
0.0121132749099444
-0.00652021544659709
0.0101019339329755
0.00588331076004223
0.00616798243573458
-0.0082010420943246
-0.000713123472988686
0.0304114973845826
0.0162673653716578
-0.00529725396293945
-0.00485667823303948
0.00818504053948454
0.0201825634334873
-0.00770312613097279
-0.0195651352485435
-0.000576778166578862
0.0109241340588775
-0.0147101359026669
-0.0243461944477126
-0.0112189401402469
-0.00831149655951791
-0.0195047950707912
-0.0144518745352573
0.00827246184868424
0.0047880220682992
-0.0055922177993748
0.000641136593194869
0.0112584646347766
0.0114610476344827
-0.0154408879577383
-0.0076016974307429
0.00719083488252181
0.0117822479962721
-0.00108581494159044
0.0110994206323665
0.00363705700424144
-0.00557280861212428
-0.00825581346211335
-0.00136312440363939
0.0155657417021595
-0.00680927025953371
-0.00227807326236706
-0.00499064677339378
-0.00404872197926576
0.0071076220337789
-0.012036470402049
0.028967275948979
-0.0302423156290417
-4.4107966308049e-05
0.000977183382925739
-0.00515303111118759
0.00191524274647215
-0.0103447618195509
0.0141635154150914
0.00996766557318107
-0.0209957834047432
-0.0103672097885887
-0.0155539420042441
-0.0196354547067488
-0.00424649924054021
0.0290541765972916
0.00286634203669545
-0.00428209202013585
-0.00116716236862224
-0.00414177517898162
0.0409163880102308
0.00607813651583422
-0.0103921124138324
-0.0134807306464886
0.00462416125790877
0.000512666089610203
0.00742044782210138
-0.00120239577492098
0.0183570945504581
0.00752922529566602
-0.00249328083930234
0.00490394272153827
-0.0195558083241316
0.00806506862613854
-0.0104326834672577
0.0222372526536885
0.0196239853422324
-0.0125044657677584
0.015755815529418
-0.0236715925483715
0.010970812791498
0.0145913806867934
-0.000977288964542078
0.0158213518402155
0.0116214963054047
-0.0121921533338802
-0.0037251716818667
0.0144649618887165
-0.00965864745981615
0.0107559064027618
0.00150302306209849
0.00459608603594353
-0.00620630291795399
0.00173530378342002
0.00457933584176673
-0.00501025723579374
0.0127737383145701
-0.0395180024115254
0.0202849523334949
0.00257504995813029
0.00957369654162199
0.0121792391615982
-0.0137955109814887
0.0051587252823615
-0.0256925999663333
-0.0141501062374414
-0.0270808211313485
0.00104933989582068
0.00752871209921979
0.0112009071515065
-0.0136984221114473
0.0180042790604753
-0.0182336772301395
0.00632639793724321
0.0120013213010017
-0.0143664903684975
-0.00191427599572247
0.00435259400565302
-0.0176951051093868
-0.0137923754395353
-0.0133060666478966
0.0138254073366708
0.020507293604096
-0.0099908572302998
-0.0165356931214686
0.00282810109555953
-0.0048509020784826
-0.00164260502295477
0.00135157168630307
0.0021041380083211
-0.00811737771331456
0.00315875378453079
0.00249896628438862
-0.0136149034536333
0.0178465114214996
-0.0133581082508976
-0.0148212595036918
-0.000324287450521155
0.0117421142613132
-0.0101330482809618
0.0636488974949974
-0.0014679098174728
-0.0217938550433574
0.0160731417741102
-0.000991901122341154
-0.000631449719083799
0.0063479463278171
0.0384036264827792
-0.0100996988563449
-0.00280376899085599
-0.0107462335385111
-0.00895996204126681
-0.0270403640958061
-0.00350764611105792
0.00275317382584772
-0.0213916250988544
-0.00857651823351713
0.00386359064291275
0.0197659180074887
0.0053848527268332
0.00515851713291049
0.0284431311133053
-0.00161236208871607
-0.00770115989040665
0.0188544491296714
-0.000881303825988944
0.0049922206965145
-0.00197012692071041
-0.0122245742835374
-0.00405235391508407
0.013106716611432
-0.00334886548818747
0.00296396516027286
-0.0162465704829182
-1.63857084189978e-05
0.00972193227852092
0.0160667940459536
0.0150070330140668
-0.00745813736903678
0.00246556384467067
-0.00533107237094743
-0.00978069537836901
0.00109203062552243
0.00493698184019853
0.0160663856254102
0.0304719154374282
-0.00260761495190964
-0.0099317771712073
-0.0164409363308806
-0.00448891241727667
0.00893516955393658
-0.0169242963171334
-0.000325896914898927
-0.00264633329128316
-0.0140567573488659
0.00293277938288217
-0.00694442913202842
0.0215758123957213
0.0131016566493605
0.00557116743757335
-0.00503163931634787
-0.00746158844135958
-0.00823102877673021
0.00376466914120188
-0.00669712767299613
0.0136967672119603
0.0130996995659585
0.00078029780908806
0.00488564173691741
0.00748030885349849
0.0268206157841862
0.0130939799641376
0.0217336909397945
-0.00911750305585479
-0.0251975967512441
-0.00876308499322054
0.0227175663823007
-0.00989215396817245
0.0176645555848787
-0.00323930661688721
-0.0108977804550106
0.0195321105274691
-0.00274543192132493
0.00173472498293559
0.013134166411926
-0.0313378201056105
-0.000187408716153081
-0.00625929688532878
-0.0203299583628709
-0.00403794527393209
-0.00847430793878656
-0.00208083715065177
-0.00261676598367133
-0.0197137726822618
-0.0147734302153395
0.00198423744310361
0.0103531225374964
-0.00250073016183894
-0.00261083356420344
-0.0101317765254765
-0.0151167594837212
-0.0275590816122384
-0.00896911910127773
-0.005327731912391
-0.0161457007228147
-0.0508468188632061
-0.00462205583700936
0.0143691031159807
-0.00106546049496048
0.00173737368837368
0.00732130797207953
-0.000341879530476374
0.00551083842855449
0.0041412789930666
-0.0137461729817407
-0.0109233950803094
-0.0169379284793769
0.0091124009791379
-0.0120182755635609
-0.0189194454582808
0.00871770705072428
0.00661725878959207
6.07202405853435e-05
-0.00546346577034784
-0.00421271463396233
-0.014471355591952
-0.0163206333159309
-0.00167336075451541
0.00719837539009882
0.0183572018897185
0.00933682881350162
-0.00410105933152294
-0.00983945211440052
-0.00232722298018162
-0.0311015408563706
-0.0137838395328327
-0.0032400755176436
0.0157915309885193
0.00780057472047346
-0.0256773830744899
-0.015699989939673
0.0031893760105739
-0.0127834036115804
0.00961483561526144
0.00504221550906458
-0.000793469931723578
0.0125306929591038
0.0246005166815138
0.00956496096652093
-0.0368541636491593
-0.0177562166225411
0.000505954039946133
-0.00293769165783497
0.00187290644247051
0.0256672567543559
-0.00715735324621969
0.00333448159831651
-0.0147963130985667
-0.00274107714951533
-0.00081020500259732
0.00486885721001196
0.0100175677512222
-0.0246989768771613
0.00325214875199076
0.0155069110246233
-0.00504825399311248
0.0109542364624786
-0.00306146713111288
-0.00532275933160786
-0.00244612223783647
0.00357059613948008
0.00845728332005358
-0.0176298458594821
0.00228245166215402
-0.00485308332682122
-0.0101567087653678
0.0203690515850918
-0.0306422604775567
-0.00037746216395762
-0.0135939968571837
0.0114695577112791
0.0129065931549237
-0.0137924673463476
-0.0205501396916232
-0.00131542546990415
-0.00795665937412693
0.01321268515952
-0.0072730043958551
-0.021106061179466
0.0212587085482969
-0.00977854638555131
0.030425446664575
0.0102541749112015
-0.00846193610492496
0.00305942513892443
0.00663168368468825
-0.003521810008978
-0.0031907861586693
0.00772983963340179
0.0172779590151584
0.0119101853500423
-0.000471494666361538
0.0108939759939271
0.0223891934640628
-0.0265790494493965
0.00152347661866647
-0.00321233154360501
0.0266554576543454
-0.00592819325887639
0.0263525306610051
-0.00723635743349527
0.00636782682869352
-0.00769076684848691
0.000531121161370995
-0.00186624885742059
0.000387650778714388
-0.00058870184387616
0.017206987274986
-0.0167339084117111
-0.00926485641508989
-0.00423495797382012
0.00481669522270112
0.0169264926893358
0.0100600082282247
0.00691096148954107
0.00464964798741652
-0.000244314871118867
-0.00546654222537346
-0.00845638495271106
0.0219949264709332
0.000515014276650572
-0.000271263653035092
-0.00784053935004692
-0.017014726841329
-0.0162382610894327
0.00930552013042329
0.00182572013086557
-0.0190226040240182
-0.00901302821189587
-0.0163208378242055
0.0130614944377203
0.0128687347095684
-0.00149398323440963
0.0165669567245583
-0.0117658170427088
-0.00133963338970755
0.0153923596431453
-0.0159576057417357
0.025442925531141
-0.00756462186661566
-0.0172542019218564
-0.00258210329376163
-0.00576368235752223
-0.00838230553379882
-0.0155009503514152
-0.0163111244257335
0.0193984491731101
-0.0142141369578839
-0.00278866013450552
0.0127246702151353
-0.00109417263026867
-0.00779923599140964
0.00439315580363209
-0.0045498611146586
-0.00834585425686618
-0.0118352143405764
-0.0018700457617602
-0.00326901422614823
-0.0143959901897961
-0.0101516620087914
-0.0151650689634226
-0.00119966021479523
-0.00646737337855452
0.0138397764104803
0.0355516839987688
-0.0192354665053538
-0.00320847789462064
-0.0121742511392204
0.0136170067540888
-0.0123537535350713
-0.0107900455254715
0.00423565937579173
0.013539943368988
-0.0130128614978848
0.00882682409247404
-0.0119867978507631
-0.00315192878219439
-0.0203464046780797
-0.013026297636447
0.0192395548078688
-0.00465237241868599
0.00957645006254459
-0.00968814161136189
-0.0103349130552222
-0.00857506992613177
-0.0182771122330323
-0.00927584775320911
0.000374006435858387
0.00352996219996138
-0.0214589158231622
0.000866268743384691
-0.00407468376715658
0.0154117419295123
-0.00173331288943523
-0.000414350856871915
-0.0168880514004011
0.00618480707523017
0.00841141067136064
-0.0164174765767897
-0.00683350655391735
-0.0136276822918862
0.00668811774047029
-0.00195582976166753
0.0158340283579776
-0.0129186491021283
0.00250267257858083
0.0224569881433963
-0.00943929458449744
0.0116717620592883
0.0118141444413489
-0.0133294790045091
0.0172341036524843
-0.00655785939950815
0.0260070867335069
-0.00980460712897169
0.0177727218199437
-0.00957541677862528
0.00755241747852509
-0.0161217878592894
0.00930779328166143
-0.00354808562438813
0.00188009291355007
0.0363085657847919
-0.00625566927637999
0.0160449084493883
0.0118090368943669
0.00917412639643667
0.00118732978191582
-0.00249781096904167
0.00347842517639552
-0.000521590711820785
-0.0137515074176282
-0.0111628414970477
-0.00278430290706844
-0.0172436669169151
-0.00477578668882295
-0.00928194232575619
0.0151681845829981
-0.00889187873187236
-0.00108476373758304
-0.0044415837359959
0.00759908714445112
0.000450048228821665
0.0145758745842326
-0.00336262988662583
0.000880918509569728
-0.00168092595897118
0.0149887034174965
-0.00803630556517865
0.00445357570148119
-0.0120348715978902
-0.0114877200173935
0.00363369653996215
-0.00486362411438002
-0.010175809385343
0.0068510153686161
-0.00717141164680268
0.0027541565939242
-0.0115397811478983
0.000761043200721012
0.0115294358294409
-0.0113478682066532
-0.0152005486381701
0.0144153190470455
0.0150629670450839
0.0229621958389785
-0.00171397356010261
-0.00179064280749186
-0.00868515981424056
-0.00931653572791413
0.000721376473448831
0.0032225648663089
-0.00619274815679383
-0.0118020749444412
-0.0108064203664204
0.00186704777855518
-0.00423414728740545
0.000417766284831478
0.0146310188113008
-0.00696956020374584
0.00577770745148287
0.00394798899384963
-0.0053369098064695
-0.00264092476828282
-0.00688230600460837
0.0332851130842537
0.00366157807756506
-0.00356063080614755
-0.00435044345141122
-0.0208740204176479
0.0124215064089024
0.00639973048501785
-0.0293013514111478
-0.0111798006110353
-0.00943171417289834
0.00853974725915663
-0.00693799604117218
0.00941678323774697
-0.00689379802865075
0.00317683761685328
-0.0257819845098919
0.00728829392746766
0.00481324480389556
-0.000892200019322553
-0.0174752982325062
-0.0175075840928356
0.00668820060060238
0.0190866423773135
-0.00694491827877441
-0.0115299976949172
0.0031555233384013
0.00442396149312096
0.0096082131055355
-0.0161428487175597
-0.00642778612773776
0.0195974659838385
0.00477680489036469
0.0122447516594171
-0.00836229010683787
0.011686977903175
-0.0101863737480288
0.000126609424536239
0.00980068222137298
-0.00592602098607076
-7.36677442136902e-05
0.0251780504361645
-0.0158582753577328
-0.0133704164964064
-0.0135324463597382
-0.0103881495926617
0.000353558971372347
-0.000645511747475735
-0.000583714503489041
0.00566624942087324
0.00421339964187251
-0.0148904415651301
-0.00876616109044992
0.00527057157734179
-0.00583080010778225
-0.0150775545837369
-0.0190336184116029
0.00762031172525002
0.00724245831986359
-0.0167866853520799
-0.00847174827634989
-0.0147420506188682
0.0172849419289101
0.00884095364946225
0.0252053051175289
0.00348528208546961
-0.0225018707097731
0.00774327990903778
0.0144558913414494
0.00741361299279486
0.0204476012568287
0.0142263799984539
-0.00535071340543425
0.00900765762931743
0.000320656940298258
-0.00444935226864551
-0.00620649849762045
0.0195406149981463
-0.0139274461428927
-0.00990442295723115
-0.00443717362707852
0.0197944814807278
0.0122529013316617
-0.0125404053551921
0.00921463621544372
0.012934110203086
-0.00146104556124893
-0.00742954699265441
-0.00989233459308902
-0.0102307510578761
-0.0226293629479577
0.0045732353644945
-0.00403640345561707
0.00984233278857483
0.00288724956326436
-0.00976096361465095
-0.0100154152335346
-0.0211530588511564
-0.0259328456430254
0.028865932168944
-0.0134441895071302
0.00768084815164238
0.0107957588160235
-0.00133335328886974
-0.00595653696498921
0.00810912362279814
-0.00891243729622548
0.00889869094413087
-0.0137865022202051
-0.00493266586136798
-0.01124606980506
-0.00227162540793624
0.0227177800732252
-0.00750682510551437
-0.0101378839529078
-0.0262100876504796
-0.012411695285351
0.00648740062210074
-0.0179700882875862
0.00498012342886156
0.00387653255766929
0.000929029297261685
-0.00920102275446011
0.00327665767922847
0.00649136956375762
-0.00321806236358535
-0.00520324429259755
-0.0114280698193683
0.0246431704032957
-0.00254150273856424
-0.0197038103726741
0.00898132917269434
0.0131506634661347
0.0217543547066406
-0.00935187658310599
0.00683464986143112
0.0183491295972158
-0.00639813468353734
-0.00568313781400631
0.00773450218619409
0.00423561093134039
0.0118643646138372
0.0041819624670445
-0.0170574726895911
0.00436397748091633
0.00653477001499092
0.00682361584555302
0.0218469790752789
0.0142593755076814
-0.00190375818653798
-0.00202945539331312
-0.00649643818524459
0.0353914574440859
-0.00769167755656341
0.0064116646783694
-0.0167105812213539
0.00917594978016689
0.00225448340302736
-0.0114905084132526
-0.000680074699838329
-0.0250249428608043
-0.00394919736198851
0.0049118976929281
-0.000829858110400705
0.00275614755847187
0.00344148442614522
-0.0148210101119355
0.000969219823219403
0.0182139223912667
-0.00660073282354889
0.00520714107405285
-0.00434135080807119
-0.0224838391458206
-0.0139452960885191
-0.00427078663381164
0.0179521711926451
0.00109620912784125
-0.0163830654771731
-0.00276498230335886
0.00994654712336374
-0.000429884937233727
-0.0117165035939262
0.020751064649821
-0.00788190617862128
0.00387766068826423
-0.00261539270700695
0.0062193115657927
0.00541156892995254
0.00782721123412777
0.00109508839417982
0.0039194581623212
0.000490504133082492
-0.0130463995205261
-0.0033027832699446
0.0072774790741339
-0.0249163548686686
0.00662952922038995
0.00322377014722997
0.0290115784093654
0.00491125787359614
0.000498365914932908
0.011789356052049
0.00255074421765111
-0.00326583998443186
0.00726182606433801
-0.00311818701394451
0.00571235850867113
-0.00726736885850654
0.0199737966445159
-0.0100454102497156
-0.0172982559383086
-0.00790916706085776
-0.0222541120726503
-0.0102657023401043
-0.0091902878169432
-0.0025051559424365
0.00590991892117732
0.0157154012142158
0.00507199592763152
-0.00228373610901578
0.0247922767930433
0.00140897080439761
0.00867942263737187
-0.0120472617866143
-0.0134992006298424
-0.00917449280353955
-0.00735040458532321
0.0013089437118381
-0.0113989863129462
-0.00472589466790918
-0.00500444444454828
-0.00351465341093515
-0.00511921873624166
0.00359211021913142
0.0144844179679762
-0.0108131353060505
0.00719043325793267
0.00644707678365908
0.0155977339788425
0.0056830597216937
0.0107108488791099
-0.0124308845018799
-0.0148308301717452
0.0118613971082375
0.000885541053876837
-0.00357651308313733
-0.00262001012035018
0.0144565538397683
0.0036812736238323
0.0151687517660892
0.00158007836510299
-0.00758378272124816
-0.00344913929086532
-0.015102438851482
-0.0122124092849223
-0.0116932418174986
-0.0265502111458495
0.00385753030846159
-0.0103843115278943
-0.00494569292661784
-0.00922816096205059
-0.00353609764449492
0.00522742562409761
-0.000227126403698152
-0.0219792662169573
0.0126911975602444
-0.00525649111909932
0.00163506144809555
0.000602016593462151
-0.00302687166452942
6.80848596879002e-05
-0.00841847056018064
0.0162385046318179
-0.0109303591610679
-0.00672756662747065
0.00798277873899567
-0.0117560186839794
-0.00649114288317998
0.0157269932134121
-0.0149941792141224
0.00428462385648221
0.0175143895119851
0.0214985933036242
0.00154520440748973
-0.00197478151163688
0.0170019051003771
-0.0153977490288875
-0.00253392114819961
-0.0286682558228231
-0.000649870454943802
0.0247589870439613
0.000608207654742898
0.0163085657921764
-0.00264042174777601
0.00790518748722868
0.0217279699673627
-0.0134135327394449
0.0173444467966735
-0.0137273971131713
-0.00603254109789519
0.0138612473277613
0.00198036072838748
0.0156845309201721
0.00781898934180592
0.00577011937771443
0.00462649501957113
-0.0200030800095081
-0.00552332216963003
-0.00601569148835757
0.00566666196387611
-0.00345930045135323
0.0031624867375073
0.0216878311770907
-0.00135450170528451
0.00507046931748745
-0.00561398745695363
0.0141941358078759
-0.00199993989485048
0.000465705670953387
-0.00232930240730833
-0.0218597907085574
-0.00396660150781147
0.000741476432243093
5.43347168138197e-05
-0.015658493279173
-0.00435895566547773
-0.0032606407943625
0.0117304269184264
0.00917107965905739
-0.0289003834643387
-0.0123488141110202
0.0079089583555898
0.016408239736776
0.00501832671374114
0.011227018940041
0.0176568168021516
0.0146144475299941
-0.00758432657202834
-0.0331003438897333
-0.000516107649803699
-0.0196505582893796
0.00546388354305649
0.00609666929816832
0.00564802684530674
-0.0127841672002775
-0.0120808158852976
0.0197712427792045
-0.0143456986293071
0.00198616406166874
0.00810707926563636
0.0016686676554909
0.00222198757478864
0.00595690449864783
0.00370946287866225
-7.26847427761079e-05
0.00285206669883875
0.0418417314929536
0.00479581491298875
-0.00167279770358042
-0.00335840036234369
-0.00305196986405942
-0.0106006847169018
0.00661801343776003
0.0263849146708308
-0.0057179734495223
0.00614730909845385
-0.000134050282485809
0.0136280932701118
-0.0166649110106922
-0.00608625109080219
-0.00615351941572273
0.0104193618101867
0.0172325229330348
-0.00742585553139374
0.00261434197650834
-0.0215776281583606
-0.0132705773924315
-0.00206042613380886
-0.00845019438776573
-0.0120124646175077
-0.00182300770946719
-0.0334417433116985
-0.00152390594487017
0.00836948033531937
0.00987238054779582
0.0130982425006392
0.0093397976496683
-0.0157031950608717
0.00459774658592105
-0.0101683653999574
0.00687538734755933
-0.0049930781099452
-0.0169284205889886
0.00942564615796959
0.0271201261629184
0.012594873289671
-0.0506102893784584
0.00120628962205394
-0.00802194076149121
0.0151926705270475
0.018692482240243
-0.0125935414361238
0.0142604601437333
-0.00079976123637282
-0.00637750100361023
-0.000341682839720914
0.0255707073147291
0.028403830524897
2.64851320874726e-07
0.000884188685939424
0.00678251834742616
0.00168795861897575
0.00516055843082674
-0.0135682203291669
0.0026326355272801
0.00684748621591225
0.00358981690189397
-0.00270791572462992
-0.0147335334896603
-0.0305158732417585
-0.00484131773511387
0.0175737164203587
0.0023379790429785
0.0019458235548675
0.0135782765043175
0.0122336060814305
0.00900188654077705
-0.0186995640629199
0.011407378217938
-0.00646749478045749
0.000360617025983334
0.0244949106941765
-0.0174606789522387
0.0231864350833815
-0.00857982859405082
-0.0121227926208129
-0.00125500847052118
-0.0025025244390231
-0.00953030521030351
-0.00962547698919147
-0.00127979835636016
0.0222053432920992
0.0156456330525601
-0.0095664688540027
0.0195299158728124
0.000323472433864325
-0.0116751345704129
-0.00214790470941906
-0.00921281994686973
-0.00575583040441119
0.00113763052741733
5.81244761876931e-07
0.0324522221920267
-0.00309482850807563
-0.00897098045421041
0.00963680413734602
-0.00338621688234353
0.000785674919060009
-0.0171754315693158
-0.00162122724719538
-0.00193727529124343
0.0126532419633687
-0.0137657040967747
0.0017030399120892
0.00735046509485482
-0.00763425968829212
0.00457658619917534
-0.00554706486707568
-0.0116956200780545
0.00220971024853722
0.00522046628734962
-0.0025701594009151
0.0189599870084141
0.00243274043786457
-0.00442854540255233
0.00164809127947585
0.00368133388135172
-0.00484021995560457
-0.0170681539733546
0.0102505454735262
-0.00608243886473336
-0.00800870369352458
-0.015650331878162
-0.00241071020553507
0.00730793965653476
0.00693649406198205
-0.0115958013411639
-0.0148303558376881
0.00785129218964276
-0.00348943736043883
-0.00169413718858702
-0.00685163988302318
0.00675699430149468
-0.0019466911275805
0.0369414850404748
0.00262867121388366
-0.0142238617092536
0.0065813641787682
0.0135652048866355
0.0167428970946082
0.00133012205104999
0.00290948861516549
0.00213298716891863
0.0164492700205034
-0.0180487786721231
-0.0121859729069991
0.00349313434005571
0.00537144804555267
-0.0104565656304902
-0.00432314511113563
-0.00533559245445114
0.0181135630975358
0.00227968873505158
-0.00739974022529766
-0.00552734625995077
-0.00756000744254393
0.00965623998135157
0.00753562175971156
0.00718180201334073
-0.00019615270045259
0.0102488603273478
0.00527832139747408
0.00203451420481526
0.0251908335253042
0.0016007909755249
0.0181454381100548
-0.00346806699310132
-0.012605137854701
-0.0141238691701533
0.00476268933313562
0.0103782429228216
-0.00574337590027341
0.00816973837747459
0.0049110945159585
0.024456386423465
0.00280163266728328
-0.0274582665682466
0.00194417529762259
-0.00517972702102165
0.0084865240928218
0.0239500040560552
0.00494892681734038
0.00341334484781219
-0.0154925172608844
-0.0177511968260831
-0.00136459426416269
-0.00152872822671535
-0.000412086929438171
-0.00360042378100145
0.00428086868012301
-0.0510557947747063
0.00695442034534022
0.00577478291763422
-0.000464335214142908
-0.0205491438822794
0.0135998330912652
-0.00564936687165529
-0.0102033548836342
0.00479780185259848
-0.00689080926311547
0.0189977752749746
0.00223424422703755
0.000458846940654567
-0.0100755677628594
-0.0179965944092049
0.00282193996399416
-0.00604845996283832
0.0155435117384413
0.00733157849354127
0.00243852680044965
0.0135935516757475
0.000855442829724495
0.0222021603757956
-0.0156265880379771
-0.00335530225821357
-0.00192494236333096
0.0104640969621574
0.0061902368829283
-0.00159454745050769
-0.00181792032442241
0.00869409648740582
-0.0168151267464534
-0.00378959207415575
0.0102096440867436
0.00934073980468719
0.0044304992585853
0.00615856435512829
0.00515341254324619
-0.0264562514517608
-0.00129417854598346
0.00885629374095909
-0.0125843075234879
0.0152628265070276
0.000477904959890418
-0.016628753274337
0.000705515286530289
0.0105199475511446
-0.0105412800994567
0.00762645993241184
-0.0100912428383135
-0.0276551774609728
0.00591363495006814
0.0200648265133963
0.0096809805591711
-0.0155422398544764
-0.00743180393750786
0.00159466706071565
0.00578513661456026
0.00452910282918717
-0.00162820148280729
-0.0128524054298647
0.00285039283833988
0.0307744839732722
0.00483229317918954
-0.00597332938002482
-0.0110997186754138
-0.0299736049000465
0.0198624795736402
-0.00913166917657393
-0.015270665314369
-0.0165051761524742
-0.00493130819920218
-0.00281707011092935
0.00709502630385184
0.0070200208361233
-0.0373901173967881
-0.00291703786568576
-0.00936828549057189
0.00990986029175511
0.01550939959248
-0.0108942275313573
0.0285678629242176
-0.0052706946402068
0.0025818866433216
-0.020577889487138
-0.00187211665624676
-0.0189226823451527
-0.0201049103067559
0.00197337273611264
0.00226295519950415
-0.00146138308494526
-0.011272782054673
-0.00515099687787179
-0.00689666510824383
-0.0132689188334796
-0.00783273122442374
0.00518484731069258
-0.00619197028325402
0.00900190895806219
-0.0135703102858233
0.000386302866887789
0.0154305971839219
-0.0176082907190835
-0.0188014810737474
-0.00474687450897027
0.00690519523464195
-0.00608223469021052
0.00869333923315607
-0.00653903823470903
0.000344257350139321
0.00204705964252505
0.00543798177657839
-0.00751110449821812
-0.00282152918258394
-0.0165113760882121
0.00154607577308519
0.00339524818421011
0.0224377921704222
0.0122498603976675
0.0109963449793566
-0.0130806854887402
0.0124623988919059
0.00845479846647001
0.000370910206975772
0.00268241116442902
-0.0191601245592303
-0.0156109568469851
-0.0211407428097918
0.0202104893022439
-0.0199870292505038
-0.0274221311551119
-0.00781192408349929
-0.0117363426502557
-0.00921304673287748
-0.0118343980822977
-0.0332299389611816
-0.0115696943499908
-0.0083749491706957
-0.0287335996827816
0.0059531387284375
0.0016919400603157
-0.015475352218933
-0.00436355860244264
0.00100768086759828
-0.00267132585970065
0.00475708839002897
0.0156781477529697
-0.00875899385835144
-0.238872199663539
0.00690341303384479
-0.00246640986184565
-0.0324637636436682
0.00296251799137282
-0.00618395233647506
-0.00500767410232572
0.00160964569906463
-0.000884657979641101
-0.00496572370729598
-0.013401375521003
0.000477252391716032
-0.0125373392117147
0.0270311303611648
0.00724681863650556
0.00169463290446958
0.0165906703731764
-0.0019708595984167
0.00138576691962089
-0.00803748100771973
0.00955275776263198
0.0112471743522711
0.0197879909390672
0.00445349578770982
0.0264030464427658
0.00882936501695619
-0.0110286052209534
-0.00171012612912591
0.000530672402407895
-0.00205122075163788
0.00685791152659254
0.0194531399018631
-0.0106147644787464
-0.00309132055090378
-0.0180656488886273
0.00204734929907291
0.0209941279511383
0.0499062049626549
-0.00533875743636347
0.0160847092878675
0.00695197591231711
0.00421972602463372
-0.0248508017044795
-0.00133617374723549
0.00371102111874899
0.00191485021101379
-0.00524358469205333
-0.00354196405919027
0.00289823678308365
0.00575536225632978
0.00433806696146211
-0.00345886137667994
0.00132351248571716
0.0218203008068643
0.00231577881430978
-0.0192933900270642
-0.017404751141904
0.0027917789551124
-0.0105594144543111
0.0104971903957116
-0.0165599207221208
-0.00702802356608556
0.0200550232765235
-0.00808536115781844
-0.0162728178397795
-0.00360958944149248
0.00704497565850448
0.0104160878553243
-0.0258082031552616
0.0180808724022934
0.00365532982895722
-0.0111898867158295
0.00703289416190334
0.00469375427489638
0.00653390320689184
0.00500607808958886
-0.0141843610226569
-0.00330310204959083
-0.0202379652734659
-0.00803387739455941
-0.000587607834318549
0.011413850090001
0.0139132091426957
-0.0266514471116266
-0.0012180268755817
-0.0106135461770756
0.00600140232762736
0.00284321703833901
-0.0114863608814963
-0.00204506644247737
-0.027059971301665
-0.0219254470637289
0.0343122599046635
-0.00115382472590397
-0.0192309802334643
0.00432508603539028
-0.0153592309178423
-0.00606610810411556
0.0329731820044623
0.01282836090018
-0.0153154673367979
0.0182218244227199
-0.0173197106292098
-0.00628998088863097
-0.00376430493561841
-0.0118809225537466
-0.0116970245339894
0.000939481390167529
0.00417443902298942
0.00609296654568303
-0.0141457467550534
0.00192338283738369
-0.0048168163457778
-0.00302227599121374
0.00424554796554055
0.0131646108070598
-0.0233265250971866
0.00662546326602564
-0.00129087833873531
-0.00160417032289994
-0.0135145315132492
-0.000884791004437391
-0.000712263093362697
0.0138052115547089
0.00918880388345822
-0.000495701352341449
-0.0022665433284621
-0.0188853519460372
0.0110452489944577
0.00517684883796332
-0.000575390422209665
0.0121853779606906
-0.0119441589889426
0.00353302789112653
-0.0166595147418964
-0.00422343923096369
-0.0444337008389999
-0.00344014076789567
0.0116411114026955
-0.0155218422207875
0.0260622239181121
-0.0157825765701398
-0.0146622935637069
0.00480323596695476
0.00208478965873593
-0.00184308633187658
0.0129780081448512
-0.0124569234954115
0.00847274716361746
-0.0108418417265623
0.00356623189581118
0.0101865225786462
-0.0180021944424129
-0.0178494056857534
0.0138552620566574
-0.004769933203423
0.00962735056131447
0.00930638458669697
-0.00372261261915696
0.000716262969828962
-0.0177400418431546
-0.0113269218488734
-0.00385881746250294
0.00144402724230219
0.00230921977902332
0.00460691255802281
-0.0178229579776468
-0.0129907522945358
0.00264822370699935
-0.00868956924583353
0.00897986390534511
0.0276692343570726
-0.0170896262378084
-0.00370243204122622
0.0108527573708983
-0.00394644068896266
0.00494865569651237
-0.0172904530162872
-0.0256525563893579
-0.000316967483358521
-0.024545732927346
0.00909582588361757
-0.00379034147736723
-0.00699274767397906
-0.00129573837371932
-0.0116944949878754
-0.00503589554408679
0.0253515111754383
0.00458515071161658
0.00149841445641208
-0.0103012887165872
-0.00148639565645414
0.0062574413703973
0.0172597046439593
-0.00678232386546096
-0.00961594711170233
0.0190776289616601
-0.0108772353930029
-0.0246107072476731
0.0130584868397785
0.031181510915185
-0.0424193327806244
0.00361652955536274
-0.00520650754625618
-0.0141795347299869
-0.00903426690623643
0.0177409099587238
0.00156193560253426
-0.00224856515423166
-0.0153567162364467
0.000502565518431641
-0.00383373510580909
0.0117495812962378
-0.00344928422867463
-0.0186588438242061
5.84330478916595e-05
-0.0136348024280948
-0.0209970559518204
-0.00906218784184953
0.00350440980062738
-0.00979482386538044
-0.00154554386925687
-0.0107403535551234
-0.0197643585384748
-0.00825455370913697
-0.0216004753974035
0.0118279221728899
-0.000835706724679142
-0.00686407826811597
-0.00898999727901795
-0.0128427479187532
-0.00380803541681929
0.00580755357924279
0.00177643705642905
0.0217292191062368
0.010889092502643
0.00376328613999943
-0.010634772511906
-0.00658905834586987
0.00798966631635345
-0.0107890847922802
-0.0161865298948158
0.00551949619329051
0.00560316455914656
0.00692294986028097
0.00208867476896657
0.00258299510149973
0.00730001162103777
-0.00101251600658014
-0.016992652434026
-0.0174246763011934
-0.00172401173006209
0.0056845810543027
-0.00158595425044794
-0.00209071565321017
-0.000187712433488141
-0.0146707056832422
0.00404191194516201
0.0030844549121769
-0.00501877859819766
-0.0219546938117965
0.00907262073584825
-0.00674652360342698
0.0152542659284844
0.0141025353051938
0.00346452666864638
-0.00440308616551666
0.00783825174466468
0.025550774690402
0.0227579206118755
-0.0265745127887205
0.00965716426356589
0.00190444082700392
0.00837947615597878
0.00979714327051306
-0.00863612001984548
0.0181687496271394
-0.00275608191136589
-0.00904970551181572
0.0127838472773869
0.032281794057345
-0.00979757124979574
-0.0121685336789552
0.00606072272005331
0.0133387125279714
0.0171526751662563
0.00101411395488249
-0.010660632752008
-0.0121764367860524
0.00259295352889644
0.0128435483681664
-0.0063427925055175
0.0159263037885791
0.0108517953541785
-0.0133163133193985
2.39094296012876e-05
-0.0216517214721141
0.0167453715004156
0.0107850076830149
0.000333001104803277
-0.00106486224646529
0.0314279271232711
-0.00753694779970382
-0.0149627736199323
-0.00861322090968519
0.00862791624442871
0.0382095713878075
-0.0134987645474538
-0.0209644608989212
0.00867673538748948
0.00102486777084976
-0.00072627711491724
-0.00582233172192503
0.0291229438413039
0.00161459519156715
-0.0091549305239722
0.0112546945413028
