0.00812789535131309
-0.0132021761835783
-0.00243036570563904
-0.00877647987122332
0.0275315171703006
0.00556527991143563
-0.012360119524963
-0.0112324318939712
0.00406863294958382
0.00977367236453475
-0.0137881516026948
-0.0114140119628654
-0.00197575725044974
0.018081607008678
0.0112505129432554
0.00126260004859891
0.0157537263590295
-0.0188239181637666
0.0320728236556191
0.015714872671194
-0.0242458298450692
0.0163607790432514
0.00774516649081214
0.00203405605961748
0.00519428722796555
-0.0106460039059422
-0.0250143548555788
-0.0158320888434802
0.0029056789878652
0.011614970567992
-0.00244432622725554
-0.0120770825582825
0.00739574059351789
-0.0174106155389784
0.00944755467967862
0.00836439757987795
-0.000806704724330309
-0.0147619157705974
0.0132533964710067
-0.00502514839938595
-0.0104650665410733
0.0155949279950551
0.00260412520326891
-0.00987018496141068
-0.000720834213447263
0.00719974024738801
-0.00741186327598387
-0.00868010817885212
-0.00956976074490523
0.0202406807056588
0.0164300698631403
0.00651486793375877
0.00143136559966228
-0.0168404311168016
-0.00669188889993855
0.000273881584329949
0.0123139994751107
0.000167088770612223
0.00312639312479135
-0.012152283852525
0.00244636024256661
-0.0237505652218606
0.006115894511038
-0.0107751840242818
-0.00489229817365278
-0.00551785544934447
-0.00520406815328478
-0.00673415603268079
-0.0306015903999526
0.00930022701775113
0.0171056648679455
0.0219791283774189
-0.00586145408181871
0.00664818977776083
0.0071597076317178
-0.000898243251932662
0.00952371513008332
-0.00271914241667393
0.000602239959738959
0.00809306723091652
-0.0140114210485942
-0.0134877937187419
-0.00925469709265614
0.00877537897869951
0.000798076917131407
0.00592297947932918
0.00711467942600441
-0.0149452104681114
-0.0281103118935258
-0.000449939265037003
-0.00216469430036925
0.000212105399477691
0.0155664007820471
-0.00187359122855169
-0.00174605690559448
-0.0153595795527868
0.016177652295235
-0.0112652465715071
-0.0237593642097931
0.000940405653875098
-0.0261299276808302
0.00388565739280589
0.0223848431121194
0.00648125939690192
-0.0106838090166357
-0.0262879953931134
-0.00147730799784584
0.00328070929973379
-0.0200507184862202
-0.00826771881299759
0.00901693770204615
0.00820826534962005
0.00926204583398249
0.00317084235327991
0.0102576316873102
0.00797575048412602
0.0103791028897655
0.0073895099322292
-0.024028683107729
-0.0014663494775673
-0.0112252729146551
0.00540280158690232
0.01133663230575
-0.00062494019744741
0.00230638546614381
0.000156561267080635
0.000737817063209079
-0.0150777513369884
0.016781198218121
0.00483893989538231
-0.0140883901622217
0.0220291817555069
-0.00485549118846906
0.00733473127291973
-0.00444113245360067
-0.00372052631426611
0.0165874265198904
-0.00794119868069032
0.00043000501021595
0.0099405001988413
-0.00644568255418054
-0.00420069805378587
-0.00426541947408277
-0.00744673123968642
0.0172479357381556
-0.00458366976567692
0.010960095043818
0.0057647676573489
-0.00232950429309486
0.00719078205453383
-0.00636265282309334
0.00749943337688963
0.0100577119864929
0.0170799597923561
-0.023193105122471
0.0222370610247036
0.0179670607377038
0.00737735200712653
0.0050803952422358
-0.00835176246709679
-0.0153357126720848
0.0219274359786776
-0.002111236562087
-0.0113145085385193
-0.0123143214273771
-0.00157410014489701
0.00988451908884347
-0.00892740069171838
-0.0304034611381525
-0.0150614023543851
-0.0178671403092086
-0.00340377987720464
-0.00965060087519398
-0.0102597819766665
0.000268557017973681
-0.00527687181601144
0.0052208528956621
-0.0148077354902656
0.00342483979419361
0.0107811578207244
0.0102017993803745
0.0267392899335837
-0.00116730895362638
0.00178609171421673
-0.00123427624777261
-0.0105582242154751
0.00964712021957626
0.0050349472759712
0.00623271858994157
-0.0312477757576031
-0.0301795688499702
0.00516121619360543
0.00684960285643532
0.00326355110911902
0.0117166577321228
-0.00999677879759298
-0.001067998864549
0.0228142103417126
0.00211448175570061
-0.0107134977420471
-0.00358361581226063
-0.0104007670547586
0.0098253418888079
-0.00914306436215195
0.0148499845146395
0.00252845219910691
6.23582525611788e-05
0.0303275219018784
-0.0053630738538093
-0.0207986578005419
0.000981832056674126
0.0121744964204589
0.0284946832856781
0.00985184385328575
-0.00150047061479275
0.0145135495059963
0.015059776010748
-0.0194148282415474
0.0271820871210366
0.00627004220513672
-0.0224408185720562
0.00932330618774291
-0.02904053247306
-0.00803299175881467
-0.010383531529933
-0.00897065844022249
-0.0122930645540209
0.0109269384738688
-0.00214752936337237
0.00101416989173808
0.0165248973244476
-0.0022435428001728
0.00183080240862754
-0.00237373520878781
-0.0137724584718943
-0.013279028215599
0.00643819624568631
0.0038635094396966
-0.01866768134939
0.0167959286109887
0.00476598038769094
0.00513815116659067
-0.00431980144227273
-0.00847060223047791
0.0105131271159493
-0.00788499596731618
0.00760331049046714
0.0174496387087839
-0.0165129117613141
0.0189739073929815
0.00651276039362525
0.0157371789110381
-0.00181160271000835
0.00878024518115561
0.000285925919437879
-0.016102742995693
-0.00257346043736484
0.0151876839131315
-0.00472711752430088
-0.0143144570353857
-0.00655713358301524
-0.00385485148921161
-0.00611820243760564
-0.00731586075975699
-0.00111731844044183
-0.00112548753001773
0.0198472171124275
0.0178081803550894
0.00275081403084698
-0.0214970258632503
-0.00249906923437493
0.0219281734876391
-0.0115997164079249
0.00337368870142685
0.0043627258897343
-0.000419112930098109
0.0238344609908352
-0.00208419622010547
-0.0147435305340737
-0.0110954578015972
-0.00387503558837565
-0.0201381305198371
0.0010100249209255
0.000960950743953859
0.0217416357183717
-0.00950330239239427
0.00586857618013181
0.00364689151055675
-0.00102598638944729
0.00370562857502543
-0.00959600506358305
0.00423246741846817
0.0172166068278878
0.0110111846957486
-0.000828356518991491
0.00718459587477183
-0.000451358913180044
-0.00253323183987741
0.00421178653447085
-0.00978876808930673
0.00604252337040867
-0.0220701264770589
-0.00268902771010637
0.00830580298878081
-0.00593087223652811
0.0182125172348364
-0.0156532917876937
-0.0080054534748395
0.0264524455417705
-0.0013267281256959
-0.0032134709198548
-0.00428843651895194
-0.0213381017775829
0.0179215970787905
-0.00534718902800546
0.00806746891425147
-0.0104713550311604
0.00773614487394325
-0.0104226914475993
-0.0305955603491004
-0.00704017452705452
0.00237024183980306
0.0122472045169664
-0.00903423634077916
-0.0190483727309512
0.00656308112781878
-0.0134608558161609
0.0142281868823653
0.0394718086818227
-0.00352455776272254
0.000700836150244744
-0.015796978602505
-0.0060665898431016
-0.00388248620713272
-0.00617865882628998
-0.00514891117117111
-0.0124629156218496
0.0090648228760557
-0.00597528664381519
0.0161453781239982
-0.0161453873977027
0.0021761873056878
0.0115104663349226
0.00541975118230464
-0.0161792105425316
0.0229002835111185
0.00589025230814721
0.031623299760593
0.00933970035582421
-0.0202495449629052
-0.010315798850776
-0.00599199300467079
-0.00155143188417095
0.0297648225499683
0.0376894937167356
-0.00348665538755499
0.0156549796340923
-0.0246062959856328
0.00832850061420443
0.00519239193069709
-0.0126116871569906
0.00324880496767266
0.0105947276554692
-0.0276950694678586
0.00513590936185437
-0.00439093092053255
-0.00153459703156189
0.00897851767255542
-0.026674249659222
0.0181027725677643
0.0127473046871582
-0.00657422496586824
0.00988442809538093
0.00992383601862512
-0.0130160846775844
-2.80539626951182e-05
0.00143527832180279
-0.00913969071627885
-0.0176431619445354
0.000671590467181238
0.0019245994581425
0.00341677371698124
-0.00854246226183464
-0.0145608412291436
0.00956225023786983
-0.00684383064245164
-0.00246496465066204
-0.00989077475337963
0.0189640905735815
-0.01315793084808
-0.028807920310272
0.00453779258069531
-0.0108372436655078
-0.0290777311712236
0.00460918779397401
-7.74424017742081e-05
0.0269710976930018
-0.0158420698670536
-0.00433596968653038
-0.0101280660908434
0.00743591366852936
-0.00474370555714909
-0.0531625001937692
0.0101730234171025
0.000829339182279565
-0.0159436049676751
0.00597570697885974
-0.0060502741333186
-0.00673728167058774
0.00455437036375672
0.00765750759531225
-0.00343595895353177
0.0168023778515776
-0.00105424294112644
0.0159795174642228
0.000531708098899797
0.00301897412620811
0.0210729992098768
-0.00827084379115406
0.0259588206953019
0.0283978617555722
-0.0168909416990841
-0.027648950453117
0.0160989703999557
-0.0126126645131641
0.00392904924782078
0.00211266725630632
0.0114975155376376
-0.0103849510185539
-0.00792676016629201
0.0120982995965089
-0.0156919197868288
-0.00941045189511547
-0.0112512550570898
0.00453802174401896
0.000440491850249192
-0.00443707529846127
0.000866018651912936
-0.00965248587595458
-0.00576473446058712
-0.0132799726585817
-0.0130394701053176
0.0386760770810863
-0.00780794928230399
0.0024713281189046
-0.00795897026966474
-0.00539225146948441
0.0346866200064011
0.0213751669017943
0.00252573847845761
0.0176973478972113
0.0269257678724768
0.012229971817274
0.00735590597116942
-0.0095827814351872
-0.00298857620602533
-0.00241634667703816
0.0233524964658978
0.000351169793959993
0.00507988456087416
-0.014142024555603
0.00356976005497311
-0.0185206564772802
0.00870590788159431
0.0263105809371047
0.00993806092962024
-0.00447634533742836
-0.00176119378776995
0.0284986486286725
-4.09842693940288e-05
-0.00919032624552729
-0.00559113649774012
-0.00990227305904412
-0.00154757524946181
-0.00475320049864791
0.0202544623708776
-0.00814878809356179
0.0182593949047209
-0.0089558264450984
0.00981562178893336
0.0178190884175526
-0.0104837887440983
-0.0509577958343339
0.00114772982476063
0.00438089763365856
-0.00624166363271561
-0.00607469969530405
0.00653056458468848
-0.0194262766922839
0.00141217568820373
-0.0099802545964307
-0.00277492064848994
-0.0117287649771134
-0.0187094923525861
-0.00734706745200464
0.0216263283843867
-0.008294180590527
0.012486804995536
0.00218021909977129
0.0220879289061315
-0.0155945524582193
-0.0126804415660744
0.00778595016257344
-0.0112110199852569
-0.000796047673996103
-0.00350893844323918
-0.0195671453442987
0.00866510464181203
0.00986430925487625
0.00234374892410183
0.0088101148288442
-0.021427073332664
0.0151995071228037
0.00706975140566501
-0.0112746123897216
0.0306179856391295
0.00126735829334379
-0.00455128308803054
0.00156399688081033
0.00267125462773166
0.0101897416180383
-0.00652103408034543
-0.00069500343971951
-0.000297175346344547
0.00768719467360568
0.00364684648022529
0.00813531234631526
0.00219170804884916
0.0153076156972429
-0.0104356531904952
0.00610067490770039
-0.00969289430618248
0.0107063127957545
0.0272426074317673
0.0182929114846297
0.0131202090312676
-0.00764796480461682
0.00631558949619082
-0.0164773208740643
-0.0237427221946604
0.0215711974672259
-0.0107059712937121
0.0101090325636852
0.00750112222902244
-0.0190683742841744
0.0117154381089921
0.00833830591283147
0.0107710639182721
0.0100919073991106
0.0117311132923632
-0.00345822543606866
0.00689543932911185
-0.0100887102660923
-0.0193072464024189
0.0241254138620532
-0.0162778822751348
-0.0118315605260708
-0.0270076101777086
-0.00135257668726796
0.0145024222151791
0.0100243492913159
0.00263528349364206
0.00628721114144559
0.0175102578388562
-0.0023493971785038
-0.0226692368838619
-0.000475369713098139
0.00136765017008966
0.0111546856156632
-0.00348935953671914
0.00372901333487219
-0.0161846353086896
0.00293550599222758
-0.0290310029947118
0.0123070551984359
0.020044533590085
-0.00970694995953947
-0.00567816104186614
-0.00726129050827473
0.0023791968898399
-6.47845147989656e-05
0.00203420448062785
0.00818910442171461
-0.00269246065220985
0.00774799565889728
-0.00717480747108956
0.028035787020716
-0.0104421948008269
-0.0226526441211372
-0.00109506507556079
0.000723644426162462
0.0147067170910096
-0.0323864564255893
-0.00104383466291802
-0.00213459770807889
0.0200875450315321
-0.0120583166306025
0.00285865365496374
0.0149356185763363
-0.0116729276300309
0.000693342524065166
0.00110636105415152
-0.00545995334814564
0.0105891324869982
0.0354918210724959
-0.0189853162515834
0.0132017956596928
-0.0148560852007986
0.00324904836063067
0.000912370792338635
-0.00842264657619873
-0.0102928594951215
0.0122510533309033
-0.0125517138540394
-0.0174689253860152
-0.00771838311006645
0.00394431737384648
-0.00719603237771249
0.0136851076359301
-0.0250350705184337
0.000389915381831196
0.00125237336689299
-0.00633845251254606
0.0051704511301145
-0.00980459369278353
-0.015999832542906
0.00174057836100694
-0.0122632545067074
0.0065645109657857
-0.00880216924395127
0.0242448937074919
0.0054126809003936
-0.00214969896111383
0.0271807189770432
0.00270994288688708
0.0132028547495624
-0.00842916980361696
-0.00957502279165556
-0.0210403554983032
0.0013942108973195
0.00481846549860965
-0.0166928096945225
0.00921368537212897
-0.0111334855079495
-0.00637644863483544
0.0132576912340454
-0.0166853078086757
0.0151757425971082
0.0156624470388924
0.0127478011119799
0.0366782091237128
-0.00673334151892169
0.0141420506319885
0.00762022891735947
-0.00506499912543212
-0.00952058296552405
0.0092609332721143
-0.0154599384723988
-0.0042863513649114
-0.00317266008081662
-0.0172035673843682
0.00423496664739598
-0.00241749923952539
-0.00254739719789354
0.0122234976355198
-0.00813667480260882
0.0131313074965016
-0.0101101824871839
0.00573216727296666
-0.0129778681180603
0.0134287636168313
-0.00729418976108409
-0.00449804984908697
-0.00365279939520535
0.008660522047506
0.00706041442982341
9.43331610097076e-05
0.00257223592665756
0.01077279372383
0.0137383288651591
0.000403418331262895
-0.0195318479514455
0.0293956057656011
0.000861090531294018
0.0150427295471776
0.0274336207159258
-0.0140153106670728
0.0161153978034756
0.0046974147825789
-8.47945551505358e-05
0.0016105913290323
-0.00809463101101482
0.0136806718168376
-0.0036547362690027
0.015551757180861
-0.00195534845325707
0.011826983627848
0.000405327710321313
-0.0028002653632575
-0.00285336061103214
-0.0209067970464067
-0.0103005345709959
-0.0157281816914667
0.00786232954812682
-0.000836648654637173
-0.00485595768923819
-0.0077989946745527
-0.021437074725128
-0.00187983280680237
-0.0172621732589753
0.0246696355213329
0.00586967310514996
0.0119093191904986
0.00531812861264713
-0.000472288049347958
0.00113509759329355
-0.0136135167666986
-0.0238059791004039
0.000740035209454204
-0.0138732731292728
0.00633212385733062
-0.0143007622009388
0.0122323168254921
-0.0071419784465605
5.90139035570036e-05
0.0124684841959906
0.0113023235714353
-0.0106883912633566
0.0128436085909016
0.00546698963974901
-0.00409476121180607
-0.0137259380120565
0.00557890315552001
-9.70391971475415e-05
-0.00323906960610021
0.00191146142157184
-0.0086773365831061
-0.00108275432349814
0.0245297252885548
-0.0108644179979398
0.0135962452094101
-0.0242362423272344
0.00757014612972595
-0.00749859275351161
0.0295251377276826
0.0133182324390102
0.0137933938996131
0.00619485403436348
0.0360080886043015
0.0102821300273597
-0.000260244607093174
0.0190441761718607
0.00814089992770617
-0.0201539073717978
0.0111267428359869
0.00933837022255579
0.00865928843170849
0.0104033162784902
0.00681748416701899
-0.00546924362855483
0.0221641657367631
-0.0175494397488922
0.0104698569698152
0.0207396437247998
-0.0136535603597281
-0.00770620378120812
-0.0221557855892693
-0.00222709669124654
-0.0113343548150162
-0.0185159162951865
0.000758184624436442
0.00599846322068665
-0.0115114469297404
-0.00743023258435471
0.0131758461552982
0.0224974178748267
0.00129117565463321
0.00550753541712834
-0.00594696475664991
0.00871820679507085
0.0187187878186705
0.00191447528884225
-0.0177506593678309
-0.0119582704079551
0.00356827487759981
0.0290537817029171
-0.00400629409067688
0.0238934335355465
0.0229191586708577
-0.00408933015430168
-0.0191470131143481
0.00292684137107524
-0.00120043483202426
0.00630768757589362
-0.0211450547832976
0.0147425489824375
-0.00133739282027134
-0.00431710660824258
0.00988093904777632
-0.00577515002990303
0.0103418938072335
-0.0333191027035191
0.0136261718418744
-0.00124857561435165
-0.0156686705801214
0.00773615208738043
0.00167114062245188
-0.0132027441826161
0.00416328638061492
0.00942049142438517
-0.0107708218947691
0.0110819133619089
0.0250950786987238
-0.0177903648882181
0.0245112687672684
-0.000679678542135242
0.013958874439711
0.0187113648447479
0.00807408452678549
-0.00964742525355633
0.00950279924120911
-0.00451322174639124
-0.00830302897910418
-0.00308561577742239
-0.00894890843743013
-0.00918180137035973
-0.017743496568869
-0.00381574626256809
0.00763254402175084
0.0183043604855271
0.0130689005448414
0.00569865172006945
0.000987822986756814
-0.0183263813600369
0.00751037608658112
0.0216151500356512
0.011617504758735
0.0188055952186144
-0.012391217497437
-0.000194084363574154
-0.0122535243457096
-0.00949592401678911
0.0013298068134886
-0.00912072868172098
-0.0271239419303697
-0.00123418595943603
0.00457467647113541
0.000602813612057496
0.00281793375631167
0.00708518626727761
0.00891472238708579
-0.00173825530642935
-0.0162028385465012
0.0179083229555261
-0.0158453205310543
-0.00388802706414548
0.0218516879238757
0.0252461593088948
0.0157254578825099
-0.000535493121209818
-0.0189965257164928
0.0225238069316598
0.00515155909886644
-0.00507912109624353
0.00551906729384743
-0.0103981328383129
-0.00438949525005095
0.000313760213460856
0.0113792191375781
-0.0101375071381629
-0.000917602939871198
-0.00364409358306506
-0.0251316431479605
-0.0208042595179103
0.0106820395645904
0.024833258031465
0.00608604898544263
-0.00571917557630197
-0.0235990104347745
0.00615337822660922
0.00223223110555604
-0.00423080031248135
0.029397781438913
-0.0122366162911896
0.0232991740721253
0.00238112549012426
0.0122563954982229
0.0084716877849349
-0.0242495522301533
-0.00611520116898179
-0.0129287670238458
0.0460626140440676
-0.00586664198236075
0.0269262401565697
0.000764488550652587
0.00997458706999876
0.00155027842907396
-0.00868846056328865
-0.00322207872224833
0.00145841422963344
-0.0257170455629021
-0.00845858600979721
-0.00260095383637893
0.00169925602619614
-0.00613391714339762
0.000426100161719845
0.00320094112574365
-0.0048837939617572
0.0119010348804225
0.0105166725902874
-0.0238846265412862
-0.00457313609912235
0.0022374228630091
-0.00851399361361338
-0.023775884838487
0.0153103247617918
0.0017744157407813
-0.00985141751450858
-0.0172578990930918
-0.00447329672618624
-0.00536122335172484
-0.00359571010344117
-0.00509363843522381
-0.000799438620412651
0.00689505053863515
0.0271638147752489
0.00448371579213602
-0.0186871736923018
-0.00828477719369891
-0.00254036644164612
0.0192289655930784
-0.0140612145451833
0.0172226138359604
-0.0115213278786208
0.0126517644081554
-0.0188720861406062
0.0398098503564586
0.00199832585223403
0.00298714711204084
0.00954385041592309
-0.00326237213363001
-0.0202951562420781
-0.0114584155560142
0.00727674253063948
0.0113631657126532
0.000684025960067336
-0.0055676956613806
0.000379562830847169
-0.0121685394562281
0.00686937351467143
0.00539803693362906
-0.0029197702626973
-0.00846793312720528
-0.0198908083457681
-0.0203129342526025
0.0120095608253772
-0.00711603245278258
-0.0153534032086928
-0.0150328267769235
-0.00947168178612801
-0.00480529509430627
-0.0041410299376432
0.0238579268107917
0.000411169495093011
0.0235360712751893
0.000952912719869747
-0.00239568886122665
-0.0036381354416013
0.0160937295056112
0.00757754813724953
0.00694436535092535
-0.000568618853717062
0.00992244944227139
0.00301911580925718
0.0098225200304356
0.00418031512684247
0.00313624825213732
0.00164375576350273
0.00330548724513635
0.00344591498492308
-0.0137188791430702
0.00562598167132355
0.00856515667437674
-0.0173519067584345
-0.0143345382420974
-0.00267590728879252
-0.00881243864338344
0.00153213966360299
-0.0031987583692723
0.0256740797976964
-0.00797807474737477
-0.016727321745895
-0.011440483062759
0.0141621163415593
0.0153373783938584
-0.00652315692085059
0.00952844551037124
-0.00294859068359798
0.00942897460834669
0.0041045964341444
-0.000192966842099018
-0.0307006556547265
-0.00920104761761165
0.0140211692592929
0.00353713644623532
0.0179763004137423
-0.00338243156281526
-0.00159547922085812
0.0114586876855811
-0.00216197717702116
0.0206699378402582
-0.000902418753297773
-0.0132042693179275
-0.0184538382960378
-0.013168353997222
0.00219247222881513
-0.0134260367110071
0.0116010036624035
0.0133956466414236
-0.0112080673313337
0.00942764787432004
-0.00845470216471367
-0.0133679375444187
0.00637863057626831
-0.00402968964237904
-0.0369029448653568
-0.0206528550422567
-0.00846769644072021
0.00443421797888233
0.00222567796464812
-0.00992222623789019
0.000624904680633032
0.00589859397779069
-0.00514843999099646
0.0102392772242306
0.0126489483480481
-0.00449508663033926
-0.0211425869815023
0.00859131774269972
0.0212907977530992
0.000713637168323622
0.0138517088926924
-0.0136471980908981
0.00360944982349087
-0.00155770244673459
-0.0188318346050407
-0.00506510011245975
0.00920404400577168
0.0101058235261147
0.00517546217070342
-0.0117723962851413
-0.00101887508730902
-0.148608209249979
0.00336837204238494
-0.0112328508927528
0.0113514275985609
-0.00722200522511329
-0.00704324282695201
-0.023248005493844
0.00894077309883601
0.00457091457056369
-0.0106858260923459
-0.00541694301028217
-0.0038789468654159
-0.00618244832531811
0.00766560381350834
-0.0269978281248253
0.00477617944587072
0.00452621987005575
0.015930918164331
-0.0048080605820684
-0.0150380152802008
-0.00644973699556761
0.0360821269291594
0.0158127655402387
0.0103082997335751
0.0198655579425155
0.00227596744152581
0.00541646288319986
-0.0051927028674601
-0.0093301253140996
-0.000424581295763948
-0.00540354821579925
0.0149613352141884
-0.0199919346152206
0.00250116666742639
-0.0174920009200532
-0.0200944259375271
-0.0176967704335169
0.0072721097840307
-0.0190945328265606
-0.00462817302060703
0.00819692867861788
0.000155170242077673
-0.00759441700198882
0.00817782676887635
0.00795384988048586
-0.0026864446082937
-0.00076189019770645
0.00539836110376757
0.0122074351400809
-0.0180227802332666
0.00141202241539951
-0.0102710175557867
0.0221933574410693
0.00237625475098446
0.00835035438625953
0.0169028138037559
0.0166641967703951
-0.0182942455691555
-0.0213490932028253
0.00742144452839399
0.0161924349572775
-0.00685483494470063
0.0200981676102618
-0.00692853890073009
-0.00490944860205156
-0.00543346810773526
-0.0147295361868549
0.0136665140558874
0.0193923155319924
0.00940686694781734
0.00322710663148751
0.0053791234967151
0.0260424250775766
-0.00369284254478863
-0.0123563553787358
0.0102838645063832
0.0140460182587592
-0.0148745832339707
-0.00210644919280178
0.00628676663182781
-0.0124131735565531
-0.00335048073042188
0.00760646758481665
-0.0121408778401872
-0.0072722112280057
-0.00307408530604425
0.0223369255934829
0.00926965588565043
-0.00861161127909993
-0.00902601694641492
-0.00604309187513152
-0.0111651126132877
0.00699574604955489
0.0182898281650481
-0.0204198204669932
-0.0155877839927814
0.00605765518366974
-0.00289189177682014
-0.0277501193872534
0.0148380302625306
-0.0101773542321459
0.0192573355917811
0.0094872837161688
-0.00387053248121561
0.00615683083600782
-0.000687112272484747
-0.0166971363380588
0.00773597213506338
-0.0102065026616862
0.0209632650532954
-0.00084846212219003
0.0140276801532579
0.0157052617006999
-0.00754122239534727
0.00608162123622114
-0.00254786833318454
-0.0160066524833378
-0.0239242691921366
0.0235788660190615
0.00567078281553934
0.000503607303501408
-0.0115965124662636
-0.0134823450832799
-0.00894341862789183
-0.00873450209302096
0.00641425363460391
0.0189415124867582
-0.0175682498264045
-0.00837650938605217
0.00146123942335441
0.00670318426007732
0.000904743120123896
0.00167396836400568
0.00882170102887692
0.00471948765643293
0.00102620269183884
0.0152511143305074
-0.00388173021100124
0.0030418732739621
0.00654549481363542
0.00283658289913657
0.00484347258253659
0.0257603225381384
0.0158001882772481
9.20870054703649e-05
0.0128157783029876
-0.00143659301802357
-0.00207039183731461
-0.00412545533043751
-0.00103338820601451
0.00304725286701135
0.0106136958052152
-0.0092260911027604
0.0243308073775013
-0.00425370555421312
0.00129592489930541
-0.0054885451201987
0.0205388073258379
-0.0103924119119825
0.0171978736937106
0.00371033772095886
0.00892431056884568
0.00624897847958561
-0.000800697288389607
0.00257006141338945
0.0095164820399305
-0.0105447097533613
0.020567868692049
0.0141991680103319
0.0111234786407355
0.00856384787298414
0.00914105875063687
-0.00746989432690381
0.00170415403824831
-0.0133012722233867
0.00556048963492595
-0.00746580964469867
-0.00390055974283054
-0.0170377818222867
-0.00667498945438938
-0.0100184540884292
0.0160983035966527
0.0153248772712979
0.00626226904290128
0.00544585196685388
-0.0104899171283772
0.00175811759251943
0.0297975447603553
0.0159567570759385
-0.0180079917867109
-0.00401113411209097
0.0223741993144198
-0.000268142740896815
0.00376192952842613
0.0134660560038127
-0.0101245346241488
0.00679310345576711
-0.011516530155478
0.0224178667421056
-0.0219045037490717
0.00643132807312918
-0.0150360526491526
-0.0134234795787693
-0.00638927156824853
0.00553824721309093
0.0137804157298316
0.00030984638885978
-0.00500196633731442
-0.00581085092993994
0.0242438604596686
-0.0223936515083869
0.0104556460966077
0.0119637440739302
-0.00238865347835193
-0.000585238920980391
-0.00581148095741124
0.0048938455699048
-0.00725854538308712
-0.0144054222988894
0.00920768590655552
-0.0168994003180249
0.0271475757888577
0.0154532990545979
0.00764476916416457
0.0108986882144229
0.0118478872477845
-0.0116430752395065
0.0300608854927431
0.0208316743329888
0.00936632208019406
0.00672519126680182
-0.0159986332274769
0.00728432891729858
-0.0200563694999409
-0.0288400543206975
-0.0197141713493811
-0.000124522810711181
0.00843878493259442
-0.00884756503322714
-0.000416747288022989
-0.0162964524404527
-0.00691527935653546
0.0199083361935075
0.0271368824057243
-0.00388555824175052
-0.00516338261583127
-9.46978667564213e-05
-0.000148834767004669
0.0129548446620733
-0.0165343853946585
-0.0172551253781799
-0.0209513732454067
-0.000387270030780318
0.0226835381230601
0.0347318938171515
0.00838529343494265
0.00145582519043019
0.00403896112697599
-0.022900179031289
0.0175068223003518
-0.00258282021912626
0.00172257174048851
0.0068303975220636
0.00348362032048488
0.00728688080368478
0.0108576497958639
-0.00812884406108116
-0.00338430118235844
0.0208514919151717
0.010423030276665
-0.00757477947505469
-0.0115127616360744
0.0140586744314595
0.0118342531039071
0.00207389637348321
0.00858558989595704
-0.00420019981249009
-0.00727896281533669
0.0018920936997473
0.00895296844378635
-0.00152560619499731
-0.000494949403818001
0.00626727162216145
0.0215582743351226
0.00401166765943595
0.0112140842412618
0.00814294861619236
-0.00305167523157834
0.00586370755742616
-0.00340944304968183
-0.00531311676197666
0.00942039043659615
-0.0266556345228715
-0.000184216631545109
-0.0156331493184467
-0.00867055261247573
0.006681788176371
-0.0229813691067271
-0.009016134813149
-0.00732759642701541
0.00237839053518218
-0.0269324328381195
0.00247832122884661
0.00237561164999289
0.0182124896395197
0.0239674564590309
-0.000732092517812255
0.00929476470859347
-0.00773673417675136
-0.00563534372937458
-0.00430294073876247
-0.00146158747270553
0.00167813716350951
0.00841812089153504
0.00515509051431073
-0.000305465404198735
-0.00574959574945044
0.00723502290620015
-0.00121446263469083
0.0297277739253461
-0.0330800416022692
0.0100240340254916
-0.0019921131741456
-0.00953286202575687
0.00722690719110597
-0.0255225649493593
0.0267840589898811
0.00280280082502138
0.00869983017716169
0.00363428780305286
0.00565035431855332
-0.00310127803821558
-0.00844811130114564
-0.00544971216370316
0.00515667660299668
0.0110199961980229
0.00713571690226233
0.0106211884771634
0.00892247142691627
-0.00628045503260433
-0.0313920832935377
0.000925272554975987
0.013315126585709
0.00487924968850928
-0.00753938046914815
-0.00373380072948315
-0.00482709703590123
0.0163493827058185
-0.00185702024202605
0.00875302706228553
-0.0366423886517995
-0.0002067344358192
-0.00458587204109673
-0.00490566671690251
-0.00154339084565258
0.00352416321403615
-0.00246997509906999
0.00224074518331285
-0.0134091817262054
0.0035546653494698
0.00412814890230151
-0.00802802648580991
-0.0195998909312838
0.00106034146281964
0.0029138142474896
0.00411501762928923
-0.0105499475471216
0.00826165391342748
-0.00366523717987555
0.0116539882855289
0.00761378606876151
-0.00621882434532717
-0.0101080452538418
0.00438048237427835
0.0313048209123825
0.00225557806356314
0.00324698810166746
-0.00321842405911621
-0.00930624587520046
-0.000446670919137304
-0.00556986679126847
-0.00416664139722922
0.00984830561344419
0.0195347703763673
0.0252558956024878
-0.00454303481896412
0.00994782252096371
0.0234458543839664
0.00160223698469997
-0.0150045392629841
-0.00857238103657476
0.0406226481630156
-0.00334546678102909
-0.0107192327108301
0.00148214011150793
0.0012472113645805
0.01418927115868
0.0113637786860759
-0.000542591900336342
0.00397364015201851
0.00838799523893163
-0.0141392467504198
0.00105098937869963
0.00692173496333393
-0.00994213924919274
0.00623455692749264
-0.00367909511877818
-0.0162816344354384
-0.00837695077400746
-0.00631463075296912
0.030041123859943
-0.00808285730241831
-0.00754092915320648
-0.000616906722891386
0.00506712838962686
-0.0137350572386898
-0.0243089592884465
-0.0134195697626782
0.00855841690535808
0.0138390185918107
-0.00644892698224675
-0.019674531016231
0.00275104970158591
0.0124986582192048
0.00488757983859767
0.013047065605635
-0.0101808613623218
0.00179000027704235
-0.00491331213473378
0.0156502789360435
0.0118412090186832
0.0125452816064706
-0.0259056774268274
-0.0051027575481648
-0.00256637499415602
0.000593170248483599
-0.00732571660000003
0.00497977316761755
0.0323224043705408
-0.0256493325001652
0.00064700465594969
-0.0160041187323223
0.0163739319635234
-0.0103503842093251
0.00716307760305224
-0.0113540017331926
0.0112686789397598
-0.0121012455590834
0.0125166689861267
-0.00673213570193809
0.0152862834159253
-0.0238322823182173
-0.0182991155517915
-0.0106818103226796
-0.00415300151345632
0.0160444797732437
-0.0208035520259615
0.0183344957183569
0.0107878696473205
0.010939619717929
-0.00717534978698331
-0.00573039366851691
0.00613687338388402
0.0172479519136532
-0.013802041053889
-0.00404305737288868
0.0151924628755138
-0.0214753108564651
0.013793871052233
0.0104849110453993
-0.00411202682147849
0.0193204841245547
-0.0162198233457662
-0.00531247795034173
-0.00666180460338794
-0.00687923885556652
0.0331481380157204
0.00375199649794933
-0.0105399694541037
0.01641825956938
-0.00784541858894494
-0.022511430079881
-0.00368145087638538
0.000392521872397689
0.00595063672230833
0.00178324950225761
0.00959129610215337
-0.000312394498272806
-0.00807450228746154
-0.0226427125129218
-0.0113137947865813
-0.0164170513091366
0.00977899866991261
-0.00504328148139965
0.0129306209312234
0.0164316529240478
-0.0188364007656392
-0.00265803699380696
0.0118763217135902
0.0018782876758705
0.0248644262409567
0.00354602299942175
-0.0077353260888442
0.00317074819419672
-0.0191521685183433
-0.00816238724522877
0.00573933552779193
-0.0010013694619333
-0.00364033349044779
0.0100910870442685
-0.012188139356804
0.00087778413759465
-0.0199950014200607
0.0279031082645347
-0.0113418919289567
6.33422902676095e-05
0.013911947492786
-0.0118051593310713
-0.00423257059071291
-0.00373962519104332
-0.0211320371639261
-0.00200515691596603
0.0126517360631127
0.00590267164812097
0.0129049245321484
-0.0143144149129584
-0.0110282331514293
0.00023275775832543
-0.0118770219660367
-0.000538338304749697
0.00492799123703458
0.00822450316599177
-0.0110670437833642
-0.00295587590120383
-0.00486865653099189
0.000341843317438917
-0.0137007520957071
-0.0221446822138969
0.0168259981534811
0.00184851975100608
-0.00209166692662532
-0.000495768559673815
-0.00837495456854542
-0.00164424493334847
0.00209292612785394
0.0171141789945781
-0.0219583730913158
-0.00801856668951517
-0.00671530295442757
-0.010431452933479
0.0169453109559528
-0.01281178173104
-0.00598049372239751
-0.0164748719562273
-0.0115528302545389
0.0179283428054378
-0.00307071886608701
0.0221916445210726
0.0104099669424851
0.012393511582574
0.000851913386643588
0.00466783178666885
-0.0145054488500191
-0.0133843901459165
-0.0092095210372567
-0.0166637344098057
0.00880066393874213
-0.0199468309167803
-0.00147392332435059
0.0124282488989507
0.0172369955268987
0.0130623644058154
-0.00697488751317521
-0.0151866510028484
-0.0166327369981274
-0.00640583318326593
0.00539217599833575
0.0041784475256641
0.0139082805910893
-0.00802179127987879
0.00759503083555657
-0.0200788081793579
0.0127571175558456
0.000109797759774821
-0.0203561153590581
0.00987653600646476
0.00258433431221849
0.00251371176951287
-0.00704608139801133
0.00621503541081325
0.0146745594008306
-0.00804209600780048
0.00806606060325765
-0.00391261465066384
-0.00962698703626819
0.000389860139622389
-0.00795030593395651
-0.0108107630064009
-0.00290166833991057
-0.00064122993248783
-0.0198385386229154
0.00672307061583099
0.00344792162944207
0.00718936625331157
0.00624984108205195
-0.00663826208826257
0.00320492379715986
0.00682936319700111
0.0151382969845144
6.11100287135624e-05
0.0116860344432297
-0.011715628826084
0.0115484159214905
0.0259832225040943
-0.00693480879126107
0.0111476427383557
0.000205028204625535
-0.00213599393359631
0.00343074056846771
-0.000274522080452977
0.00542358140018329
0.00104584892037107
0.0033507073428507
-0.0122811984875102
-0.00604335230024544
0.0163367465873714
-0.00524621735858033
9.81018824797175e-05
0.00326400905600588
0.00799071834850196
0.0237795944903019
0.000626407165679854
0.00966381013193285
-0.00158360754577691
-0.0031910051610633
-0.0110069197142788
-0.0025253771564393
-0.0025423913246776
-0.0153986321014288
0.000759068253595618
0.000519625807145818
-0.00318195452134296
-0.0131456013543843
0.0137703753129801
0.00236203123013534
0.00340009412206155
-0.00372886509671089
-0.00658241848463925
0.00149987621346992
-0.0195692935251048
-0.000170772627246185
0.029826813638782
0.00658982476752978
-0.00314596410927459
0.00793134138657026
-0.0190854292409841
0.00479853206415815
0.00706426423199025
0.0121466815231963
0.0264083931956716
0.000425787819734458
0.0099963779489789
-0.00898871065187379
0.00221758883191492
-0.00804288217461147
0.00927621892968356
-0.0067299507711529
-0.00596806628918811
0.000646377886085014
0.000251337085896752
-0.0229244346653523
0.00293188823068324
-0.00221881337602436
-0.00951643601068763
0.00290402178144644
0.00405940717293118
-0.00763823216714643
0.000848997477781666
-0.00678169114823923
-0.0123602284302338
0.0113865126199939
-0.00476272831417424
0.0124770324939574
0.00620280386258587
0.00770842050084242
0.00617791880873408
0.0270676222491986
0.00521390963289403
-0.0203703725877715
-0.00579660288217232
-0.00465631144921197
0.00707530339823781
-0.0417426918552333
-0.0175453857018326
-0.00596729887685576
0.00848759740046123
0.000268577071413256
-0.0052414056211556
-0.000448304992570314
-0.0129248924243244
0.0161752702459548
0.02545295676688
-0.0227359340748587
0.000978441140239594
0.0141699447902295
0.0125326682526588
-0.0176902356107496
0.0190367485548868
0.00785022510316469
-0.0176612112953307
-0.00645204674873456
0.00843402736835541
-0.00948245451256513
-0.0189930229551798
0.0256721023614304
-0.008048394876631
-0.0174603850928035
-0.00251273393792117
0.00237647925615114
0.00383993963306617
-0.0111150593041645
0.00646673891598315
0.000393798436487902
-0.00844856179203024
0.00338962776324658
-0.00206551743021577
-0.00440678614525769
0.00730444526946439
0.00417285240929166
0.00432731940907249
0.011382253811189
-0.00860593984932878
0.00088407121609313
0.00160355908566689
-0.0157353702810661
-0.0154909101146681
-0.00777575269672992
-0.0172080403229589
-0.0107969886811583
-0.00792875948360239
0.00304580975632418
-0.0146315007844435
0.00901901697679763
-1.61923465684666e-05
-0.0454436079924081
-0.00792297459526559
-0.0152364252629231
-0.0149732975668169
-0.00639818024322647
0.00696277263039735
-0.0151771129496263
0.00811331546219973
0.00986826280686781
0.0143910093017157
0.00662778649425055
0.0169797197672459
0.0107475930983649
-0.0156932624305903
0.00711219919107542
0.00283714318523787
-0.00451038578586282
0.0251440775799949
0.0093534644552995
-0.00746414780814697
-0.00711442295340925
0.00275670740353617
0.00630204006659651
0.0163608904230066
0.00978724414567966
-0.00772431484754987
-0.000960973594728021
-0.00763735728318826
4.05408167971633e-05
0.015061247490002
0.00484266490125629
-0.00916233554914347
-0.00455440041359556
-0.000427676664839449
0.000708887569051964
0.0181566583059736
0.0080091095049295
-0.00519739604295122
0.0264277166795353
-0.00365792593535774
-0.0326453891030944
-0.041634881100155
0.00134318145261458
-0.00773613966302023
0.00595481320781222
0.0183020886439529
0.0141814868668675
-0.000431750011181453
0.0165854515460606
0.00251022194031991
-0.00176391805437248
-0.0182923759418046
-0.000510686961176177
0.00518092772229339
0.00228850762456201
-0.018576033915406
-0.0149014383888006
-0.0083384571507823
-0.00653809659317117
0.0135644138596422
-0.0096590951208122
0.00135919611330504
0.014424826000321
-0.0045728164820491
0.0156913516680026
-0.00250938216709962
0.00324317841603605
-0.00105160985994424
-0.00794379507955023
0.000753206884731128
-0.000287198766782293
0.0326798325649116
-0.0058664777467925
-0.0206582351835671
0.0178440254302987
-0.0134154153921209
0.00977371967819685
0.00809963534879277
0.00768012446425503
-0.0113689336773479
-0.00684938653777145
0.00314233410804077
-0.0191351393156562
-0.00575230363826984
-0.00566004249719532
0.0060324508472287
0.00219183084165175
0.0139007293914446
-0.0061357067995087
0.000145725180227485
0.0148043337780219
0.0248179622932896
0.0042098223304543
-0.00484967723916219
-0.0159383433847293
0.0253234047059148
-0.0122308089897849
0.01230571346695
-0.00166938041076836
0.0214374027583544
-0.000554590913808273
0.00248922686194186
-0.00283805565915385
0.00326853206370981
0.0136552455958578
-0.0177201425950677
0.00823086291220898
0.0145925113220675
0.00848155967121467
0.0237712277625093
-0.0199077755685115
-0.00107635729285649
-0.0132161019887516
-0.004067401006699
0.00293240727115829
-0.0121167182405288
0.0126252795960651
-0.0234670482320998
-0.00952029496155093
-0.0152966380195272
-0.00186874629774092
-0.00152981405372654
4.50371303901687e-05
-0.00712446138466638
0.00267205116072211
0.00194507235968255
0.00941008886489025
0.021523818982605
0.0296704315858785
-0.0162194816558787
0.0138802985770792
0.0317707156289395
-0.00729293633973893
-0.0205510563726179
0.00246882728003506
0.00636519710549877
-0.00513902531342136
-0.0215588810872243
-0.019263265197353
-0.0118301446442119
-0.00911338617904001
0.022577126384169
-0.00739522366691947
-0.00620609703610109
0.00362523851121832
-0.00825863369015867
0.00230980196613739
-0.00417991104505955
-0.00940381408686042
0.00133819965201831
0.014425363025095
0.0101285112717751
-0.00305980762463642
0.00962763776248954
0.00287856305990841
-0.00749040956815406
0.0104042036063206
0.0144898966611178
0.00428344985317497
0.0111138370797339
-0.00824023907969051
0.00356067006665328
0.00485200382490136
0.0163061346248736
-0.0374168977020601
0.0132735718173733
0.00560207351233344
0.0166107011922643
-0.00812920584515986
0.00339989300028853
0.0030137396356138
0.0138619314156978
-0.0200735393500997
-0.00319103345113803
0.018701618437551
0.0232697005345659
-0.0174469766985956
-0.00274600155309823
-0.0370042762522069
-0.00767272494547289
0.0034667762400189
7.33683035316623e-05
-0.00451340115973764
0.00290476841500276
0.0448415131243944
-0.0128787949960389
0.00393030934485372
0.00709576435042703
-0.0134818535882695
-0.0094501140458032
0.00768315216435989
0.00580726820350019
0.0357118472584341
0.00578677683439954
-0.00117728775114778
0.0100032326690012
0.00779989996943509
0.00128390086008112
0.00636329084226106
0.00796583468423862
-0.00909986091383441
-0.0217705041549674
-0.0110272359140591
0.0240716063827091
-0.00960048268488367
-0.00258306972960698
-0.0111989548666434
0.00727243620315754
-2.93178374830561e-05
0.0148044969110432
0.0114450949498093
-0.020546463646868
0.00512089921599168
-0.0103868131553182
0.0145372583192851
-0.00158643516976475
0.000561954154409516
-0.0210238288243372
-0.000435754363196761
-0.00121038642761695
0.00541393205576668
-0.00707026282869849
-0.00360835014619987
0.0193470911668636
0.00696126265272312
0.0106074615202822
-0.0123532604475716
-0.00354923547918706
0.00717656424779212
-0.0127333837119803
-0.0142564467393722
-0.01906571171661
-0.00238148624413026
-0.0224946404010886
-0.0117926586634605
-0.0196950368808766
0.00216439846772665
-0.0104555756817524
0.00600302920677032
-0.00132696902658491
0.0216931403226743
-0.0204648062677455
-0.0182961462596105
0.00231354011558227
0.0106487241504574
0.00430413986809652
-0.015395319314669
0.0119040104618411
0.0151502216439248
0.000165563015605219
-0.00466590951203338
0.00715262754489832
-0.0120507971914128
-0.00169249169143892
-0.00352073477206671
0.00619241533436377
0.00584221501308546
0.00375105719781721
-0.0202468557719016
-0.00715984602161113
-0.00694554506219092
0.0197755731870755
0.0029747066438397
0.0141850107182091
-0.00340294626252668
0.0101021460910622
-0.00695182978209163
-0.0132553440525414
0.0147773080635796
-0.0238731989300334
0.0101265037548153
0.00236139412771541
-0.00217011660957445
0.0152861233827641
-0.00481498003808278
0.000141853994036323
0.0146758971440475
-0.0266152255271237
0.00530732396014422
0.00106792333473371
-0.0102945574983151
-0.00530533463699134
0.0100131701742048
0.0197506328350014
0.00721389787584403
0.00776381563644435
0.00248464614831456
-0.000232598359976688
-0.0157463942147194
0.000132967654465688
0.00947183687315034
-0.0262151512874476
0.00424039179814173
0.00799355391295231
-0.00617027859629005
-0.0179943134913554
0.00116261159268061
0.00265569667086085
0.00540590263356533
-0.0268574849052958
0.000669888636289695
-0.00506244286723323
0.00702001332484281
0.00444998376614136
0.00940267526935457
-0.0264297410751722
0.00950149491824193
-0.0107298559264717
0.0107068374253583
-0.0244930406300887
0.000668938657242713
-0.00292107529383667
-0.00511306263033551
-0.030169144272048
0.0073056268029994
-0.00139028229354876
0.00871624848763242
0.00951257292168028
-0.00859660901809578
-0.00172998318227746
0.00255822643607573
-0.00754477917375063
0.00268111163208706
-0.00446095112544143
0.00224846420735769
-0.0131932179025211
-0.00645517791833639
0.00780446093926979
0.000295975273234106
0.0141492164653199
-0.0119698222061217
-0.00749814985981856
-0.0175423434737048
0.00697744486715779
-0.00724683938309356
0.00168256409280509
0.0223995892792423
0.000718562557017854
0.0135053336243358
-0.000822334946817049
-0.00079807639798446
0.0200752428447091
-0.00921985071711662
0.0220139816722433
0.00265309345180165
0.0207692268322681
-0.0157829025755643
0.0145025838930963
-0.0113577061506815
-0.00785485342356984
-0.0232823070581469
-0.00568264538606966
-0.0021734342342048
0.0146597580050902
-0.00428258444121865
0.0183991511157628
0.0113324888931889
-0.0023494379957123
-0.00113194716928744
0.00950564247268249
-0.0105162562939274
-0.0051454465456322
-0.0028147583099698
-0.00512464645837918
0.00205742145482146
-0.0104790567335384
-0.013139813693702
-0.00742658981356592
0.00910471894273024
-0.0117731922833015
0.0041404066408588
-0.00512311982353131
0.00892570982475593
-0.00515171586142671
0.0129226670724827
0.0090061187528625
-0.014922639945824
0.00827208196946638
0.005046165454482
-0.00282800135409156
-0.011372288976276
0.0084524326162978
-0.00890467685600127
0.0191533961146519
-0.0134211803909454
-0.0218019734451036
-0.00709958323281823
-0.00640568654171414
-0.00756586281252725
-0.0188193444138487
0.00702746689306633
0.0188808138988095
0.0128040619142853
0.00104660298322168
0.0301574244176464
0.0140592536204383
-0.00734534038905243
0.00118983435102882
0.00735197557401612
-0.00624865711983658
-0.00743139674372451
-0.0203923094196514
-0.0113295577664387
0.00876244016387551
-0.0210577697831367
0.00735427154452561
-0.00380080868576438
0.00909809389834937
-0.0113161765532908
0.00550625520341885
-0.00627571486476564
-0.00303425697564741
-0.00525312088760144
-0.022085707721117
-0.00591332191500493
0.000307926926480739
0.0135697965532073
0.0203375874569345
-0.0191343331709239
-0.00355337342451456
-0.0164393662206133
0.00244933702266947
0.00965528814244054
0.023868489984356
-0.0152496100029191
-0.00768254389335477
-0.00626001398547515
-0.00999886668325756
0.00386384079274871
-0.0105808727087491
0.00578435807963329
0.0195085971771656
-0.00581999942210043
-0.000611481213226739
-0.00339776646867529
0.014408401010565
0.0116465356800926
0.020079604812492
-0.000759505824739826
0.00387866663766223
0.0239547802517444
0.0135860192869641
0.0043564192469796
-0.0203730780720572
-0.0182445299888614
0.00320549633325484
-0.00301519141235573
-0.00804348887660877
-0.0287148858362127
0.000505043847468523
-0.00569599881502336
-0.00175495051938457
0.00374432928437307
0.031214019372344
-0.0202088939955609
0.00625939564760492
-0.0108958687061596
-0.0030698128024238
-0.00224761961860254
0.000721506455239496
-0.000595767576021533
0.00728952209422307
-0.00499900669648667
-0.0021324343423812
-0.0259300850391195
0.00116007497132498
-0.0190028719340642
-0.00977146051472766
0.0222499624552059
0.0238753491646282
0.00863322186436433
0.00482564031001087
-0.00607293547536525
0.00222181795053222
-0.0127946690180982
0.000991149217368648
0.00676782593821978
0.00611660727880592
-0.0110539544481607
-0.00940584278768597
-0.007316243084031
0.0192990789726804
0.00957010334038699
0.0247956434391394
-0.0021644367026652
0.00158843737681447
-0.0292627763260365
0.00488360765508489
-0.0140083548864669
-0.0120528820115025
-0.00140882003232323
0.00030725764530759
0.00894472944977043
0.0024685393960433
-0.00323763681447531
0.0110279160422504
0.0128274288087873
0.0355122088304265
0.00557378782780393
-0.00449394379756929
0.00728515987271883
0.00012452788331041
0.0134236567828561
0.000293468284354725
0.00305603154519951
0.0232613447350452
0.0109753569100142
-0.00618375168200691
-0.159690234291639
-0.0197915295007014
-0.0110323160066943
-0.00645145248220391
-0.00719615525720307
-0.0142824595680513
0.0232693200159231
-0.00298852214177492
0.00623932148795658
-0.00514274286022021
-0.0253150752988951
-0.00166509088175748
0.000568646486317492
-0.0307877681889228
0.01214859100876
-0.0275718000265679
-0.00735281849696401
0.00520882694364921
0.00859281901094322
-0.000430646082173247
-0.0190006424634961
-0.00505138651330084
0.00970259703842835
0.0141549098796931
-0.00699522733322522
0.00866117642796627
0.0142868783448302
-0.0180358756102783
-0.0073918603306975
0.00560804590336939
-0.0108386083437528
-0.00553664682032196
-0.0084227791621212
-0.00127816117316604
-0.00700236205368321
0.000922568039291027
0.028192693687878
-0.00832323317605699
0.0234938972915426
-0.000632981122104859
-0.0139911804138728
0.0110333778576441
0.00499125751754814
0.00302709235860021
0.0056905207752358
0.0103390842596105
0.000861088355487816
0.00471640556273711
-0.0210666453486459
0.0135060886095548
0.0147230465216732
0.00491941651574179
-0.0322137113352305
-0.025990187107177
-0.015646171708519
0.00239514501931959
-0.0146075950680555
0.0153408935846722
0.00510549428543605
-0.0156185121139472
0.00370502025742558
-0.0105571885030595
-0.000406300347969735
-0.00231696414703464
0.0181344599951176
-0.00996975525661892
-0.0104834403722598
-0.00454033360295369
0.00619244903944804
-0.00355556440938898
0.00634850375003237
-0.0106126585982149
-0.0193517339107663
-0.000347497952180031
7.92070512347642e-05
-0.000793230050414984
0.0107394631438249
0.0063481049706744
0.00379722539924976
-0.00886877755659676
-0.00737994342859372
0.000359147118611292
0.0249826411024037
-0.00491271307094499
0.0130256988961537
0.00377975836212396
-0.00638514433170689
-0.0207484757803427
0.0363501831444513
-0.00483891824798865
-0.0116772177450235
-0.0218874896729155
0.0010094023839966
0.0207171640075794
-0.00185406223865048
0.00942821073079614
0.00783005637477796
0.00276423558903427
0.00261405415962113
0.018354555014219
0.0101356551717702
0.0208101137271859
0.00722683295477422
-0.00990343472457589
-0.00103146186316483
0.000229850237783324
-0.00940596875753719
0.0063254094619889
0.00967659921534292
0.032067606195163
-0.00160531933344332
-0.000663537364172573
0.0194568774729951
-0.00954917659605403
0.00565515519626203
0.01793627414667
0.00345288517580356
0.0319612133289748
-0.00423476793999833
-0.0027273035854829
-0.0185097864242478
0.0063176451835667
0.015819234418774
0.0025342643434012
0.00511810852558181
-0.0160479618211022
-0.00550042518686356
-0.00644625801888732
0.00404125715091919
0.00328809032626176
-0.00994237364074513
0.00982081143588664
0.00397895701605622
0.0107657568226509
0.00174389550596188
0.00561895522178069
0.0134328135819031
-0.021417621095015
-0.00492558430229195
0.0144893678718301
-0.00277047824517052
0.00452639882114014
-0.0138246809824198
-0.00879284921288592
-0.00771324218798797
-0.0128785803546494
-0.00159601245423291
0.00825143239375414
0.00963528811838943
-0.013708886556272
-0.029661846487067
0.00364189283300131
0.0110123340371433
-0.0195474275596936
-0.00635347021407684
-0.0149108335687145
-0.0125491028329239
-0.000242251371176838
-0.00598109688414672
0.0079906251573727
0.00478978697123988
-0.00127843221052615
-0.0062640673973573
-0.000159971413064453
-0.00321192553800831
0.0248268577606536
-0.00837159687878186
-0.00828301893358563
-0.00266122633185506
0.00350834116234555
0.00523458309435809
0.0030476629570928
0.0061631860489535
0.00454180184682551
0.00419963164171033
-0.00342508836801025
0.00532289931092045
0.022979318064821
0.00971512024498988
0.0117593870734072
0.00765294703283059
-0.0130075267392584
-0.0024235651902127
-0.000852404313167465
0.014961925700161
-0.00305122905564303
-0.00236315867979364
-0.0123953260862391
0.0138066391067737
0.0151964055786686
0.00796274763562854
-0.011894876308181
0.0153976706572219
0.000408484606119863
-0.00416404195247289
0.0154511320680462
0.0153803680001765
0.00276867579741658
0.013672898536415
0.00160329430455741
0.00586838877203943
0.0180178905337183
-0.0340524179284167
-0.00817379643534899
0.00635480587363446
0.0181845578831634
-0.0159679968413129
0.0356359258394363
-0.00434670386383584
0.00524413939790569
-0.00209295246217134
-0.00808764675297824
-0.0196804967596913
0.0166764404638839
0.00915864564318825
0.0206015164905322
0.00827454361492519
0.00977274972575826
0.0296430561896184
-0.0116016927776048
-0.00107290147769068
-0.00371579412468881
-0.00352705833341793
-0.00978853873681818
-0.00328355305671435
0.0129164143318958
0.00490476387748906
-0.00689664505025589
0.0281249066527729
-0.0227084079334463
-0.0235655585808097
0.00722329872623284
-0.00714080033740361
-0.00116042481634127
-0.00357965089169721
-0.00933075920144666
0.011799482810313
-0.0198341559393258
-0.0108649803861773
-0.0196740039954293
-0.0301590792117068
0.0021633821100413
0.00669926888405792
-0.0143908922703964
0.00937779260406923
0.0199149810401782
0.00362480639779439
0.0036317935747836
0.0120612451722035
0.00189898689460044
-0.0156233897489839
-0.00690301898228762
-0.00436070437590641
0.00385839600741877
0.0111526812822285
0.00394201263891114
-0.0147078872648159
0.0126577054899724
-0.0106028455807237
0.00339136371474025
-0.00107570373523602
-0.0116322977719157
0.0190462487619243
-0.0125890154235555
0.0153958962135978
-0.00238293303624859
0.00554530707790013
0.000621368560498325
0.0036006017553607
-0.00656976477026472
-0.00318924873669313
0.0129727017083932
-0.00976857821312072
0.00378343057681496
0.0111142297221949
0.00909368285918921
-0.00884350422831437
0.0105138724612059
-0.013651396560062
0.066889475035206
0.00541556176839264
0.0073675496789567
-0.0116827752853637
-0.00510718101254559
-0.00382554314592021
0.00283306716975718
0.0220126956674056
0.00994294727453893
-0.00688417843404676
-0.0136230406574627
-0.0158770761787637
0.000282232579371433
-0.0154923760389236
-0.00936666312007173
0.0236746796782454
-0.0155130461134072
0.00367073116356886
0.0131743853785125
-0.00798625788384788
-0.0252095053120902
-0.00630130075921764
0.00733763352188976
0.0149302917140495
-0.00180739340544012
-0.00521060030079834
0.0165317856576426
0.00597853738416187
-0.00934717929509321
0.00989503816219561
0.000796186395472853
-0.0122333515209037
-0.00662056346842288
0.00601650796929731
0.0155903381260207
0.0296501551027657
-0.00963206419967655
0.00321329433366246
-0.019995733249341
0.00401408052009877
0.0119173479115067
0.021203676257795
-0.0112373487511799
-0.00734009361316645
-0.00732365294875015
0.0115434941237174
0.0135101569852898
-0.00735231024490757
0.0108279767245651
0.0011648435234286
0.00838345821078801
-0.0224301219726177
-0.00665256945470905
-0.00968732678908224
0.0141651283213999
0.00674244549561109
-0.0201275068241098
-0.0121073267073086
-0.0136418667026543
-0.0125591483076599
-0.0122725675809128
-0.00306404612631628
-0.0169871075165546
0.000319557789216107
0.00322260058950841
-0.00678248812065574
0.0233002293656539
0.0071700323405528
-0.00659063392758674
0.0119543266485573
-0.00165152585927109
-0.0138002953423388
0.00821477025110351
0.00140868291248664
-0.00156946759442489
0.00741754569422604
-0.00699565791735268
-0.0117418811663272
-0.00619279963871122
-0.00326544917076266
-0.0123073585939475
0.0107007449853327
-0.00306434540093203
-0.00710854371354586
-0.00660436499426575
-0.0169098835747228
-0.00796136139074077
-0.00679678853165666
0.00417489058756848
0.0134120447528363
-0.019197931472211
-0.0112864244656699
-0.00400698015538947
-0.00810240425525288
-0.0150328123327097
-0.0224274385585757
-0.00710671340719671
0.00333430609511165
-0.000463437881200734
0.0123128381780289
-0.00474094589294216
0.000264715484213252
-0.00812406605178717
-0.010758002985976
0.000208995629063846
0.00142317573809292
0.00115227243848359
-0.0195343195556958
-0.00486811831728851
0.00864953326289686
-0.00833803202981853
-0.0157064366346118
-0.00722432496550951
0.00757387235220142
-0.00145528931750682
0.00917780358345199
0.0128509268518926
0.00960925735262297
0.0016534824591723
0.0255713672005164
0.00750532619885957
-0.0270426736285374
-0.0062349769881862
-0.00247614775177563
0.0121524702251934
-0.00545498249001808
0.000717336151849102
0.00243363714970535
-0.0107895038818544
0.0164421219374002
0.0147221484692597
0.00370810156639223
0.00401664185058315
-0.00455020930516081
-0.00237450272730988
0.0112079180218443
0.0064691639717851
-0.0126862368175611
-0.00641841623866757
0.0102205930540633
-0.00497901259359113
-0.00502848820417512
0.0115539018134556
0.0116447507071133
-0.0141966895551582
-0.00337815209565617
0.00482628990186829
-0.0178944698693346
-0.00663853173592366
0.00260962708621282
-0.0280236963924556
0.0128857690134787
0.00474132232261848
-0.0207157234398125
-0.0219134072537353
0.00956710984568288
0.00551868703835678
0.00473938852667244
-0.0203295174387601
-0.00346209295777533
0.00435867039493409
0.0103218132838245
0.0116486893618846
-0.00805351536926668
-0.00255183795629321
0.0193308105372547
0.0148392755945956
-0.00951673317579549
0.00356482977158668
-0.00157327898220627
0.00919271229752128
-0.00653834845731449
0.00100470078007087
0.00164364275523265
0.00988773227646944
-0.0113923115830448
0.0012447203210737
0.00281425995890827
-0.0253656174861576
-0.0316035280182696
-0.00230584661358035
0.0142613829521694
-0.00673983194298877
-0.00416367425446151
-0.0113361430415471
-0.0086730928181189
0.0146237311260582
-0.0209848534481458
0.00665193844593026
0.0214875269953678
0.00810359417975715
-0.00628654176191734
0.0122813532730124
-0.00110251735557543
0.0118570124758222
-0.00532529528245473
0.0109809124777214
0.000445999525142682
0.0123467642208288
0.00681867868066988
-0.0146615790508271
-0.00459592142360354
-0.00612467031892328
0.00127244507238933
-0.006444849816857
-0.00236801170087597
-0.0232840600257802
-0.0117512749918256
-0.0044166719728187
-0.00426632842088948
0.0129550025869056
-0.0061614546951243
-0.0122919995356141
-0.00732809211127172
-0.0124594769299442
-0.0103187241282896
0.00724279153219798
0.0227153193125851
0.0057718123155055
0.00203480940406253
0.0230442110735982
-0.0104539544509969
0.0171496742063557
0.00651410501217153
0.00368578606237979
-0.0410879025291542
0.00269601298546629
-0.00446764375789743
-0.00176793166092559
0.0157258128903499
0.0175101098074864
-0.0384065730636673
0.00866440896601706
-0.00294440501119109
-0.0282015923606393
-0.00301805548869805
0.00516705647496951
0.00524889668245399
0.0183400983245008
-0.0022656662105156
-0.00312606548275962
-0.00662546777148343
0.0112559308905946
-0.030591804066229
0.0112728001122937
0.00322636039822632
-0.0164004057094631
0.00426486969389384
0.0132973284918556
0.00202864758510568
0.0022685060084715
-0.012875912806837
0.000397160156675014
-0.0102563301870058
-0.0105039249080607
0.00566325867200268
-0.0131156130082202
-0.0107949050155449
0.0100992928866956
0.00647641696281553
-0.00792828310030558
0.0497202625505411
0.0170605224155471
