-0.00598447811074621
-0.00491895642726015
0.00204175516726801
-0.0281657794923977
-0.00686500213059449
0.0305758231074936
-0.00743484292392294
-0.00155221673938533
-0.0426160288253166
0.0111226150618475
0.0114378483283984
-0.00610612420340839
0.00977857795309789
-0.00995203532809075
-0.0170323851768861
-0.0141818034830873
-0.00683591054042276
-0.0020941704667653
-0.00252150343099578
-0.0048185090841989
0.000712492668787812
-0.019155145946576
0.0146002180463476
-0.0200553615155797
-0.0158343987536693
-0.0277997970728536
-0.00873282274932707
0.0307480978403247
-0.0241622950222284
-0.0118938168332916
0.00608097409724917
0.00537356707290504
-0.0436844299773371
-0.0179892384645212
-0.0276866206346096
0.0213025747255033
0.000832000831642254
0.010354869764859
0.00437988363049036
0.00216848547461845
-0.00686627432362497
0.0225067040735993
-0.0188942203710138
-0.00770845035559642
-0.00874082607441351
0.0109152327934439
-0.0164987672726925
-0.0337310462708926
0.0306750893193166
0.0148272699571534
-0.00506272994325951
-0.0014243365192298
-0.00628484854782863
-0.00832204799191116
0.0366981989407835
-0.0111593417559338
-0.0106173261245959
0.02307715925984
-0.0129339904067775
0.0191204560207012
0.029712639168866
0.0310774511624783
-0.00572458190278036
0.00194681806117414
0.0127637318548771
0.00663060891637479
-0.00154967894629943
0.00603143628467906
0.0142623780697618
0.0140852348152554
-0.00690819141827714
-0.00347774622206876
-0.0138591653020546
0.0227210517870928
-0.023848683501796
-0.0315287078688644
0.0318510633660773
0.00982571005386201
0.00655669071190623
0.00160372249627727
0.00126691373933752
0.0125688191360711
-0.0257959348378226
-0.002626397248221
-0.0169272905748179
0.0332080271642308
0.00169703943003863
-0.00849864478269813
-0.0434840623235393
0.0141431116717569
0.0108302527177074
0.0108507078591894
0.00861875618441721
0.0266294645997853
-0.0202716354616957
0.00204395016037417
0.0265917193708402
0.0066777039570608
-0.000363081229412199
-0.0103592988788195
0.0243420211722762
-0.00619467403528207
-0.0188839894524333
-0.0299863142101778
-0.0135932463646691
-0.00545177398791674
-0.0146832169839164
0.0212279535880238
0.020031481945105
-0.0078479126301032
-0.00233501580466544
0.00989336767358329
0.0398772694419605
-0.0102476866950506
0.0104214688020815
0.00123383757789208
-0.0120158594275556
0.000175617257849203
0.00270887081012017
0.0134702569015641
-0.00908921596185319
0.00111667243255731
-0.028155175777947
-0.00628326436253701
-0.0230451049626114
-0.0312589745839761
-0.00926028628070319
-0.00943558406345679
0.0102499275514861
-0.0100971371766233
-0.0188874987393028
-0.0323934763369187
0.0425329288038967
0.0158460068888135
-0.0271998362677083
-0.00439976875615056
-0.0225045714970499
0.00138374505454641
0.0200644919376201
-7.94690180810909e-05
0.0389623672571694
0.0223046365140457
-0.0109254822727658
0.0147737698234145
0.0133747623303566
0.0109974893845373
-0.0190237301484766
-0.00975693783241161
0.00330263580142076
0.0119523314111949
0.0670781304482618
-0.00385291940100418
-0.0407144437667246
-0.0254778411549477
0.0191703246387667
0.00743359217240791
-0.0122511769981737
0.00200448048090207
0.0580044180520725
-0.0155606037991285
0.00550946333808078
0.00545709326483457
0.0407321477860576
-0.00615403020190564
-0.00646372229820869
-0.0200288206786414
0.000164019625179535
-0.00446366681210431
-0.0368335162219621
0.0193556701445889
0.00324267288832547
-0.00193627272394536
-0.0173573720048197
-0.0226214138684426
0.0221245532240079
0.00887774186546064
-0.00183487032409313
-0.0151913297265769
-0.00251935472711007
-0.0156171283741502
-0.0100582806021684
0.000365832149089251
-0.0203215232947662
0.0242360849816352
0.020240758196049
0.000587441028460423
-0.0125674883470179
0.00234282639747441
0.0096914674134887
-0.00970168734651122
-0.014847283411943
-0.0311542072085782
0.0292674954257339
-0.021226972597572
-0.0229866302815964
0.00378333269385034
0.00755899960243167
-0.0389419497048422
0.0108887792956595
0.0455866175476718
-0.00656534137952258
-0.00383655079269407
-0.0117824719830859
0.00926850507108867
0.0121983164089212
0.00545482130285069
-0.015027369433553
0.0184494456987101
-0.0415105286984618
-0.00414401655601493
-0.0116443983314196
0.00692049185866361
0.028661153010584
0.0123754711827564
-0.00392444821660731
0.00352919491173487
0.0109136915452926
-0.00873306866965851
-0.0139425818269721
-0.005046308104248
-0.00613267312610066
-0.0108858209554327
-0.0041138926460953
-0.00108389834135392
0.0109325097340891
-0.0212141290028491
-0.0198617275949859
-0.00543936107797682
-0.0230952299264178
-0.0147082796769116
0.0154217666637697
-0.000310366901332237
0.00704652347646073
0.0299480297182773
-0.0216289514528585
-0.00208818627385288
-0.0192399814743177
0.031556108223412
-0.0184726636951146
0.010123890161179
-0.00266462451927685
-0.012091653819314
-0.00582814721611824
-0.0203278677762107
0.0281537581008393
0.00656162328681897
-0.00444967060993195
0.0195116299206415
-0.00678902228469536
0.00374358798431629
-0.0195546035583879
-0.0152391617073875
-0.00745499359940582
0.00499387761501935
-0.0216750664433867
-0.0122648508429384
0.000420894677054306
0.00205704481721125
0.0242898121281154
-0.00815929006413163
-0.0244945520576496
-0.0308006614525611
-0.00248370338242576
-0.0111654040634088
0.00217045039920083
-0.0333096885189821
0.0514697965909547
-0.00333643373733516
-0.0231342171702882
-0.00147513790548615
-0.00415327607415406
-0.0199263347786867
-0.00104564845086208
-0.00922324998202395
-0.0148453407008724
-0.000330429842734015
0.00519595853775634
0.0290589549596141
0.0225057477724708
0.011172925723812
-0.0229397349156162
-0.0045409770886029
0.00623889865072913
-0.0347763644238457
0.0114368783307799
-0.000814752938479324
-0.0275285206977784
0.0190822060436837
0.00434569486588232
0.0321628927287152
-0.0275295266494961
-0.0217021762965999
-0.0127388554263008
0.00493705845890335
0.0413669975638666
0.00432598390220829
-0.0238400930650626
0.0381120699988071
-0.029048545659679
0.0674485054212918
-0.00316795906411371
0.00620414989544971
0.0139261004310147
-0.055171017729354
0.047713844440783
-0.0209722525851916
0.00994344675684433
0.00871921099452
0.0189410559067438
-0.00573364506254137
-0.0353635521974818
-0.0129450394320523
-0.00830779155618733
0.0203353310832026
0.00746348324788215
-0.0223183255206676
-0.0297881128350505
0.00909220553067569
0.00936337867366199
0.00862574976839081
-0.0435625009005999
-0.0109090492571029
0.00858374398605855
-0.0113604807505613
-0.0101834001526577
0.0278296510484144
0.0207216721401647
0.00205185105087957
0.00276829966995362
-0.0144659198017532
-0.0319851958164187
-0.0450413558128956
-0.00746047387780235
-0.00400059082224202
-0.00874140353481234
-0.000999857080779654
0.0132431193420299
0.00626409517294269
-0.0533350724926226
-0.0200938103871589
-0.0139982470574407
-0.02336756784501
-0.00545785186326397
-0.00857062410259535
-0.00148472077881145
0.121351053765165
-0.0201634613968071
0.0127254623748406
0.00916650624359683
0.0328042535998414
-0.025409215080785
0.0289583082389534
-0.0191717661671605
-0.00974696201620673
-0.00715835146925037
-0.0134740041797041
-0.0229745912017973
0.0259277212484961
-0.0313636612771035
-0.000155396964890642
-0.00835865123960733
-0.0100857852046794
-0.0121933863351206
-0.0194320469363425
-0.0557005515176761
-0.00925882679178391
0.0176257455673379
0.0113064318089905
-0.00407926093648547
0.0151311053923608
0.0269718212178702
-0.00282027856967959
-0.014619558267807
0.0331419441812592
0.0619419744168257
-0.028989617696225
0.0135135350792569
-0.0197356631034565
0.00588758982210669
0.0228939843646825
-0.00785170274295033
0.0336977223373693
0.00151348040714971
0.0222626440447007
-0.000470895174688124
-0.0161075582816345
0.0355026858500682
0.00233724687562298
0.036653610205585
0.00522577451757855
-0.0181207557210232
-0.00752398468438364
0.0100860134361191
0.036760767612478
0.0127795948357459
0.00856377318696788
0.0109007930128364
0.0171172628579304
0.0245046014001007
0.00225740414288311
-0.00255237570787681
-0.00315394081887121
0.00856980937864904
0.0181932952740442
-0.0427874087158356
0.0156704253486983
-0.00550557639715832
0.0167281792195022
0.00909617979090938
-0.00684768828011306
0.00268762951203616
0.00257784265344241
-0.019159815772793
0.0367982408774229
-0.00798721687528237
0.0132147302823313
0.00112859313597768
0.00318540409560264
0.0201047308643457
-0.0122446256207658
0.00642884312276037
0.0527846067782468
-0.034997132373936
-0.010671084262982
-0.00222872141374042
0.015446851382024
0.00186877435302057
-0.0141332360172481
-0.00854144712291349
-0.0108172819529593
0.00558376711360842
0.000970231191299575
0.0060442654055477
0.00489167682988878
-0.0010090253082693
-0.00788082853416094
0.00961287117257414
-0.0043115389042192
-0.0157691555943036
-0.0154466316945817
-0.0114295471507939
0.0224364435108647
0.0154492358603544
0.00160946037361853
-0.0095835245953344
0.018542086145629
-0.0568413946830172
-0.00711661019115584
-0.0302994626201492
0.0409589730531101
-0.00696689501446479
-0.026978208631421
0.0277251090699009
-0.00838452269789358
0.0133750871855417
-0.0033126876912164
0.00377446675245563
-0.0236039249945232
-0.0105097910726732
0.0255504825851492
0.0191494469108664
0.0137409890190039
0.00473810809800135
0.0805468161846862
-0.0182500877388585
0.028351121947773
0.000786223052096746
0.0567168334098787
-0.00933511825384348
-0.0311390360255657
-0.0131495914917787
0.00275164657154492
-0.0110851448473428
-0.0159629363686526
-0.022958248859787
0.0389773381125439
-0.0130348304995113
0.00293489041102935
-0.0159516104170085
0.0180224596455087
-0.0117032801283938
-0.00810439729052526
0.016910837565959
-0.00978693687646226
-0.00675770052930647
-0.012022356250214
-0.0118878978563086
0.0112913072093841
-0.0102150089357826
-0.00149887130269666
-0.017772413472444
-0.00996996001273709
0.116813884592768
0.0451656607794052
0.00454083369416347
-0.0146502060845818
0.0405249620209374
-0.00758677989221412
0.0114309524061373
-0.00935022375683237
-0.0114451032719793
-0.00909629494614805
0.0114842349230571
-0.00843337999600013
0.00592957002407013
-0.0271766955686805
0.024033886262067
-0.0187339244940921
-0.00433916299334602
0.00212897323320316
0.00373894549211617
0.00521691461083296
-0.00261802050985938
0.00107983339698747
0.0137870440136659
0.0109695643664186
0.00543248972905763
0.00727609400374041
0.0865168017788875
-0.0116557496279619
0.00866091323176832
0.0112728335488702
-0.00830658908695658
0.0114961856691782
0.0425585836000305
-0.026382692396494
-0.0192021801307372
-0.0253608379928585
-0.00516706411824752
0.00329579869456298
-0.0357820174624348
-0.00283333846653333
0.0390800505035245
-0.00587663697297836
0.0343022901343064
0.0183349858512305
0.0075854709377603
0.0213338488139718
0.0118908823866095
-0.000804399322656191
0.00493103564048947
-0.0458255732604776
-0.04080114290385
0.00131383899284954
-0.0103712297682245
0.0345843771901102
-0.0388394100763899
0.030439094703234
0.0189620613327063
-0.0255583363976868
-0.00125523432522157
-0.0095752925031809
0.0260010964278924
-0.00275769205941623
-0.01859235724256
-0.00729814301766751
0.0766374010864642
0.00282974160528693
0.021824439419065
0.0018217693249083
-0.00394856503356356
0.0034562752995706
-0.0365411631636765
-0.0030532496530471
-0.0322232582893371
-0.00782659538907682
-0.0138232155587804
0.0195289880861919
0.00469437462238576
-0.00557184310747449
0.00281129366819943
0.00990760978994576
0.00189082554284725
-0.0209137653863207
0.0100338532603257
-0.00551112945866117
-0.0139233661799268
-0.00932054405858906
-0.00620292547259171
-0.00188054399306903
-0.00924493413386651
0.00545830581458584
-0.0198177959035112
-0.0161960791048822
0.00230496020264326
0.0149737198887823
-0.0417939074287637
0.0193421587403462
0.0118562641852562
0.00850298347942924
-0.00892316991230768
-0.00581770690969263
0.0116314478143886
-0.0176080072230436
0.00831937268390859
0.0396229603102614
-0.0247284707939861
0.00245527440707183
-0.0248805436600288
-0.0073481360758384
-0.0155021175636784
-0.0221567968375838
-0.000831663713068309
-0.0186115603849735
-0.00296486656561812
0.015028984593481
0.0248049481662992
-0.0263759180917789
-0.0179922706238964
0.0198995464177254
0.0408553046741679
-0.00813077417731378
-0.0100044066916207
0.00601056521079735
-0.0011149204549229
0.00390316787311673
0.00679490621622381
-0.0244945072643707
0.0208280850836933
-0.00196315431067706
-0.00116786463628493
0.00457225371513048
0.00354458499535548
-0.00404269106705502
-0.0262471900661935
0.0200586628663465
-0.0244688526273572
-0.0153773724920094
-0.00894946592512724
0.00579553267561805
0.0155442240989507
0.015328324529161
-0.0089926350017332
0.0194503227947997
-0.0206346879586873
-0.011457718106608
-0.0196729704763801
-0.00647016700921754
-0.0234249353125909
0.0109702708845801
-0.0151747956152639
0.0283329385390109
-0.0240842083363338
-0.0262872085635972
-0.00882957311296273
0.0534119098819582
-0.00824648961568242
0.0114404387668537
0.00684897367572446
0.0133595796076331
-0.0252620862489314
-0.00387720540270575
0.0123129993651179
-0.0214063542826992
0.0168069999158047
0.0439302953961501
0.00342487770326216
-0.0201542693172541
9.54038564708881e-05
-0.044417204800172
0.00815074995190068
-0.0097614276020187
-0.00767475674373141
-0.0164662690960289
-0.00701601031036592
0.031325814481689
-0.0230617415155603
-0.0050266465398362
-0.00448364632666198
-0.0192893002634554
0.00186105116640023
0.0139135661898451
-0.0193911214857562
-0.0221594590816012
-0.0162917211647975
0.000469088777172111
-0.0049655503356657
-0.034078637524716
0.0103432262632586
0.0141745568674008
0.000885424726748907
-0.00225825818812875
-0.00997896335874271
0.00284582901567898
-0.0146729259262873
-0.00393706383746539
-0.0225471680372389
-0.0155564803500001
0.00429266719349375
0.000529453724930962
0.0353687639291964
0.00654626819452786
-0.00981951105813805
-0.00878160176524423
0.0261305754453922
-0.00543191723187308
-0.0131148318261449
-8.63898923751938e-05
-0.00381559181348901
0.000821301698519461
0.0475473771899187
0.00635547076928722
0.0194033885200906
-0.0150164911999552
0.0356888677495332
-0.00219412540446173
0.00723988492756944
-0.00213956219103928
-0.0274156650689164
0.00429485298421817
0.0187712890369272
0.0126092609107684
0.0138358589345664
0.000624096238486249
0.018114664999235
-0.00080864045493767
-0.0060187270912444
0.00536533658715821
0.00293629599425749
-0.019845475540943
-0.0122615776914174
-0.0066092067357556
-0.0107413674455696
0.0132672691541911
-0.0101734432166449
-0.00216155491720715
-0.0150145545220277
-0.00810468022038524
-0.00188831026221559
0.0112293098622269
-0.00945364983780284
0.0277122339057165
0.0526003603134789
0.0218372122444004
-0.0275159732049854
-0.0195245649969634
-0.0431031450637526
-0.00681964885086406
0.0269619984021323
0.021681808276088
-0.0149249134633236
-0.0129869169895578
-0.0110298946850714
0.0459283402781676
-0.0104934064440735
0.0119795135390814
0.0588752303346631
-0.00562967749995724
0.00076437227745707
0.0203559158779809
-0.00793841080746005
0.0156341854372055
-0.00339883912241201
0.0101403839480945
-0.00527149146528161
0.0415255148467855
0.0153566681181712
-0.0400590022180765
-0.00490357228141935
0.00176581079640714
-0.00819061053818748
0.0104801783541582
0.00461493628851062
-0.00719679074128798
0.0571085991462591
-0.00908680151961949
0.00149537975627589
0.0402292457489108
-0.0162437103737423
-0.0142443357217427
-0.006807307702417
-0.00909266313307788
0.0285401808240122
-0.00742131576513061
-0.0124216179232468
-0.00401489260956867
0.0266503693910201
0.0148922436627872
0.0315989776977863
0.00921323652937267
-0.000738536685276348
0.0275968248249847
-0.020807247424969
-0.0254121894995014
-0.00579411488819792
0.00600498616128575
-0.00898359816960892
0.00907391396360224
0.0136355651197988
-0.0261754085286385
0.0115898283191187
-0.0137978747447732
-0.0202302540336547
0.0165945372446165
-0.0106456039753723
0.0410915188577814
-0.0116913198486828
0.00560709630569822
-0.00620689161167487
0.00210894246778026
-0.0164415067757907
-0.0357747091085799
0.000199287288396022
-0.0254085665106754
0.00646292198529441
-0.0102183087511651
0.00409909741676784
-0.0313456766815698
0.0368403157653172
0.00634644243062643
0.00638458001366371
-0.00915424023491562
-0.00301984722638327
-0.012149327877309
0.00521786900782328
-0.01287858772149
0.00228703936738861
-0.0255968978012203
-0.0129462586510813
-0.0122390469822916
0.0027275058150491
-0.0246819452217885
0.0312000993985272
-0.00721879005358861
-0.013091054383729
-0.00689094019446101
-0.00300857272507482
0.00728554156101713
-0.0222704342544264
-0.0262120274300883
-0.0088819986087747
0.0164803159254807
-0.00529201177908145
0.00225818836250169
0.00274422469246027
-0.0284621397425275
0.00987964177602196
-0.0319268094804501
-0.0230741577346407
0.0156432061648868
-0.00512900090320734
-0.00717421824200815
-0.0117606525070603
0.0188242669422338
-0.014915848301879
0.0311640984686739
0.0344102292872934
0.0512947877522842
-0.0236603584077077
0.00185460245444835
-0.0109925410102238
0.00779165557098016
-0.00216081298433479
-0.010964576564732
-0.00401646654328935
-0.0141508192046507
0.00880458078692381
0.00238745678579422
-0.00472434888517193
-0.00861823401603523
0.00765785665051477
0.0392929780768465
-0.0118179046713388
-0.00380243470060415
-0.00519758429139616
-0.000405909664434212
8.40128759169723e-05
0.0222965020514654
-0.0143791060465559
-0.00561610682727776
0.0182786159030892
0.00431600165202939
0.0293577530349823
0.000643602353699091
-0.00202522432961239
-0.0291251711808714
0.020337072121833
0.00580326593581015
-0.00501798219198435
0.00981004080928538
0.032444384264957
0.00525097877622649
-0.022626415439392
-0.00705929986228937
-0.00307646630934899
0.00696864457284119
0.00314661868254462
0.01814664803977
0.000680750134010255
-0.0168186026146413
0.0203349619344264
0.0144103636603174
-0.0124602697483067
0.0387493985504306
-0.010155237174275
0.00376757483057466
-0.00647753854206412
-0.00272924870735092
-0.000622681600828345
-0.00313625546201202
0.0183167856819211
0.00864497198018166
-0.00265661825895602
0.00467606658330233
-0.0149939105623242
0.00403594711744903
0.00234288313452469
-0.017508662442789
0.00650249395788471
-0.0262800547333287
-0.0135116861063937
0.00655525013560621
-0.00244753048724633
-0.00377003052069291
0.0217590144390298
-0.00501372960186086
-0.0130370090598574
0.0347090167485467
-0.0133774481626967
0.0279478928167125
-0.00237315333670052
-0.00049775719432632
-0.00438905030258363
0.00171731552962417
-0.0250718148040551
-0.00473403177355025
-0.016052847100125
0.0176211964056112
-0.0156805401604367
0.017596885416417
-0.00944309116419007
0.0214384719608861
-0.0375775016236118
-0.0148328784102056
-0.0412677237977938
0.0171792859530175
0.000106488612052535
-0.00696097829359155
-0.00307169829352905
-0.0112981595535371
0.0157845845544041
-0.0187590267940976
0.00511729675233163
-0.0113722445844707
-0.0119550422263532
0.0691102987279787
-0.00432481245084637
-0.0153263015449043
-0.00547702612553214
-0.0156483792770061
0.00429187621803906
0.0218811907831121
-0.020241626231439
0.019842149431984
-0.0127179123079872
-0.0112605299912309
-0.00784439651964464
0.015949851817223
-0.0289720178847905
-0.00220132584278221
-0.0136102410146079
0.0266204028205717
0.00403951824812965
0.00839688391633153
0.0271291266585356
0.0120503923280103
-0.00576668249626666
-0.000118266739111528
-0.0122059781005722
0.0195537298302879
0.0100573637339375
-0.012607227137489
0.00429912360425477
0.00281272301418078
-0.0260580423734293
-0.0078503674752981
-0.00552671396598015
-0.00302072481399218
-0.0246274406672948
-0.0182712255747424
0.0286722509226822
0.00951914615746863
-0.0290200844323278
0.0598006760059013
-0.0391873475764482
-0.00342329420305054
-0.0140417888450444
0.000793379880736911
0.037172646794013
-0.00295799822676313
0.0442251895692315
0.002005062680841
-0.0230189355441159
-0.0151593899672384
0.0318309342579772
-0.00810908484683504
-0.00613580484783238
0.00822817964552969
-0.00112300752356709
-0.00991633715308371
0.0738044350023184
-0.00904183707451078
-0.00986741205300068
-0.0171041504314495
0.00663388195016124
0.0169146158149749
0.00498236590271839
0.00683925924881623
-0.00457101614183453
-0.0082343351538019
0.0120493575768372
-0.0184155220686604
0.0234714280762924
0.0022542333519171
0.0259404070561128
-0.0270726873870353
-0.0189371867003734
0.0215883140807236
0.0153977614643296
0.0238787576648802
0.0020945702580768
-0.0129499754719542
0.024843878367042
-0.0044465305181538
0.021241887271505
-0.0410859794481004
0.0162028961180537
-0.00663250044677921
-0.0104356768796352
-0.00657316439679856
-0.0151901290929772
-0.0131492542403628
0.0101227019612917
0.00918332404543276
-0.00123228418258858
0.014592630102782
0.0125874072947251
-0.0131932009655604
-0.0253415685942222
0.0132201569411894
0.00938466225770562
0.00452876052814799
0.0236425013566059
0.0244918580603319
0.0233857954895971
-0.0163888878816839
0.00627731787285746
-0.00251790171738664
-0.00329543697146639
-0.00728645453222276
-0.00125327069239545
-0.0477682257694962
-0.00353978116636466
-0.0112766378277892
-0.0322147550900314
0.0151698226609105
0.00573464825469228
0.00202603169943116
0.0314911907440432
-0.0143765516423564
0.0236637689277663
0.0385367641589127
-0.0278451428543434
0.00273974034759195
0.0132312375819665
-0.00740102480778471
0.00406928277072227
-0.00379214427451968
-0.0179350635634656
0.0123161059280913
-0.00899628452300916
-0.0139368601895097
0.0181887050595365
-0.0146007405372394
0.0469050098205435
0.0475647372026671
0.00398871786133836
0.0610646744488241
0.0265685245876621
0.00408921340421797
0.0294641764952579
0.0159794061961147
-0.0126892945013231
-0.000375461085635131
0.0099117576088481
0.022271366831438
-0.0033727479089346
0.040160949762113
-0.0193560299303464
-0.00739526602858565
-0.0214446450831958
-0.0405511371956981
0.015728307945392
-0.00198199933107812
-0.0259822510151673
-0.0176295289866497
0.026798454027423
-0.00322937287189684
-0.00115512068237877
-0.00441155626286194
-0.0100532250552967
0.00487921166566418
0.00466318043408531
-0.0187243049606743
-0.0291807439024271
0.00520739539155279
-0.0198258344213942
0.00126719824709087
-0.00540051540903819
-0.0234795518561691
-0.0291126396149768
-0.0235243562086775
-0.0201336074593934
0.00900873658050427
0.0319583743529936
-0.0151553270316309
0.0420442638512815
-0.00381468440153632
0.00833149102768105
0.00478221460744344
-0.0047601646396298
-0.0122833742052817
-0.00783700148187583
-0.0300935109666209
0.0129678052083214
0.0268556193174352
0.00841307101519784
-0.0103019157960673
0.000189678369346247
-0.0269235586277303
-0.00645160394837396
-0.0127279876988962
-0.0303114404016035
-0.0318205008344314
-0.0163059887218071
0.00476472704454256
0.0286175888117848
-0.0224645497171865
0.00660306528678101
-0.00108558267011571
0.015866297205152
-0.0144519611934628
-0.000321585715480133
-0.0113106416368634
0.00602622822201559
0.0140391800178865
0.00406952854433495
-0.0134044486412837
-0.0149258101189561
-0.0101252588114703
-0.0186441778766187
0.00590976673954502
-0.00887601882513334
0.0162879068417328
0.0262193760115721
-0.0247197643977957
-0.0166293104251647
-0.0110125646461658
-0.0404649079844167
-0.0189095107400132
-0.00130976238035618
-0.00142789781286856
-0.0279759513899865
0.00660296438634878
0.0042086490327754
0.00296498877583584
0.00318026976916663
-0.0288111830763169
-0.0119401247657664
0.0325805987816616
0.0136681477914404
0.018031519089823
-0.0148073973698103
0.000770182360085414
-0.00518731383951376
-0.0348950518304383
0.0152778453913167
0.0258970225748495
0.0218897597402219
0.0726573572901006
0.0214607377942617
-0.0447599929834086
-0.017922627196591
-0.00179184183994274
-0.0144249361736202
-0.0154025476172108
-0.00603896643384605
0.0323052301637896
0.00511938917453902
0.014022604907949
0.00875447889200398
-0.0186474581671723
0.0172594367138732
0.0231077681759755
0.00744513782911826
0.00534934070713411
-0.0142350455510494
0.0130277336895004
0.0237092144184984
0.014771435925739
0.0112279616570946
-0.013894026492436
0.000667447977000135
-0.0227967220610215
0.0567958656163685
-0.0138172676549865
-0.0265997228505627
-0.0184328415772206
0.0186931791452698
-0.00871295176490694
0.00937169802073101
0.0128077462973777
-0.000965873166411391
-0.0148483628778295
-0.00652324374331981
-0.0213328754584565
-0.0241170879390682
0.0171763552149402
0.0093666760386697
-0.00114250271969984
0.0230740063800779
1.74145257167968e-05
-0.0227632678677236
-0.0132204142795005
-0.0215394449625166
-0.0144764775397273
-0.025379830394397
0.0337571374992417
-0.00756216114548014
-0.00943746200419393
0.00500809746092301
-0.0115705742274008
-0.0036342460239196
0.0231100875267938
-0.0215180358310252
0.0140668343731343
0.0120414631692864
0.00797692874630529
-0.0276043647713907
-0.0188357484511534
0.0311077829318831
-0.0179348590345482
0.0123243151391874
-0.0256851827184226
-0.00763106674832992
0.0151418066999409
-0.0393256348361344
0.000876137786510744
-0.00361961327749361
0.0222443758197876
0.0089677708042033
0.0452147481417813
-0.0060376505127997
-0.00577116583202275
-0.00787891735670732
0.00281425830378601
-0.0103485239787473
0.0136137344912262
-0.0120493852014918
0.0484691832900832
-0.0091466122192474
0.0122691746758425
0.0155002142664595
0.0189323144244421
0.00782494391266886
0.00486995426817738
0.0169898713746641
-0.0123429649836926
-0.0240501859940359
-0.0410357839018646
-0.0382361360306576
-0.0146907679401596
0.0359027501191318
-0.0257961125484344
0.00499591384329001
-0.0100592310224861
-0.000212017265319053
-0.00438216303421401
0.0188653914657909
-0.0391369265132623
0.0218765543189224
-0.00258052544236242
0.0504192499997269
0.000382057651542422
-0.0231036341090631
-0.0189350918828526
-0.0217539996213552
0.0112950204353737
0.00121111305833221
0.016485149126196
0.0269221597582854
-0.0235833254567339
-0.00987638348557063
0.011986259753875
-0.00980295352518001
-0.00235370407548485
0.0455768245881634
-0.00581991186380737
-0.0171439641536479
-0.0264709524531843
0.00908138213593335
0.0171916859086975
0.00633074827518976
0.0252386591457415
0.00559122976274495
-0.0211114736815079
-0.00599022085212408
0.010667933800931
-0.0208234785786006
0.00760989375337517
0.018927678011885
0.00653567469445959
-0.00749031888933227
-0.0029312147595143
-0.0195616113222252
-0.00175004983195337
0.0165927633090962
-0.00631608752860791
-0.0078846798064065
-0.00589755192963626
0.00776611617330536
-0.00168180064070356
-0.00417765737111586
-0.0109793087406156
-0.0137669223034322
-0.00483745456167584
0.00206921163038332
0.000415167606613975
0.0083260827601257
0.00440112731462472
-0.0160079259355483
0.00916007410049113
0.0152640600704907
-0.0368407624646112
0.0145806817222495
0.0143357874720976
0.0255453891564964
-0.00574229857278985
0.0138481829787145
-0.00361987097601146
0.00421179415457362
0.0122762371764858
-0.00577364435111061
-0.0168393306862004
-0.017849002705284
-0.000345337136268942
-0.032132942958963
0.00391442193410163
-0.0194124089582315
-0.0150190582137699
0.00883519375011654
0.0222330073214136
0.0041910082716603
-0.0130703644611325
-0.00069495889217841
0.00735169318280771
-0.0182108475827913
-0.0118144829006248
0.0154958196679753
-0.0242857181414673
0.00414965558722769
-0.0135345223637335
0.0383214492578084
-0.02067985761867
-0.0160445195666148
-0.0203003508512862
-0.0251171240527094
-0.0140665675117937
-0.000117149328002442
0.00752982848508821
0.00884074549695035
0.0271072494233372
-0.00168683674457371
-0.0191042283857907
0.0263450196465853
0.0226249239577307
0.0531157162510263
-0.0604287385608511
-0.013401758340682
-0.0122015506778728
-0.0247092401414812
0.00638530702889684
-0.0235086878186723
0.00775716447368646
-0.0264881974810279
0.00784248138895238
-0.0258446552786553
-0.00631861977700154
-0.0224864472108967
-0.00155061996428252
0.0143854151257607
-0.00924884107499213
-0.0231787733980571
0.00473306591274336
-0.0216179283347508
-0.0528479280829137
0.0376014037753969
-0.0114604866721917
-0.0077625928106797
-0.00511943256316516
0.0272038809219517
0.0163321092056614
-0.0124723974476095
0.0298403959074116
0.00803778864194848
0.0168758121643282
0.0308080550115564
0.0201231804071089
0.0199075626887348
0.0134202938053194
0.00545257836969504
-0.0102902608422013
0.0112090464922054
-0.0134876584762984
0.0164734624773704
-0.0370491472680188
-0.0256399632581528
-0.0152635681592431
0.0339855132305975
0.0111512747544618
-0.00936916189769565
-0.0207648045736524
-0.00203471460799687
0.0165917548757681
0.0338697279381059
0.00502266720788158
-0.000570518253933283
-0.00237303978750458
-0.00247561117123307
0.00568006354830253
0.0214160609410398
0.0204988733225959
-0.0104848744579388
0.00773340580070736
0.00961702580321222
-0.0206038492404698
-0.00200182324256204
0.0133927528233934
0.0010635401643877
0.0179242689330017
-0.00141334598490528
0.0179800064036999
-0.00406537204775925
-0.0286850972225368
0.0346934254472204
0.0195004885327668
0.00180988827902018
-0.00330648189689708
0.00893758686521995
0.00488284867375344
0.0237664048219628
-0.00575323300715069
0.0144947919898457
0.0317790868878374
-0.0490469845607426
-0.0134936507254905
0.000972631484372544
-0.000640850458262232
0.0301810116629007
0.0101012154605769
-0.0619430754460766
0.0261840062252804
0.0156450941628474
-0.0114459264005113
0.0374618401467455
-0.0131977350015759
-0.0149052149519642
-0.00811314473544567
0.00824552029610626
0.00882681203228408
-0.014318953322368
0.0113577144234331
-0.00922395623515671
-0.0227442566535172
0.0466546823800542
-0.0171372885464629
0.00879440152146682
-0.00633914701116134
0.0121236825423254
-0.0103102845469227
0.0206523774130414
0.00569457517942307
0.0146650196168011
-0.019261784991198
0.00302748339230841
0.025361913279827
-0.0085057095399288
0.0112030662107894
-0.00555052137578715
0.021546393306636
0.0113574323966048
0.0143205234794876
-0.00291380191856727
-0.00696232772256278
0.0162835067016447
-0.0152876299577802
-0.0018950393349052
0.00700309332884341
-0.000536407742339762
-7.82523355928877e-05
-0.0121575968648584
-0.00816447559693145
0.00794511192793235
0.00465801905105323
0.00683464964703551
0.01126349921669
0.0249087135527197
-0.00427624045710218
-0.00628351624642254
0.0177947731743384
0.0742003565871057
0.0127642651310438
0.0016357487432499
-0.00889951275209855
-0.00443371324911512
-0.0144508597651004
-0.00698735813823603
0.111436768218872
-0.015514578475355
-0.00159748207801513
-0.0153404885795253
-0.00799346600734219
-0.0127683512541332
0.00118257050630155
0.00614841031713298
0.0275882046134698
-0.0288126262700126
0.00562410962931503
-0.00984123576388785
0.0047130401666593
0.00618604481311469
-0.00825282667537164
0.0122325388994339
-0.0163191448760676
0.0416151917940258
-0.0124085880468054
0.054610831225008
-0.0275114038237088
0.00848093946275408
0.0261327249156738
0.0255085319550311
-0.0105380037831446
-0.00390971825435704
0.0358027956765153
-0.0265745663922072
-0.0470659378154636
0.0203362664096378
-0.0128258274341624
0.0304726899159039
-0.0010156443420517
0.0252876770970905
0.0227136304235915
-0.00193157576272562
-0.00486580283668125
0.019232788925192
0.00999209535218726
-0.0237423704791995
-0.0273613681261414
0.00383863226744463
-0.035567877710972
-0.0251940878450039
0.0242077086935559
-0.00481823823371663
0.0822174144317842
-0.00653714522532189
0.0289658600820515
-0.000795645080566176
0.0258116243529711
-0.00295861755122218
-0.0262630085941878
-0.00798470889585912
-0.00721172138919668
-0.00440845016879021
-0.00551087475717338
-0.0101606063250774
0.0012010691810459
-0.00863040317038666
0.00382508850077301
0.00709158583429748
-0.00647119502339299
-0.0157700198580213
0.0381345894628811
-0.0272515458690875
-0.00258912779131837
0.00275988623499446
-0.011388153283527
0.00518570744546443
0.0328672418629844
-0.00378409320286466
-0.000722709574784375
0.00376243146393429
-0.0258989006795434
-0.0259472391350142
-0.00459770086287592
0.0074963620514743
0.00418459709271479
0.00126415894158649
0.0045278579653294
0.0140285274725037
-0.00047595028509595
-0.00268283228874777
0.000990996337106531
0.0274999814110695
0.0117751938967872
0.0272865233773025
0.00219244033256505
-0.0442174333066165
0.0130055980963282
-0.00585582616283253
0.00129419415629328
-0.00615602239078228
-0.00513458555513979
0.00288278470752079
-0.00212089737059906
-0.0158324355724584
-0.00495192664904631
0.0124091550611294
0.0172275182144705
0.00941249944185985
-0.00465374870211832
0.0384837872755719
-0.0511422807093956
-0.0165118753328412
0.00506428701499972
0.048271828707612
0.00911537560365827
-0.0413594918538642
0.00819612947648318
0.0237950092467445
-0.0065157410281611
0.0193340897744847
-0.0314210422306749
0.00483555146707726
0.0183851951926378
-0.0228368409731854
0.0150838404579119
-0.0147923243497368
-0.00821062864424804
-0.0280566435425317
0.00193280698658882
0.00436015864493511
-0.0151748809790931
-0.0199339764459279
0.0268099704640501
0.0192335498394558
0.038405598594891
0.0129007564939448
-0.00418220900416166
-0.000311403503223895
0.0159356318001559
0.0135517029519312
0.0600526998808004
0.0248139570966488
0.00691429087557049
-0.0146331357178185
0.02931725742083
0.0169306477419424
0.015641794288034
-0.0387144193459815
-0.00240225072397615
0.00971172199961257
0.0410995203291241
-0.00222518699219498
0.0382581924107506
0.0224933664113096
0.00528809347632908
0.0107175526706405
0.0406261934495238
-0.00425991299319151
-0.0542763495923015
-0.000184237922758013
-0.00905306083338653
-0.0032848093191995
-0.0106219139689603
-0.0124983447226124
0.0096689067655964
0.021437198140658
0.0562242636273547
-0.025626431915065
-0.0355610570305699
-0.00518932270585615
0.00182013527964919
-0.018960683953454
-0.0213848772096159
0.0125931318719752
-0.0174555880122151
0.0186769209094733
0.00374658355581836
-0.0231821419339617
0.0227620086998503
-0.0503968640787067
-0.023868796884817
-0.00764358491988859
0.0120631152155874
0.0156558368239856
0.0235106852300001
-0.00430885373816614
0.0397265901765143
-0.0143725784034463
0.00422599642489396
-0.00758983485606579
-0.0179050621008792
-0.0114420554340477
0.0188966368099346
0.0146824659172377
-0.00700448031777667
0.00738068281771898
-0.00807648133137218
-0.039230067568766
0.0191881272583092
-0.0053893591983909
0.0304234877607206
0.00585323977888241
-0.00225740223583937
0.0101699125811329
0.0116462849465782
0.0232954157780828
0.00809140401533637
-0.00468543870545912
0.00392962577147471
-0.0075217239795784
0.00580281689676387
-0.0227162397320708
-0.0352579850666216
0.00511848581626762
-0.00281019597415744
0.00732189614174095
0.0185932406976386
-0.0113859336026495
0.000708825893234399
0.0418926086692435
-0.00903473450007497
-0.00745017035525852
-0.0191444986371188
0.00242883353577494
-0.00558234822136372
0.0227007200033488
0.00039409987449246
-0.00170871553439667
0.042789131334434
-0.0308947610983796
-0.00655925150127379
0.0122769991151275
6.35990451802737e-05
-0.0286038788772469
0.00785759386865537
-0.00344751016471179
0.0176781762173412
-0.0202606438355902
0.00528609700234062
-0.0229818042944893
0.0219515495046076
-0.00689189724544759
-0.00569276196828372
-0.0105497781296822
0.0257980917128068
0.0200522845209578
-0.00509841341278272
-0.0288087754623899
0.0219241271684822
-0.000460967454682493
-0.000778067114261982
0.00813026599840549
-0.00948920428822309
-0.0157475226646179
-0.0177091723089553
0.0123724351070695
0.0143943319663566
-0.0103255105560547
0.00390517121661371
0.0558600253479289
-0.0261672425816433
0.00988892902977989
0.00265467403814634
0.0252196107078337
0.0697192092361852
0.0123787594834243
-0.0102108838341791
0.00480806607285467
-0.0161765165640579
-0.0362689250319477
-0.00159176914416737
-0.0102092548986441
0.00292735907429975
-0.0103848291677268
-0.00391744770472013
-0.0192440033128991
0.0107775430158531
0.0300812023367176
0.0111675126491657
-0.0446990644529259
0.0242069932287794
-0.014094902249743
0.021004751293793
-0.0130274052121491
-0.0307108516526133
0.0268712951522556
0.0312358560277801
0.00883685138485468
-0.00557929099890764
0.0113551337169751
-0.00968255260743067
-0.00730003831987558
0.0105595112450857
-0.0257262423648164
0.0242688312233603
-0.00762662933771896
1.12824290228186e-05
0.0113076474430829
-0.0055777395150205
0.0397385167161295
0.00848269132479407
-0.00334642221616566
-0.0219762551865396
0.0077047456399495
-0.0316297608409882
0.00902857147764302
0.0153644911329462
-0.0133813175440729
-0.000478576289670185
-0.0192809293967852
0.0053206344139094
-0.00106804397705318
-0.0151515129511689
0.0329510168404243
0.0113276265132647
0.0127148057722233
-0.0329907066323458
-0.0251188557686225
-0.011620519952191
-0.0146343047668787
-0.00733514166545013
-0.00955821865711659
0.0180338011676513
-0.0153059829866038
0.015747490413361
-0.00846314894897349
-0.0169578936277944
0.04639201747088
0.00932027132692537
0.0150229335642356
-0.00513794833520032
-0.0234376952409111
-0.0115463651565839
-0.0038017086246227
0.00884963933576544
-0.0203484143063333
-0.0142789125153269
-0.0128119530173183
-0.0164696709143382
-0.00150088260456727
-0.01607496413578
-0.00483378511083388
0.0549394826329126
-0.0160533495405237
-0.016222311540621
0.0279666862733668
0.00872255396946076
-0.0179304068960561
0.00117824006528611
-0.0223497670635883
-0.00437670480239793
-0.00968871422085427
0.0218943085392567
-0.0266494605397442
-0.000598794108371603
0.0873089830137955
-0.0031358457816858
0.027448736545385
-0.00801103917026025
-0.0294358577535077
0.00512512717233993
0.0255100001592592
0.00502264127503893
0.0149548616798396
0.00954879099338535
0.00263231903546624
-0.006802734183605
-0.0759867189757877
0.00984532084874323
0.00441007968450924
-0.00246419992091584
0.0226177704927329
0.00513229533592496
0.0138715756742097
-0.0188110593012918
-0.0112784713432009
-0.0116810085927332
-0.0267196903253264
0.016924544715025
0.0248003265284138
-0.0222847491570506
-0.0180448500729913
0.0112532295499743
0.0163815739875379
0.0381483334006414
-0.00771864283413104
-0.0136720006197094
0.040502868711772
-0.0051867850910492
-0.021380478454591
0.0589967932516322
-0.0326596494251983
0.000680941554460079
0.0305301913339859
0.0224426794861423
-0.00533037949205584
-0.0032349121067794
0.00787103361228692
0.0385563846891308
0.00214753619796793
-0.00573583911559261
-0.0241898913859031
0.023080519076318
0.00929108369477194
-0.000293018835028858
-0.0344215219026613
0.00354064735877746
-0.0135924704152843
0.0295294524262082
-0.00274231538482761
0.0100957035130003
0.00499979092635328
-0.00309928761355338
0.0392622869300474
-0.0116418991813062
-0.000299939932236093
-0.00422824913263531
-0.000703296423354871
4.50984413424838e-06
-0.0105558058830544
0.00336105508222784
0.0418084679203015
0.000685738411059345
-0.0231408390763912
-0.0042897622080329
-0.0279472150145847
-0.0109236670905262
0.0208168169058287
-0.0224395439676097
0.0565838623688236
-0.00729774760337887
0.0041688873682646
0.00934991033370214
-0.0216142636116992
0.00594678932324522
-0.00647221492232286
-0.0454745137328355
0.00181466432809863
-0.0233160172361446
-0.00388858964997651
0.0166350743961965
0.000716897114724335
0.00869274454028979
-0.0175993583664962
0.00444295214618151
0.00781524154483892
-0.00690284329242585
-0.00186523498862989
0.00181377520409187
-0.018734359957012
-0.02296710398067
-0.0365803702055393
-0.00137025872715046
-0.00660072935567269
-0.0245237214952743
-0.000475260753401319
-0.0671520349425656
-0.00824408768010088
0.0114962574956441
-0.0211521289821046
-0.00129894200896552
-0.000533907814590839
0.030043858596795
-0.0129899856246494
-0.0145035771861474
0.00296053390597506
0.0244323245497652
-0.0112016075841535
0.0141600790311901
-0.0195465480091634
-0.000108943735226519
-0.0469434202068939
0.0116491518603257
0.00133452755435204
0.000685761101007043
-0.0103715564491025
0.00738697961708601
-0.0262122521391428
0.00148757856066473
0.00784897398561313
-0.001927121390636
0.0364518800060403
0.0234981081392692
0.00564391742710613
-0.00575605346963348
-0.000115941310802725
0.000603791989112423
0.00233184611096882
-0.0101322298427668
-0.0150700408321193
0.0207227480574272
0.00588585630101401
0.00755665612750089
-0.0074850281178569
0.00548848449559403
-0.0323708108541598
-0.0401518102629266
-0.0102251773081827
-0.0103000862138469
0.0283163646490908
-0.0119940796096019
-0.0134243033668138
-0.00404456877056636
-0.00197022810673275
0.030314802652017
0.0318882078592528
-0.00697960537108777
0.028615833637085
-0.0218102349893519
-0.0121110684049865
-0.0217748633252274
0.000415490601921698
0.0128446205423012
0.00538084465858857
-0.0108845140710812
0.0126810445474101
-0.00433989904531096
-0.0206247909122466
0.0381735778521732
-0.0218212183502322
0.0269008289416282
-0.0290070026134919
-0.00321127230357976
0.0240747468220888
-0.011645022546714
-0.02647846256005
-0.00849355972279242
-0.000610963941310771
0.00727401687739626
0.00412991959172149
0.0207755441209112
-0.00297464955914806
0.00103751566826504
-0.0153460106169698
-0.0296607434428464
-0.00342112707479836
0.00142135693472212
-0.0185280727581654
-0.00758654274407267
0.0162199140286186
0.0273694697685236
0.0134305581444691
-0.01269221765046
-0.00966509990663433
-0.0190832470245713
-0.00969601075618209
0.0479212584871708
-0.00171979301947767
-0.020868716236438
0.0203815920012271
-0.00822233983943654
0.0177440925465415
0.00979622238980604
-0.0094533698772532
-0.00436004023755387
-0.0263571206646315
0.0877257982598456
-0.00530513004467625
0.0100939148652215
-0.0182338144888992
-0.00378762007591404
0.0236196805334247
-0.00618395129023075
0.0056215383961089
-0.0134579369181309
0.0274565916421649
0.0223014618006225
0.017534936228278
-0.019582700713092
-0.00994938728718286
0.00973962863725841
-0.0108807176040968
-0.00880048231226338
0.081161537128863
0.0167569775914711
0.00807000595260465
-0.0222947796794579
-0.00184258778935886
-0.0126963664152355
-0.0096965855776725
0.00288112375435845
-0.0116171853739938
-0.0182729256656911
0.00310829677364965
-0.0124396511496344
-0.0413726596717472
0.00703620827619789
-0.0222252112585883
0.0261403186860731
-0.00301245144963058
-0.0143591559063907
0.0161143385591793
0.0213663091005283
-0.0192660361214021
0.0107040864719243
0.0406484010200046
0.0293980642236453
0.0206865501259257
0.0131290185596731
0.00567662205093411
-0.00958873188278764
-0.0465039410952375
0.0156968829111876
0.0554507802464665
-0.0328061244592059
0.00960220638578324
