0.00113276677756602
-0.0237413824425001
-0.0159126867418831
0.00153280860309302
0.0283421307035443
-0.0181585967297391
-0.00849653192436151
0.00164952066340796
-0.024127700788652
0.00764742584071065
-0.00565018877028578
0.0219953789625684
0.00794316166860298
-0.025296251263816
-0.0332707062098336
-0.00534651375373585
0.00414017846774328
-0.0247891833614009
0.00820761394755287
0.0074992144894992
-0.0163134794982103
-0.0123475800008102
-0.0194649895387506
0.000468230496800004
-0.00830006382790138
-0.0133562896756096
0.0113087930520841
-0.0113436246591956
-0.0179457159377474
0.00747930389043638
-0.00387253945142874
-0.0130857003256271
-0.0306599060778066
-0.0108582684067944
-0.0123698292520213
0.000264300034286791
-0.00737108757894411
0.0051869224563621
-0.0425659462010586
0.00579291344328325
6.58929187462576e-05
-0.00596853501238392
-0.00366391479472306
-0.0247225417570238
0.000306531854775471
-0.015757999549189
-0.0113781225077645
0.00345503720903118
0.00616236630440348
0.00556042384304156
-0.000119150701799242
0.00921370164165225
-0.00422910941107268
-0.0150452635329277
-0.0271244982422658
-0.0105641191109651
0.000535674155226928
-0.0274550724784905
-0.025494187089107
-0.00326549724205272
0.0185585088946478
-0.000701348885005615
0.0091755650203158
-0.0107154159844942
0.00740964016252299
0.00883379365993342
-0.0211086586787221
0.00638415712996121
0.00185610445319639
-0.0122636941377685
-0.0209791161170845
0.0166792045999227
0.0119136716849955
-0.0097564834762931
0.00153531440594357
-0.00989724897318922
-0.0107940183966626
-0.00935559447932022
-0.00511938790682898
0.0115344398377832
-0.0104920130387445
-0.0150566585666798
0.00798795466357483
0.00021643769538926
-0.00237873476584483
-0.022450005990958
0.0153161926057397
-0.00941638217984675
0.022816750333142
-0.0123868336245767
0.0123795302806382
0.0144304206390871
-0.000521317470360216
0.0204525484552995
-0.0186074737275597
0.00240008068904451
0.00388922761175436
0.0117326414286794
0.000627258994567725
0.00455608574868549
-0.0064080517511993
-0.00583904163410054
-0.0053331151747642
0.00694067019062672
-0.00185709487744745
-0.00616083222180031
-0.00293085641869695
-0.0267131000963268
0.00109098351437886
-0.00932563117021523
7.81847874034014e-05
0.00172256819069716
-0.00363528946722269
-0.0108590445058017
-0.00786196162337127
-0.0137728523937017
0.034569347266352
0.0191591086439278
-0.0260130450930305
-0.0140089292257493
0.00620534533566541
-0.00546648812881045
0.00533274913883375
0.000528905520809531
-2.44313237818261e-05
0.0117124483912878
-0.00749496093361834
-0.0345478780054904
0.00854853591616589
0.0200416718653003
-0.0218298342444125
-0.0118972812224136
0.00748618765327969
-0.00576454498169277
-0.00104387086219937
0.00548777320440941
-0.0124902287798196
0.00992188215573542
0.00751442575357331
0.00924899214444075
0.00155093838746723
-0.00915657524894087
-0.00864706068641041
-0.0122171437566987
-0.000596780407605024
-0.00460894458577066
-0.0118331671988834
-0.0227693316243798
-0.00338345474475332
-0.0010095237950889
0.00151517349179109
0.014819828851719
0.000607584996243915
-0.0107263686182115
0.000314835777043498
0.00318828797240656
-0.00424273569128886
-0.0178543927708983
-0.00486454412714465
0.00328727584263788
-0.0298088765789384
0.00768668150274721
0.0409858756342043
-0.0102021034814204
0.00494917119180549
-0.0124827127697689
0.0246354782655462
-0.00800004920532515
-0.0153810932882283
0.00937511849589612
-0.00700945468858905
-0.00807152215221407
0.0223902581535658
0.0258443749831283
-0.00191473856015278
-0.00882039048899941
-0.00801440970070111
0.0161021031198114
0.0140752466873479
-0.00565428798992329
0.0127630920297381
-0.0174039846929634
0.00970700379863665
-0.0200319810122114
-0.0180513816276555
0.00933100218206917
0.00970036919818007
-0.0081730541211158
0.00803483700933327
-0.019184916579567
-0.012204225642872
0.00561509349127398
0.0136319699460774
-0.00973000698219728
0.000456549021487618
-0.0140715847872546
0.0173349761479891
0.00326914973548575
-0.00481636797610285
-0.013311566887058
0.0133385981926573
0.00187038399974782
0.00858103197794868
0.00848060548633178
0.0121714353065006
0.00301236436584951
-0.0137217608409674
-0.0107146360712029
-0.00990219916881863
0.0238398316962201
0.00958084143329963
0.00454215701193661
0.00594543569527062
0.00325416789053001
0.00853728155102118
0.00108412300460969
0.0114413301464484
0.00616430647123423
0.0183356201742093
0.0101862778229744
-0.00918284164241179
0.00634657901120939
-7.71038940783342e-05
-0.00500966507593148
-0.00371496746493527
0.00388721020921956
-0.00259146592552995
0.00605719017473838
0.0220735480880396
0.0209026681760331
0.00547783690013404
-0.00919238849925996
-0.0136654883154375
0.0126328889907406
0.00553249355689545
-0.00423053615867808
-0.00220707527741304
-0.00398734018893698
0.00845532793325354
-0.0349459820377813
-0.0169268077960325
0.00395094050112021
-0.0120031966065177
-0.010510924933584
-0.0118230993259605
-0.00450979276541119
0.00253834287675225
-0.0266215502237017
0.00540901426358609
0.00806548960522591
-0.00451965045922087
-0.0108509160387094
0.000753684676533695
0.00151235510776004
0.00671214912115126
-0.0165535945552868
0.0105466009736581
-0.00723815122176141
-0.00694898780291098
0.00489216065907527
0.0110796364146726
-0.00799161393805115
0.000775513090506053
-0.00177971882918193
-0.0293939566443839
0.00519865110599049
-0.0298809977972034
-0.0014591051073829
-0.0124642602411793
-0.0286000808899196
-0.0134053189937244
-0.00660960557705792
-0.0375891356428895
-0.0197092633370328
0.00794371331114974
-0.0218279811128212
-0.00153766581464687
0.00416551385179886
0.00531935947010886
-0.00720506799315324
-0.0249143515493824
-0.00986577923039711
-0.00897917157503336
0.00229752014738693
-0.00297052638168616
0.0239093374915011
-0.00117340450598924
0.00078120095851375
0.0102539955530396
-0.00602990552262739
0.0163514111770517
-0.00285117372031074
0.00210765006239733
-0.010929120896229
-0.0187083358099649
0.00300825265672167
0.0229352276237442
0.0159648679796849
0.0110834634723691
-0.017912189422681
-0.00178634393937926
-0.000579671077424848
0.0144097368346134
0.0045379475896965
-0.00544691217390358
-0.00616855538064698
0.00712606949086414
0.00718461963217543
-0.0157232135174379
-0.00519134724316039
0.00285836475414669
-0.021651511611541
0.0502414332706973
-0.00452190018591914
-0.0120782246605895
-0.0128589416294975
0.000521476790082076
0.00593718004142119
0.00674268823962976
-0.0104254021648167
0.00627427925852331
-0.000887989545150347
0.0161887008174659
0.00816347595781153
-0.0119112762207578
0.00118809925234586
-0.00559289914994032
-0.00816967706543892
-0.00254530082594862
9.91032030235317e-05
-0.00322005836212647
0.0106117762947644
-0.0155168795496863
-0.0239477403945934
0.0127551169255486
0.00201354800285891
-0.012838897434472
-0.012619455420479
0.000415929253357206
-0.0122543194841072
0.010021102221053
0.0198251103449039
0.00577398049193256
0.0168001918704004
-0.00123458003049137
0.00657500016181523
-0.00876613239474544
0.00148256770637012
0.00466306050045873
0.000544580322570098
-0.00634459231841866
-0.0119147580068528
-0.000611916419254399
0.00362571207998386
0.0246227541523627
0.0179737163572646
0.00694656075752498
0.0291871978309519
-0.012545516155841
0.014871893012419
0.0209146578444752
-0.020150356035801
-0.0102893142402749
0.0107185115720583
-0.00275596832777936
-0.0219354434809969
-0.00584071960594557
-0.0279552168925346
-0.00881925142035911
-0.00206627999105358
-0.00971361914943181
-0.00213382639956627
0.0038382408195563
0.0187625461849503
0.00576367786561249
0.000325152434871967
0.0126794454835597
-0.0153557516811631
-0.0154533658026494
0.00469220484472999
-0.0103289229655772
-0.00837072117250059
-0.00580691005505152
-0.00760198315349392
0.000635415452508781
-0.000216886372506053
0.00607837990054172
-0.0030359048454045
-0.0231655544984122
0.000899015904602507
-0.0227836311442395
-0.006724986850978
0.0106223051158736
0.0211399199010156
0.000469172546337049
0.014857829116913
-0.000475173926163919
-0.0036336806992221
-0.00123420545232378
0.00483316808792189
-0.0120217957139204
-0.0159432613461625
-0.000652358878907577
-0.00222407871410191
0.00879841153495242
0.00965315601803951
0.00509958540992983
0.00403357659772396
0.00869455847600875
-0.00426352006944875
-0.0136510030869417
-0.00223264517247301
-0.0133355454939963
0.0123300011972294
0.035609754939566
0.01967514967839
0.00846869851705456
0.00142504045039438
-0.0167856526214827
0.00793761477488886
-0.000702416894837299
-0.0046052506686447
-0.0254159710741213
0.0104663506299172
0.019668251001038
0.000720264408039739
0.00184200765873754
-0.015494200095274
0.00486621795353237
-0.00505950408560274
0.00604882164715193
-0.0107894571798859
-0.0302114069612713
-0.0112990179701189
0.000519952444106409
-0.0052416329268361
-0.00129809696697869
0.00952960353014198
-0.00262782069586898
0.0203485110603907
-0.00204251162446667
-0.00662365877551885
0.0161476030566199
0.0159667073519678
-0.013416142165573
0.0100446202789115
-0.00419675274367215
-0.0064670809293812
-0.0127583292602687
0.0283787600517709
0.00321345528892536
-0.0116253421992845
0.00370406356826614
0.00797483408910615
0.00305858770471978
0.00204134029841363
-0.00452398872627846
0.0189861302612861
0.0123027337671111
0.00171040031634107
0.00688967407624297
-0.0271945776307536
-0.0115327587299756
0.000384094065763563
-0.00489271321122153
-0.00869926814350386
0.0210887041239456
-0.00833895237940041
-0.00313848229469826
-0.00323752853081771
0.0121506616980529
0.00217551828021101
0.00929156277178578
0.00987778772261194
0.00585529346292901
0.0109477592593468
0.00140385696792222
0.00128449274809128
0.031034585793325
0.00866479076101712
0.0100795399062203
0.0110533445889569
0.021051525422898
-0.00689681096883632
0.00923970324205925
0.00012659964637507
0.00110216443347255
-0.0143425921283313
0.00403643450417945
0.0176240328573698
-0.0260752659352335
0.00884813337500745
-0.00461441109079352
-0.00772608061985913
-0.0137195548122584
0.00281690394830747
0.000796567616259125
0.00243198398690048
-0.0216839732865086
0.00424506202037378
0.00114862518156045
0.00979640299563833
-0.00582756712480403
0.019323048422585
0.00626861377050147
-0.00740095992487078
0.0204855168567182
0.00161452802656825
0.0018691651995848
-0.00957402265387941
-0.00107387659663871
0.002236205015679
0.00391829998945425
-0.0354090490395897
0.00568987089804907
-0.0063876176802502
-0.0154670829517283
-0.021524610587786
-0.00546118366813531
-0.00593011965865387
-0.00173449418914373
-0.0227924709459941
-0.0229217947571545
0.00370407970938302
-0.00520612984216839
-0.000618092654633529
-0.00850423709170478
0.000589390431770198
0.00442873845546288
-0.00269402135374186
-0.0204150175131907
0.0116725396790063
-0.00334827600246435
-0.0140946495827503
0.00990691636966901
0.00422161667154164
0.018272668539705
-0.0110205343893153
0.0118093630326896
0.0130402882155316
0.00222331025683964
-0.0085352467547164
0.000434092541260256
-0.0150820192834651
-0.0207067128646106
-0.00356773064270755
-0.00459024496907823
-0.0113288124892783
-0.00324577404134807
0.0046476324778979
-0.00725410983669228
0.00192666283118648
-0.0184298155063463
0.00944933009361471
0.0116546547168692
0.0224455680531417
0.0106934786009649
-0.00106515403928853
0.000779532886170387
0.0230196254386605
-0.0160398625370153
-0.00868403559737629
-0.0192825703815842
-0.00867739330184492
-0.0167606829872984
0.0172317527492396
-0.00469970420139276
0.0174017396064503
-0.00637145277043416
-0.0108178874128271
0.00658435286552894
-0.0144674610343589
-0.00929772286022335
0.00954227106301708
0.00486086719321577
0.0100974893301071
0.0237332488838753
0.00455923440135031
-0.00496645861381495
-0.00067738549980767
-0.0110941170652055
-0.0101650995817781
0.00545764807436555
0.013264480599716
-0.00178117167078184
-0.000260644748690808
-0.0131160472963483
0.0108370719675097
0.0103204186768462
-0.00734753908106178
0.00514121112149368
0.00448006234785936
0.00439554245382112
-0.0112004304983557
0.00190990932539137
0.00449678699254008
-0.00574974056285527
-0.0130152335636939
-0.0039402651119449
-0.00774327802855268
-0.00129356947426196
0.00900402310077553
0.0166171279489262
-0.000890312471732102
0.00202722450555903
0.00133309249225988
0.00745641124130003
0.0104343195769871
-0.0144135450559162
-0.03105308015523
-0.016695054916859
-0.00124452750866944
-0.00848274786005199
0.010072583385357
0.00694471284215403
-0.00136558683569632
-0.0154741895212869
0.00246055648338839
0.00213318203484469
-0.00535454578199435
-0.00182371554587846
0.0103179958694142
-0.00507174680528522
-0.0103617084731322
0.00728214107560632
-0.0183824033858908
0.0310708081075788
-0.0192244984000816
-0.00739092600366575
-0.0179973217407348
0.0256069384056357
-0.0200626669038328
0.00563382164150994
-0.0019181152005121
-0.008560089287176
0.000471140449779028
-0.000422640271692032
-0.00059279715565097
0.00438342247098333
0.00939279439216101
-0.0167648493386867
0.0097726719487099
-0.00318975656337628
0.00140951481798446
0.00942639575807469
0.00114199848815311
0.00699628312631262
0.0177976111805407
0.0128598576128045
0.0173772521513396
-0.00673472698315081
0.0181356720221331
-0.0106689102241475
-0.0154068769823414
-0.0176088507839953
-0.0235561700019957
-0.014852850053348
0.0015964774299384
0.00318777391904668
-0.00229753022225232
0.021256702928321
0.0136506943510035
0.00670023584780743
-0.00738720648659985
-0.00470531482902992
0.000757533572457447
-0.00137862654682763
0.00784290428419254
0.01490223235907
0.00525416644117982
-0.0169498966708677
-0.0275626307610146
0.00818041620387078
0.0036660926894676
-0.0120110015848844
-0.0127128131152059
-0.000803649982747956
0.00287421667760057
0.02665609706896
-0.00168670680218597
0.0219590860082945
0.0156748589895876
0.00276937669717903
0.0162499028881786
0.00552132716794063
0.0171349355990316
0.0137484312743492
-0.012212451110873
0.00875120585089739
0.000809220150026491
-0.00455533861830126
0.00743160679160404
-0.00645850387853208
-0.00147133395549659
0.00472051773195048
0.00679689790362303
-0.00516616830089234
0.0265386171479829
0.00934344836563206
-0.00267805252554787
0.00453660242177278
0.00941620383363073
-0.005174273932532
0.00389113289908849
0.00468947491002147
0.00271558853422782
0.0125762522774693
-0.00146947729142965
0.00469874456383934
-0.0143409096773954
-0.000423161044341924
-0.0140792948054109
0.0241278840191068
0.00242740328683944
0.00655409066871826
-0.0163811018479443
0.000881753255828954
-0.0217132414226935
-0.00577302718157213
-0.0218829816497124
-0.00472790548260527
-0.0148750313316857
-0.0165132994162764
-0.00312174994691361
-0.0146162043424365
-0.0107720899792252
0.00606161774088498
0.00266021091623969
0.0123634561560024
0.0324856159683637
0.0360107438087525
-0.00807941216879193
0.00206052210373286
0.00979150733668632
-0.00645256908756231
0.0141736800094048
-0.0010899720604769
0.0149247829026162
0.00237301041066473
0.000690941384217325
0.00600901435972645
0.00454478357624488
0.0071977133522676
-0.00339717156487396
-0.0043415484273357
0.0194429596472663
0.0144263836987157
0.00953747430172847
0.013876351298169
0.00956799427688715
0.00766806630092631
0.0115974975329145
0.00201608093877503
0.012952488080666
-0.00738504260653983
0.0130551099974969
0.0214198363747755
-0.00934970236469823
0.0026424976312267
-0.00372800771526727
-0.0146142122006019
0.0093156533358556
-0.00101206012518951
0.0136583269702673
0.00788626307652862
0.0134432399961391
-0.00429463144826059
-0.000998591491363499
0.00312550146359847
0.0128565507470242
0.00455835552625317
0.00781269266473217
2.67169725098881e-06
-0.00179698084794211
-0.00539210534556744
0.01279865673812
-0.00171854616237255
0.0067967659447401
0.00160693276436952
0.0206351078590359
0.0329565304428723
0.00657202415318814
-0.0170061907898962
0.00608953445664184
0.0157939318815572
-0.00925201874687609
0.0122239382510685
0.0107875336772381
-0.00805409850848804
-0.00636633085831839
-0.0130623805016459
0.00282099223446508
0.0155418993178511
-0.00629224379404647
0.00355747867038048
-0.00436229280735922
-0.00345144858064472
-0.00552178379288648
-0.0143203883094358
-0.0146286622768343
0.0126425183747774
0.00248737204554672
0.00423969368864618
-0.00541518438955713
0.00495039283126708
0.00984612349276048
0.00491693997171438
0.0131715315171927
-0.0081089864863273
0.00393142413514269
-0.00640050451178986
-0.00763937444832585
0.0132596512634784
0.00749804243885421
-0.0172983459428284
-0.0063783977717371
-0.0245407302562413
0.0155484186875157
0.000216634253190406
-0.00148673553090539
0.00143132039699267
0.00458941523081791
-0.0080117900263712
-0.0103942656872817
0.00930832804018067
0.00139999848667216
-0.0064344394163367
-0.00316959352905499
0.0190612788784073
-0.00714242532909459
0.0110636780634419
-0.0120802395291708
-0.00384863163496796
-0.010657791774717
-0.00245476088524121
0.0146166680361475
0.00968455872089358
-0.0059965179911643
-0.00872731319184616
-0.01166945024233
-0.00516827616792703
-0.0119103855885481
0.0106957188198216
0.00793765073963293
0.0122036284619433
-0.0152331212004331
-0.0369166421972249
0.00559356719452531
-0.0172111826848269
-0.0261336313297633
-0.0159144068176094
0.0226841499069721
0.0049427668487656
-0.0130954088664144
0.00335343076456773
-0.00103374757378383
-0.0237218219593593
1.09527751330774e-05
0.00234902512426949
-0.00183788232794235
-0.0246755811431072
-0.00459869851597894
-0.00296631984808648
0.000691448085895274
0.0193144896986279
0.0162046176654229
0.0265529776166495
-0.0277332838032827
-0.00149591119271619
-0.0119929720136653
-0.00421179354140833
-0.00960246157055522
-0.0019845411964976
-0.0140498090263126
-0.00445854795191636
0.00427867384818192
-0.0175473262710426
-0.076282290958968
-0.0121890492460608
0.00165232905079371
-0.00326181194303565
-0.0146976084211605
-0.0126710007453728
-0.00307328707716081
0.0137685660789959
0.0119794084654572
0.00136837052096261
0.00293784242065342
0.00303138047283902
-0.0127677483907096
-0.0213705111430986
-0.00189726589189654
-0.0269096977828429
-0.0170778199545687
-0.00884719667819311
-0.00976810487211566
-0.0168454422155673
0.0224264215407377
0.00687751237033751
-0.000398094006794025
0.00612700796930987
-0.00213224813951207
0.00954401492268708
0.00665380760509038
-0.00044159629066165
0.0040173592533872
0.0226894626112788
-0.0127652654455979
0.00492514306532854
-0.00397651010321098
-0.00591924532316135
-0.0245060977138678
0.0250505988300453
0.0181478477714538
-0.00191305912372641
-0.000577056477306215
-0.00162327018482067
-0.000602299139526252
0.00793227282768427
-0.00612190180322969
0.0151855101201761
-0.00823991143217029
0.0126127508788585
0.00940420323475699
-0.00879004818124152
0.00635818285686085
0.00856399536775676
-0.0024001441052679
-0.00264362481404845
-0.00380130041414262
-0.00292977418376772
0.0105127221326562
-0.000692897079225929
-0.00419282210347838
0.0208538901199393
-0.0186988996574797
-0.0234345030180947
0.0090694453734308
0.00527667250579533
-0.00424398170052598
0.0108685767836008
-0.0105290506540499
-0.00356783068839839
0.00105235905918377
-0.00937623844023427
-0.0128591276708594
-0.00483941173246549
-0.00719588284138162
-0.00702778928451586
-0.00817285744314411
-0.00861323153375615
-0.00945808235938905
0.00142760789855245
0.0215143766673727
-0.00786271745850087
-0.0167094658801208
-0.00847806588839184
-0.00225386681192141
-0.0184160995493574
0.0024305706345249
0.013336330943682
0.01221159584858
0.0020887263835192
-0.000397574758391528
-0.0075722821340527
-0.0014265202096766
0.0180669288802644
0.00110929214550026
0.00682805538875364
0.0048981226375524
0.00170032007345
0.00931546154158269
0.0349986938665943
0.00426836170433376
-0.00409231397639864
-0.0184421805186954
-0.00183647981064183
0.00250018828412379
-0.000803595920213951
0.00799681774788219
0.0114127912318907
0.00182019039451653
0.012145620240835
0.0231035050905035
-0.0142014479535657
-0.0250307175334026
-0.000466429177910399
0.0198800393214551
-0.0181690486664206
0.012470673635006
0.0187101281511097
-0.0122799557475233
-0.00344011936450528
-0.0290479212453203
-0.00213561537652218
-0.00385329519210131
0.00616277329387493
0.00723562782683551
0.0340011406225198
0.00166736479358143
0.0244197359660117
0.0168714120913798
0.00757181700528697
-0.00522423392610705
-0.013378060984941
0.0128293106219584
-0.00613715310777785
0.0159896263489987
-0.0295496727208739
-0.00419017156610657
-0.000424464982490491
-0.01062187419023
0.000542788005379435
0.0220919992915505
0.00274480948936251
-0.00795525917191142
-0.00650437820969962
-0.0144397892129433
0.0193297192663628
-0.000532649600501145
0.0109434459609652
-0.00847470118316274
-0.0153775532099871
-0.00327937444354021
0.0167664280351385
-0.00286760555558985
0.00800077888804474
-0.00462031607473534
-0.0139669775720499
-0.00849914240806982
-0.00261837686218946
0.00633276878975231
0.00147942730735018
-7.21244976986668e-06
0.012464143007973
-0.0175263176159639
-0.0110163342645428
-0.000113690661452281
0.00381712136624834
0.00635763121936073
0.0169280876540263
-0.000433441025833758
0.00808334459479454
-0.000961667068986927
-0.00106932230438161
-0.00545634170406473
0.00698736232649111
0.0209049709813964
0.00523563369669766
0.00358365905161939
-0.00374233197219098
0.014731910337602
0.00733163308866835
-0.00967068119615
0.000646837238592823
-0.012947162768624
0.00394314208739033
-0.0059995413429057
0.00508030435861251
-0.00244132999305258
0.00628537536053386
-0.00627995154960637
-0.00123408106415113
0.0193705354756055
0.00686311025376973
0.0269617117872354
-0.000572625532516469
-0.0144229594987682
0.000433911272994081
-0.00750908789110305
0.033840442379633
0.00253942054149547
0.00975849974841836
-0.00934663872431329
0.00424417631372265
-0.0137115896111482
-0.00708189511139246
-0.00604734609613544
-0.00356369207209895
-0.00637890772268435
0.0157193495386601
0.00520640626752744
-0.0168263773942492
0.00259820761860929
0.0212811971829296
0.00851191024677611
0.0198405303991809
0.00300409069079244
-0.00182790212868156
0.00126426675430302
-0.00224668491240365
-0.0157140474767914
-0.0104596485107056
0.0112695257856803
0.00228182807842714
0.000441936117688613
0.00464853434566059
-0.00393849352329667
0.00276875151658906
0.0123256094679505
-0.00355473906552284
0.000758260679324607
-0.0141399134959723
-0.00820204692390192
0.0140303662927295
0.0047555441751399
0.0159827175204992
8.63019012093957e-05
-0.00841085100075034
0.00809705487850643
-0.0110139712689463
0.00923491902470275
-0.0166563807791942
-0.00371345615687524
0.00205068201638348
0.0108039159594213
0.00728333322805419
-0.0301175135036438
-0.0046653790402793
0.00593397291080855
-0.00784306723760153
-0.0184357852581023
-0.0160134866541153
0.0150706566470848
0.0146165702452077
-0.0200807875112652
-0.0108539851685201
0.00364610897023887
-0.00134372095401858
-0.0285870942547231
-0.0112936627206945
-0.00942234119935748
-0.016389249639424
-0.0183953271397943
0.00386972645967987
-0.0127932065369265
-0.0195465794745608
0.0204597047663757
0.020323136732765
0.0137354913592365
0.00403758233031049
-0.0083955601888217
-0.00805132509525919
-0.00371103844723741
-0.0173081292228972
0.0106570286405656
-0.00950972228075919
-0.00225851174645797
0.0105710637407235
0.005881772286358
0.0103238255081948
0.00572833827979302
0.00791800865953185
0.0248392280454244
0.00357286249218625
0.0156622124984871
-0.00180530876281715
-0.00170639182965537
0.0180368794604853
-0.0115720133895927
0.0401507259869742
0.0187485212333218
0.00915847811849702
-0.000854594547899268
-0.00358473990618968
-0.028768395390621
-0.0420308607570909
-0.00353511959150943
0.0211630375810135
0.00787040280605211
0.0177896584135127
-0.0227305662051069
0.00786074889887445
-0.000651972196992645
0.0138821599064904
0.0142154398554357
0.0145703153938204
-0.0124975594651833
-0.0121488282971765
-8.86126102805918e-06
-0.0181975525777194
-0.0147105641992322
-0.0129458098226802
0.0104432907888885
0.0329401266614475
0.0265806010859002
0.00270832861627923
-0.00650693373192723
0.0170458876515571
-0.0133423328992635
-0.00779653078044085
0.00203999452351589
0.00299937883434787
0.0169977495936777
-0.019926798795872
0.0146877420602927
0.00153526588355923
-0.0119511547580551
-0.0239400438876487
-0.00607596506500307
-0.0142504545890798
0.0101125630278762
0.00175588782740199
-0.00833612929124783
0.00141669770500563
-0.0241877865212956
-0.0113814932185914
-0.0193639941837738
-0.0298959116378299
-0.00691946905865848
0.00593569926511428
-0.0142686674915105
0.00769643002194975
-0.00568380963691695
-0.0031820626075536
0.00579554546539462
0.00244495290994706
0.0214279427673301
0.00893914451097011
-0.0111195360119574
-0.00219986355892487
-0.00690512323509473
0.015847582068016
0.00724644237266325
0.013329439446661
-0.0105302168252326
-0.0251556357164091
-0.0108708938449205
0.0037183756671908
-0.00240317249360977
-0.0103909499134378
-0.00117357359256154
-0.00114846084292886
-0.0135480938176649
-0.000919949795180841
0.0110990637895494
-0.0113899541537048
0.00884298793859095
0.0234010142554073
-0.0156598178957381
0.0133309892245244
0.00415956387171867
-0.0130286086415214
0.00839742945149169
-0.000928319672139466
0.00688017813142849
0.0141098702657825
-0.0138411196247183
-0.000232115684758227
-0.0489046335928904
-0.00815110877895009
-0.00116306923503551
-0.00624517844626737
0.00644896387570704
0.00811513438520883
-0.0108122992704693
0.0330610066090795
0.0154980716622894
0.00700666800827676
0.0101634759216847
-0.0186456259126864
-0.00412638497135021
-0.012032850975439
-0.00370568229067203
-0.0159702607892047
0.00226533425314557
0.00963305438846795
0.00641230253319769
-0.00602049300633745
-0.0266278539568461
0.0171769936416357
0.000363455349972952
0.0123259431775118
0.0187080718957482
0.00094009348229207
-0.0114959669805597
-0.0032549378247495
0.0130793656950985
-0.00335404801027295
-0.0167461097868955
-0.00513479803365868
0.0226980624664055
0.0146160292412585
-0.00226737303712454
-0.0111583899665941
0.000687025514890749
-0.000297820056028186
-0.00575258516450639
-0.00640560008722169
-0.00300465515347348
-0.00792924622911073
0.0320188341572063
-0.00599137803768457
0.0107616453161601
-0.0249782429164771
0.0055850922971814
0.0076972706575269
-0.00606401340958307
-0.00987213362451733
-0.0134375870597214
0.0153261544426382
0.000735638657241466
0.0159062549155973
0.00607166016468952
-0.0104739414405675
-0.0136201498960808
-0.00393512819224817
-0.0173225717344607
0.00140392435029746
0.00904063357159579
0.00363845241584571
0.0216175847128461
-0.00291922840447967
-0.00915257627962518
-0.00558818372764236
-0.270589317015308
0.00983526991427119
0.00713589558571037
0.0150496248931784
0.0119104930157796
-0.00596502644435226
-0.00399562788983232
-0.00427406698328348
-0.00153007493926793
-0.0128013776239442
0.00279098338752881
0.0117206476816243
-0.00741663939822956
0.0204226498734652
0.00692139349508736
0.0118478192539904
-0.00296459925638892
0.0148169972359895
-0.00112703878391862
-0.018766471567238
0.00115830272553552
0.00776615613258258
0.00285477067492224
-0.0041989590946141
0.00284785674798904
0.000111747453400923
0.01570009239291
0.00724365033721952
0.000165608275496609
0.00523885728529727
0.0227927492279445
0.0250637444199882
0.00742821305051855
0.0193036659122203
-0.0128012889584515
-0.01733081009397
0.00847455984352585
0.00893457827884703
0.00142809951155698
0.000164274592941993
0.00401206014085531
0.00755712644956219
-0.00413099655052918
-0.00541831809466764
0.00447817401259165
-0.00302614957659664
0.00516342034046957
-0.00523823066511397
-0.00535278299423858
0.0088400139480278
-0.00572794809079191
0.00332321925298373
-0.0110724203128392
-0.0098128516688174
0.019935829863611
-0.0049796344031563
-0.00347531214128871
0.00310794489106136
-0.0142050229065127
0.00963930139023184
0.0259125508688705
-0.00869405997137385
0.00525052121667891
-0.00314264939109421
-0.00480510482180918
0.00165181981398099
0.0185093869355892
-0.00893361961209926
0.0522353526151633
-0.0343978591395633
0.0143887438481922
-0.0148036790290149
-0.022319091777403
-0.0110892428203062
-0.00583488402265786
-0.0169664735286386
-0.0186696662975816
-0.00737621582593562
-0.0113822789139828
-0.00339177902725751
0.00692273054479742
-0.0106198156912658
-0.0122528054463817
-0.00053221868165032
-0.00183647344615068
-0.0320163272515526
0.0106246355176491
0.00719220621479266
-0.0227916538061237
-0.0218826324970482
-0.0078897587168818
0.00151444356570885
0.0180954202942338
-2.09253582355018e-05
0.000938314808777818
-0.0290825509115251
-0.0105346368901404
0.00111528296981689
-0.00131655443328427
0.00295773805790844
-0.0202472054050435
-0.00287497646982082
0.0245403340783561
0.00493247370698846
-0.0161931638483956
-0.00283892749403236
-0.0295034875908087
-0.00561416712037754
-0.0249115374805662
-0.0113070726781999
0.012784156691545
-0.00935573000519341
0.0125558238495742
0.00190095670564361
-0.0120958132268321
-0.0285488675023213
0.000413831602202208
-0.00665933926241635
-0.00801068306813235
-0.00366776952780512
0.0077185389357215
-0.000516765550717224
0.00414575508405512
0.0144548226142103
-0.00421102472964918
-0.0118986713528848
-0.0239373338252165
-0.00694224653111952
0.0202797874079863
0.0244180887982903
-0.00781835057192737
-0.000563469137601302
-0.0100021158893213
-0.0017073572180486
0.00769600345533128
0.00196350445528459
-0.00426512821350578
-0.00127325222313068
0.0056108475665031
-0.00667793802994332
-0.0151105556132922
0.0346872339013498
-0.015501357037099
-0.00933486930068383
0.0260688303579002
0.0216704517777142
0.0295295808047911
-0.00810006518973694
-0.00753593670721742
-0.00887539620355682
0.0322369176582367
-0.025406578881018
-0.0199485659310596
0.00898115379107089
0.00615962910167767
0.000306005020034306
0.00103012034855254
0.00236049405036809
0.00135123924792069
0.00771531017471183
-0.0176265110412217
0.0106394158452954
-0.00334769045674221
-0.00253173825064934
0.00830742421636543
-0.00123156834442462
0.00454455897788897
0.00540179031673027
-0.000993360903663643
-0.0036550857718769
0.000194818057018153
-0.00224362418761892
0.00162281716052881
0.00752754390421551
0.0129682669190796
-0.00332145708609488
-0.00935949218294851
-0.00953684679553568
0.00805520880891919
-0.00388223530881682
0.00228476141352729
0.0117176619144548
-0.0123194134159323
-0.011979129262933
0.00223285792963246
-0.0093907015484298
0.0111707167760997
0.012357090960851
-0.0220429320452045
0.00458368537375442
0.025421734311907
-0.0121270905213233
0.000878353288015887
0.0179061521087327
-0.0082162056874644
-0.015824949338068
-0.010283955386015
-0.000427780774321818
-0.0119267916869745
-0.0140541097785825
-0.0005283641321423
0.000169046698371034
-0.0238228659865083
-0.00547075795305396
-0.00541547169051171
-0.0044208082449142
0.00451746488240445
-0.00603487697278737
-0.0100064776408786
-0.00656187046481804
-0.0167489300985508
-0.0195799814133881
-0.025706625963311
-0.00455231578509441
0.00176627637686977
0.0134736824674047
-0.00424877554322833
-0.00551021320235634
-0.0128057788137959
0.00503120317245553
0.00171467109044698
-0.0208535802652783
0.00662122136966303
-0.00159936386644688
-0.0123557764145676
-0.00367647505891711
-0.0204975107838195
-0.0278424519657552
0.00830783736889806
0.00186638816381723
-0.00624753946926226
-0.0128375489530423
0.0037406927208643
-0.00283450224527826
0.0155260419115244
-0.0121478537364723
0.0101680631482104
-0.00568868516832843
-0.0277172269143691
0.000860881518525147
-0.00633753187145736
0.0110887928717869
0.00681937598895566
-0.0106677525641761
0.00142029608200822
0.0267264229434563
-0.00767078881976602
-0.0292934792556867
0.0045884984690634
-0.00639003440396024
0.00363489971171127
0.0179973451466129
-0.0022860537212761
0.0103308219248017
0.00515870190192125
-0.00839450731082181
-0.0152951192185924
-0.0150285868977065
-0.0168671959995397
0.0125485498121574
0.0107897912424644
-0.0147852325255577
-0.0165403480210387
-0.00145398658088247
-0.00799840099969629
-0.0175091784665575
0.00667808461297525
-0.0143748865462445
0.00349229462491429
0.0034675439134606
-0.0108870876891896
8.35522406372746e-05
-0.0158248273379602
-0.00779379067138919
-0.019275079152699
-0.0119775822817729
0.0122043319861476
-0.00208042159438193
-0.00461638501064243
-0.0026640823856976
-0.000221825535742681
-0.0145083700778823
-0.00697792427991573
-0.0219527289889161
-0.00309117339930154
-0.00387889230306548
-0.0196556493592901
-0.0137295334508352
-0.0125153454668716
-0.000995030677239939
-0.00518341208740836
-0.0191352144179522
-0.00234222511980597
0.000155901497725708
0.0266913323929874
-0.00865529430640954
-0.00457901096556057
-0.000710101105376282
-0.0268942373780092
-0.0201092409150174
0.00125149408595959
-0.00972994456563292
-0.0203007745176418
-0.013105567865324
-0.00913278414642882
-0.0156866706163132
0.000397057558245706
-0.0188482021169225
-0.00460307765704471
0.0133046829366794
0.0184747833796983
-0.0040799439528314
0.00569706089194888
-0.0102522077485876
-0.0177843013609191
0.0173138396204457
0.0109776154359871
0.00663026979242431
0.0117243163845266
-0.00636458179881672
0.0262853810699628
-0.0035377923362141
-0.00730486880222259
-0.0048737202622231
-0.00701314133535469
-0.00754382857816616
0.00475676422561655
-0.0144441652772915
0.000877093740411894
0.0155797578765107
-0.0017441458357883
0.011198872436351
0.0146001231640174
0.012030944157571
0.0202638552119954
-0.00978242974075094
0.00180586700351526
-0.0206794093031348
0.00937152612955927
0.00517757157169285
0.013092951524273
0.0192886117352682
0.00389338986608934
0.00871386756139536
0.0128439570925085
0.00228775781597612
-0.0319646485301472
-0.0181346503600093
0.0265222985069755
-0.0127260997471303
0.00319855867897978
0.0164827617682377
0.00552813089821669
0.00144274261212196
-0.00306243962906727
-0.0026838127126485
-0.0134681985728218
0.00558892021001789
0.00254109073599551
-0.00331436700968091
-0.00556570793496114
-0.00794633883879392
-0.0111263194610061
1.53957517827763e-05
0.0069932307474847
0.0191390360814605
-0.00140290757419947
0.00957237933794275
-0.00360481265407131
0.0103375392432614
-0.00789124913607075
8.59659658658529e-05
-0.00920696124970988
0.000289522527650021
-0.0203201836255467
-0.0109031101553043
0.00236279504315817
-0.00122926461043527
-0.00240365856425129
0.00196123866686193
0.0250155215382417
-0.023646784795103
-0.0296195994420874
0.008158895007643
0.00193911754610276
-0.00900319049811849
-0.00530981332703995
0.00116763212491477
0.0126247757718687
-0.0190237645667093
0.00562858970256741
-0.0234151739970727
0.00405369512412612
-0.00901247049141674
0.0114194871743152
0.00989460619597438
0.0253596168556172
-0.000465541885144916
-0.0112896727719018
-0.0101945754857589
-0.00730537151381405
0.00793179880389694
0.00334912798712494
0.00331743351013358
-0.00123376014433063
-0.00858906617318134
0.00680947025427869
-0.0116837457767343
-0.00321710903399897
-0.00740489235382213
-0.00486822739735793
-0.0046018813378339
0.0141274715638193
-0.0252098015620223
-0.00432028236410886
0.0113582149796621
-0.00513168817032295
0.0195698177050581
0.00590822631841625
-0.00101152004706861
0.0171592859906777
-0.0112231260540518
-0.00882046855939222
0.0229636605955577
-0.00689368294221282
0.00598575276992541
-0.0123611448663148
-0.0115511410358131
0.00428601501430848
-0.0286637472683964
0.0010555819771696
0.0113985776264869
0.00745117025643971
-0.000554625748659276
0.0291363306450325
0.00528714232468097
0.0057753253519639
0.0296985825022542
-0.0029962284184748
-0.00588087173882457
0.0119676745627704
-0.00280152825430058
-0.00446824176655447
0.00455057097725309
0.0145969057045825
-0.000279062942620811
0.00447564104573495
0.00979177349728211
0.00920286590433861
0.00843385637002569
-0.0116806796126649
-0.00751420262455227
-0.0137046116431243
0.009613384049457
-0.00266102320816941
-0.0031432108635947
-0.00655733253481294
-0.00396559692810783
0.0047892745700775
-0.0168587635442581
0.00170039749021456
-0.014553669123508
0.00680141683076663
0.00252357351738652
-0.000385746595210179
-0.000919252980255081
0.0123304765187822
0.0217032767816061
-0.0148731221272804
-0.0216296259633975
0.0137988353605127
0.0209400052744719
-0.00805378652740885
0.00365336264710514
-0.0294915558459579
0.00833931819343903
0.00810040197163353
-9.78002319431681e-05
-0.014897561897202
0.00320699108785938
-0.018597736609161
-0.000187963015783055
0.00537046529798602
-0.0140565126102796
0.0160642090871583
-0.000379722494312063
0.0102789529630947
-0.00753329329147689
0.000644420668658441
-0.0122770981165967
0.00149730862750097
0.0199325263264267
0.00436684288933797
-0.0149468298401789
-0.0214326417482393
0.00887572247227908
0.0160208086018034
0.0276283269101718
0.0150959315426995
0.000359369770333018
-0.0245129106734705
0.00330711530185646
-0.00891200239566103
0.0155133396853913
-0.0104314427550651
0.0120069721008775
0.0184092967631653
0.00583735680612385
-0.0181331144309365
-0.00663381357377624
-0.00905234429813007
-0.00150729173464548
0.0217186389573456
-0.0125277699889086
-0.0016315792960313
-0.00558453161410988
0.00398692500065501
0.00611723224754002
0.0142004908900208
0.0172666650815625
0.0154505466538097
0.00408926393163611
-0.0049948045945083
-0.014165166543922
-0.0232140005067691
-0.0138944591945709
0.0144772593974221
0.0028390548341175
-0.00195498574844777
0.0049664917105865
0.00177793883126753
-0.0136686897125564
-0.00848735944029855
0.0209594338009271
-0.0072107862522639
0.00636459047709437
0.0101237440230424
0.00189385863537161
-0.00852859828747299
0.00932188659826672
0.00782859433074634
-0.0025384349742783
-0.00769508972044619
-0.00506572552020934
-0.00394484673391382
-0.033374413529156
0.0147389750423788
-0.00798154631717729
0.0140363261934677
0.00289253457273375
-0.0106004756117528
0.0051355539951885
-0.0151359585849757
0.000964411421712441
-0.0113855671656555
0.00167864585445798
-0.00721604946152432
0.00176006988976773
-0.0127371150737972
0.0158365367550051
-0.0229743580784501
-0.00719698929201229
-0.0206982109308189
0.00390665578612648
0.00402699438046739
-0.00223557786732798
-0.00337355330593248
-0.0010732613755966
0.000357592081115854
0.0106031927232735
0.00396416953557654
-0.00344238969300115
-0.00505354330905305
-0.000198648269210011
0.00560007984763367
0.0137988226090577
-0.00697416245465199
0.0174020502950949
0.00890126015997517
0.0210253073902642
0.000156339849867848
-0.0190354186821811
-0.00309216601243101
0.00344470515767981
-0.041033533006761
-0.019659623267243
-0.00117045774577917
-0.00988480025204019
-0.0273589268599395
-0.00643433286193584
-0.0104588781606108
-0.00588200135941719
-0.00572867743280803
0.0141655293893717
0.0210993482176445
-0.0109378437353769
-0.00377236322073671
-0.00590765989584696
0.000590699451425536
-0.0137588248543654
-0.0100661658130186
-0.0133707294925713
0.0124729826442884
-0.0163485491040891
-0.0274679177036781
0.00271745662425715
0.0138000910811531
0.0130729997113104
-0.0243211988720073
-0.0192225917136
0.00187336840698471
-0.0113668456961982
-0.00555582674971511
0.00284945774347456
-0.0185405870520405
-0.0048766050891409
0.00432436394148183
0.0134656697720832
-0.0206624071081514
-0.00593981307767777
0.0137218295263448
-0.00693901789868612
0.00247607142701867
-0.000243183877403297
0.00949241036144421
0.0152090176354776
-0.0263251699689899
0.0150004037986591
0.0229802649963329
-0.0204746677447591
-0.00670014932640228
-0.000463586281069794
-0.00156931687041251
0.0119500176659937
0.00901146777114725
-0.014142176526029
-0.00394987736832064
0.00713668298693548
-0.0054855369368223
-0.00367123034524397
-0.00220404496553428
0.000245231710788829
-0.00331923252434585
-0.0159087509220424
-0.00713602383422618
0.00632988033064841
0.00167524116652551
0.00593509995345975
0.0114687150891264
-0.0269714984981562
0.00298855167968881
-0.0186954879898131
0.00605592536340716
-0.0142850473155409
0.0207909488557654
0.00539605663871257
0.00556781032488551
0.0182779668660871
0.00019324758565098
0.00624230992173835
0.00379653580657902
0.0188861767450366
0.0211203380229996
0.00823632868044122
0.0168939542306319
-0.00997111823417995
-0.0099164278854591
-0.0232903066564898
-0.0107800833632155
0.014891184059648
-0.00906262551665549
0.0109023637605379
-0.000779798317598335
0.0206559338036492
0.00198914566095709
0.00273733723964398
0.0113009211721007
-0.0186295572166202
-0.00281482613628548
0.000148757744852901
-0.000414561392481971
-0.000242621220603922
-0.0066770070117439
-0.0035506754182677
-0.00989480539259091
-0.0075479202625246
0.00683767337445573
-0.00185139875369167
-0.0127952982845692
-0.023120083147127
0.00484459587015351
-0.00274796933175558
0.020835449669848
-0.00521232764304003
-0.011902622228563
0.00466565115516282
0.00169703440871238
8.85148002254255e-05
0.020790220129582
-0.0318317324274719
-0.000338278149072835
0.00297924130897975
0.00549885172186926
0.0106135581786493
-0.00166237871015262
0.00926646645978479
-0.00498034355286947
0.0215786450772733
0.0158384556105613
0.00595973990305509
0.000356244310715681
0.0238844933510443
0.0158659961816063
0.000117178453105993
0.00618397223095357
0.00048694673750127
0.0246441989093036
0.0136228629651214
0.00252781619493447
-0.0189535824006555
0.00783651546663044
-0.00785154686947109
-0.00608684826649331
-0.0191955020448429
0.00276242947850491
-0.0115740911531841
0.00965354145717612
0.00456951838841846
-0.00839965067819648
-0.0054811480804382
0.00318311043367991
-0.00179851692198874
-0.00341924020406736
0.00666849178550422
-0.00125775690650443
0.0156457530533167
-0.0127018264670564
0.027731117023766
0.0136016018580492
0.0128472963716213
0.00584718726386413
0.0144481684752034
0.000713627770030811
-1.69018575810753e-05
0.00146874424652133
0.0195316860214678
-0.0129280176523476
-0.000684871213376681
0.0122915420443288
0.00256175570557637
0.00965082797477379
0.00886903993210097
0.00419601693882576
0.00655558018040026
0.00581862395621613
0.004213104267901
-0.00762100321522752
-0.0205527343062268
0.00147024825436404
0.00529880900998947
0.0189446895272205
-0.00321871264269724
0.00565235928550578
0.00109560304713696
0.0084133799743018
0.000443562781271112
-0.00456203567891933
-0.00617759629076531
-0.00196135457115965
0.0116391208496402
0.0169345966910655
-0.00653999192286747
-0.00946095103322797
0.00546883387121433
-0.00136851945297067
0.0153095946067818
-0.00529123856594005
0.00841340679059677
0.00964951464584729
0.00515792656704228
0.00875575921267036
-0.00619438388720894
0.0106030928188314
-0.00203600034926943
0.00901960888368158
-0.00207594170405301
0.00557852717721197
-0.005273181336241
-0.00745395855976838
-0.00137399452798093
-0.00982195371628691
0.00969783457850681
-0.00196649971220886
0.00444582731125109
0.0150260375951596
0.00736634839326911
-0.000282209081431617
-0.00178438128394021
-0.0027011678594544
-0.00375820356003587
-0.00138441054468252
0.0181840968678024
0.00471191539544868
-0.000721235197666203
-0.0088204203713147
-0.00198270478843376
-0.00920395757642645
-0.0066234433922201
-0.00486278859059297
-0.0135441872763806
0.00474244176040983
-0.00482918487398365
0.0192601748434473
-0.000978364387520969
0.014476225238047
0.0171481248397853
0.0168564414135037
0.02836186478077
0.00591907242818834
0.00425055055433177
-0.00672544006651421
0.00817041425870357
0.0204922953332556
-0.00582921173484685
-0.0031495160058892
-0.00477208703945742
-0.00406759023306869
0.00507829903198243
-0.0115883735615441
0.00601218293369499
0.00598406813042907
-0.0115756897328474
-0.000758055645791345
8.1903795079441e-05
0.000840379573464389
0.00485724544887667
0.00897167676171584
-0.024026076568104
-0.00662035884151813
-0.00283722981154
0.00185748643255756
0.00789126477792301
-0.00116659437544797
0.00812217246145863
-8.81864948549804e-05
0.0140783927469421
0.037336465836102
-0.00345829607689652
0.0148068112779818
-0.0243346371198196
0.00237994167192923
0.0116336927235956
0.00240583644621672
-0.00224833412705117
-0.0107982671340636
-0.0161822491412895
-0.0053580911357578
0.019850982566874
0.00781130785033923
-0.0162063555290839
0.00660444859188125
-0.00217757712634281
0.0245223462765534
-0.0034700906965206
0.00715251497811131
0.0171076708136049
-0.00312989015988485
0.0234276672275406
0.0166248066109222
-0.00868245341652063
0.00709189290327217
0.00884535407425879
0.000351058695502005
-0.00710898299592522
0.00226143247470567
0.00581306115297764
0.001498115579599
-0.00483417039927758
0.0321461213043541
0.00545993018370616
0.0132010514169014
0.00497237591589439
-0.0127721054061425
0.000330576158258822
0.00317358930436562
0.000908280430897079
0.0126732565858205
-0.0141447313188525
-0.0145353679773912
0.00782598284307134
0.0138632214045575
-0.00502836773354964
0.0117250846826682
-0.00274717714160566
-0.00456031201007256
-0.0099113441629548
-0.00454697864350351
-0.00300477318082315
0.00950620516410794
-0.0101955083848146
0.00724032167078903
0.00902908660368595
0.00774844024955357
0.0229135433800067
-0.00869794632248144
-0.00877242887074559
-0.0028753964194923
-0.0060706002011166
0.0143091571904872
0.0242775918408356
-0.0111107207458492
-0.00592067374587302
0.0209605046996373
0.020775138078923
-0.0102842715341112
0.0024597342989523
0.0171154532678823
-0.00929593271500906
-0.00686417892339186
-0.00394600292318792
0.0129423982520862
-0.0108838623565966
-0.0135737818899209
-0.00994354294617139
-0.00720965407966823
-0.000886871975016135
-0.00343115099358826
0.0177230665862638
-0.00638198133721701
0.00920294276372857
0.00185433184399741
-0.000341461232338247
0.0120612871426502
-0.00823726497839061
0.0120042008097059
-0.0031018378609442
-0.0115353914521936
0.00711673240307142
0.00117051848182648
-0.0147364088817064
-0.0201123681248419
0.0162846233021643
0.0145411286653889
-0.00865258854826578
-0.00859309866737412
-0.00613830366882695
-0.0073085140375948
-0.00245830705610217
-0.000644890204512194
0.0024028547552124
0.00604964609650516
-0.0284205730141167
0.0161344140709119
-0.00215782998753156
0.0142874715191486
0.00591641409455868
-0.0129099083046977
-0.0236733700821912
-0.00162148686961139
-0.00620039236876124
0.0177170012106096
0.0112588773303024
-0.0204442272665375
0.0165084367669426
0.00741849814552609
-0.0337267783333957
0.000572641275240926
0.0151282847884371
-0.0359339306039868
-0.019601315203353
-0.00206539208753398
0.00517726686084252
0.00707129835364384
-0.00756171065941835
0.0123598328529546
-0.00188982375197888
-0.00843217156686649
0.00391678117619776
-0.0119938248771589
0.00404953926052798
-0.00187454292574785
-0.00130203502833126
-0.00414695006031884
-0.00618943206448996
-0.0080743325623196
-0.000382247406015779
-0.0145611696986379
0.0134550196100403
-0.0033153812858
-0.0157116181195889
-0.00468827258824689
-0.0184446931558622
-0.0038533629784947
-0.00044690739763098
0.00405909897006573
-0.0101534303336184
-0.00647797587791743
0.0180518884645799
2.67753939073856e-05
0.0347483544020584
0.00893651210960833
0.000484628231205875
0.00613499392175321
-0.00207602660836947
0.0054497529025781
0.0144368558646786
0.00385193089763725
-0.015592673136684
-0.00673166470348718
0.00255661497843462
-0.000113827098790154
0.00154209059816779
-0.00434103026930366
0.00458392189104195
-0.00735932760053437
-0.00593159260491305
0.00581174395542661
-0.00187808959848823
0.00169160691025994
0.0140171485800167
0.0222589846518044
5.27365578673056e-05
-0.00946770637709093
0.0279142458217549
-0.00352792590778073
-0.00789683948049991
-0.0145668439560342
0.00588111427338767
0.000512755795218922
-0.00751235181413534
-0.00660103506037579
-0.0114145133092194
-0.014391597735262
-0.00447461074055511
-0.00397152126357092
-0.00275885644094309
0.01738995364245
0.0016875764546711
-0.00817339291723407
-0.0114271801940138
-0.00103157589392389
-0.0021807928149169
0.0112517183352949
0.0187539741755991
-0.0191772546206224
-0.00547909825065496
-0.00720458120480494
-0.00478766320613744
-0.0280400018054685
0.00443719215215665
0.0142629280244968
0.0137409004717757
-0.00836969782320907
0.0115740215762443
0.00798278647500617
-0.0120025984896266
0.000136333616495676
0.00111429560813114
0.000260688161628053
-0.000316175134912555
-0.0109989836291255
0.00754567511926219
0.0194789754352858
0.0298010421423101
0.0263399916252691
-0.00813647159408504
-0.0154103711765625
-0.00294418215902503
-0.0151832160179417
-0.0131508424490647
-0.00223180071619566
-0.0175782156706514
-0.00163538008559883
-0.0174076337590989
0.000250051052640643
-0.0111259940919997
0.00587546657502003
-0.0182167185745783
0.0138708174201891
-0.0033535938346283
0.00728333567098183
-0.0155619811695242
-0.0104168079602225
-0.00482984609866577
-0.00216645552923822
-0.00622666409895878
-0.00201940430814496
0.0137426274719559
0.00317294680594316
-0.010310841694654
-0.00180170757571219
0.0234921878686514
0.0175538212656843
0.00591467625769582
0.0290461797937063
0.0185860362579575
0.014636647050505
-0.00729299027082142
0.0258348214965611
0.00650253680617752
0.0171071004088024
0.00430551760282505
-0.00904925731281381
-0.00510216316292578
-0.00227053628735696
-0.00771040286433156
0.0105623844773302
-0.00558462175497532
-0.0136007829103253
-0.00567582828912272
-0.0123719661759765
-0.00776889377371504
-0.000961398101155808
-0.00018886046036215
0.0116326634127759
0.00125672878275829
0.013447625312951
0.000835417969753394
0.00318291962123673
0.00883762010417399
-0.00922832154248887
0.00824024977011462
-0.0241402258201298
-0.00616592128254645
0.0054714639885205
-0.00964885135840809
0.00653038683178941
-0.0255705399894861
-0.00655991972818271
0.0016612319493543
-0.00782454846954472
0.0150581200222586
0.0277010579094306
0.0179811716504279
-0.0094272645375657
-0.00596887330985929
0.0208596793050884
-0.00123764763685763
-0.018559310598997
-0.015075156753932
-0.00679071810742649
-0.000176900621111642
0.00826953996953961
-0.0146241689427811
0.0138805354657432
0.00839262316646661
0.0411222752287372
0.0077272233301855
-0.0102553711691851
-0.000340590296415755
0.0101373878567941
-0.00888855619162143
-0.0201540691655548
-0.00616106118643955
-0.00420617007784152
0.00156981332520623
0.00816260457585294
0.0148032542807428
0.0134512424127387
-0.00273786514654084
0.0234061786596431
-0.025234798372912
-0.00132544583947514
-0.00606442117100769
0.00696127259098844
-0.0107862664052352
-0.0022058215047025
-0.00864047503495691
-0.0123850718085539
0.0020904283999279
0.0135976911614364
-0.0217067959740174
0.00413627158000196
-0.01298942393265
0.010903622412064
-0.0138949959383368
0.00766761384323544
0.00467664090809805
0.0216950663398254
0.0267302280175876
0.0168004360244929
0.0067247013029661
-0.0164036179539409
-0.0239127403982646
-0.00552433557776766
0.0118115553593157
-0.0200629656845912
0.00735004492626601
0.0258911056773918
-0.0115764468703912
0.00192470833507308
-0.0103998724075716
-0.00820445783562818
0.00800214623473217
-0.0119833494761057
0.0205355532241622
-0.0214795911057699
5.33018551784892e-05
0.0343707642209825
-0.00978340450376436
0.00603342510969362
0.0205112165287211
-0.00366417051753309
-0.0206085297040577
0.00290183424131385
0.00848420826245011
-0.00404845815798183
0.0147396623746481
0.00944437046514679
0.00307886329126816
-0.00144465420492779
0.0060914306650659
-0.000822389115192834
-0.00215214924259222
0.00411822397989248
-0.00999208386600259
4.31578304809221e-05
-1.21436102453742e-05
-0.00465784712601724
-0.0118025031426523
-0.00184347026266707
-0.000273968566698812
0.0105040495835294
-0.000933801641560095
0.00130202909276633
0.0109394420467908
5.97903192254279e-05
0.00030298202588952
-0.00488553711034001
0.0169278731999842
0.0115713939906321
0.00388263756501672
-0.000510604792403058
0.00093108878642667
-0.000343169739540627
-0.019110430334015
-0.000905476912691938
0.010898705073819
-0.00994380079449542
0.00271574973344002
0.00518945790764924
0.0286988096899456
-0.00703794910405442
0.000102484044951723
0.00339917632192765
0.0136260224194586
0.00446560974717691
-0.00986105487137756
-0.0199289838228687
-2.25957554036427e-05
-0.00614939259665093
0.00981833737734483
-0.00186809378815944
0.00188648405283587
0.00344897056495697
-0.00571202517239122
-0.0276858627478092
-0.00775983946584624
-0.0105709253596675
-0.00834201273178259
0.0267422507743014
-0.00565171435511225
-0.00358771117923951
-0.0248648747805866
0.0128445839919991
-0.00714860549146756
-0.0399515279544058
0.0057284076233497
-0.00775907827632594
-0.023792579957945
-0.0247415583866708
-0.00208522834760849
0.0014300408394039
0.00660097181413022
-0.00190254953916735
-0.0107123437024725
-0.0222542808743835
0.00383817378524931
-0.00816487247922204
0.00469402096891081
-0.00290240635136207
-0.00857663365568939
-0.00184489615601535
-0.00338991372564124
-0.0119522254330686
-0.0332906785061233
0.00892936537431055
-0.018744139848712
-0.00139636871619686
-0.00635890508275949
-0.00459918583384145
-0.0017542219307245
-0.00592390122220721
-0.0102125334831573
0.0232617069302776
-0.00811999082120529
-0.00525737722632336
0.023332443994212
-0.00972133654968133
-0.0159745424849085
-0.00905721157826633
0.0099524201116612
0.0203068385805114
-0.000994145742653885
0.0123793902009126
-0.0130923183661551
-0.00444716462740224
0.00507664006877384
-0.00153182384093853
0.00631840892157776
0.00627390103768555
0.0916570492167246
0.0018200043019494
-0.00838118602426796
-0.00788767154303471
0.0187246417577498
0.223701631694933
0.00858509419091291
-0.00756898456870303
0.0166012933884048
-0.00258445003596286
-0.00217165658868801
0.0124360743129763
-0.0187144171125855
-0.00252726881142351
0.0253959509725341
-0.00537559977111535
0.00746878295713138
-0.00181831964629708
-5.70213796269314e-05
-0.00676334778665044
0.0182282988545985
-0.0055338976046162
-0.0024831608719964
0.000827128663496879
0.00450046676188443
0.0102673626545826
-0.00916999087137249
-0.000720977607768347
0.0150562216779662
0.0264369323919862
-0.012913415913701
-0.00296586070937721
0.0149404012484684
-0.00486329349775794
-0.0167918823705797
-0.0105056156486434
-0.00171766032892684
-0.019517457758365
-0.00906219983655454
-0.007316309985967
-0.0110323581970082
-0.00721494571418546
-0.0030206721757704
-0.0135276797675203
0.0163088396624733
-0.00441244291708109
-0.0391686208933848
-0.00329710861917043
-0.0236396068610958
-0.0147902297490106
0.0121292280022924
-0.0199078868108238
-4.11753382039137e-05
-0.011409907126346
-0.0216625134639159
-0.0149480720177682
-0.0150831106251825
-0.00502443003892949
-0.00376267381871109
-0.0148082358263633
-0.00277435909671908
-0.011183215804925
-0.00987882845347343
0.00687692302823883
0.00971539599605542
-0.0126360422287579
-0.0065903566733212
0.00586330498340892
0.00915484619827645
-0.00609910098847877
-0.00143654614311473
0.00496972468999601
-0.0163722379802014
0.0118486350536458
-0.00119602383502126
0.0283122445511275
-0.000426013888823462
0.0222958290172475
-0.000472976615363052
-0.00423825475578354
-0.0070578762171607
-0.0105814259150314
0.00235968423589661
-0.00262196194119291
-0.00544207788517248
-0.000812270371504553
0.00206366300773375
-0.00959999221722185
0.0132824231080289
0.000444947631621062
-0.0227487018348818
-0.017236608220033
0.0181389869991904
0.016538489476158
-0.0166249603003052
0.00601508639720372
-0.0126927097175891
-0.00175690942671203
-0.00101751184325494
-0.00126493830260976
-0.00366932241410112
0.0171350350536628
0.0019898044668647
0.000981276138052323
-0.00183145082933223
-0.0399042979952977
0.00617744112204655
-0.00322961766783258
0.00347158557809735
-0.0245739134877176
-0.00844155284390702
-0.0227496474969016
-0.00537639766425535
0.0123194995033593
-0.0194224300385404
0.00409087110902462
0.0214319285424729
-0.00308627219364155
-0.0221940405800503
-0.00219388171714385
0.0122470277569207
0.00960783158033074
0.0239289534925451
-0.00817097441031223
0.00495616796588827
0.0123274496037382
0.0181299368404133
0.00201343742561555
0.00219481157726165
0.0087795551095553
0.0237705247595414
0.028952360825663
-0.000819028704313496
0.00981335120859583
-0.00516845602864358
0.0140977967829929
-0.00510629712125343
0.00388308642348001
0.0236283420161332
0.0163237784480188
-0.0100686713713412
-0.0120592599857705
0.0145715505935442
0.0202170785556959
0.00570938498711193
0.0192334399505967
-0.00171737817878004
0.00477617795098517
-0.00379444476797808
-0.00694112652184842
0.000374617132433031
0.00978318369211983
0.0036635003165788
0.0131186151795664
-0.011729203148958
-0.00160536976710013
0.00406319997565596
-0.0149922953616208
0.0107048682274211
-0.00471304380447357
0.0210379065936213
-0.00706249744333221
0.00076350309255524
-0.0157275190324491
-0.00150635177912406
0.0227739496501904
0.00819275415558707
0.0204360795885545
0.00482264179718328
