0.0326355866887574
-0.0155318501088439
-0.0092562211797893
-0.037908605354069
-0.00629981612907893
0.00125541546827179
-0.0138872468916672
0.0907064068058453
-0.0248140357548676
0.00267406298603046
0.0186487746856542
0.000609713002448609
-0.0290373163667503
0.00173622586992284
-0.0368323594429462
-0.0176058837166886
0.0219890880703348
-0.00350791396784245
0.0195462201634804
0.00695568558301729
-0.0139247379477618
-0.0232460879676567
0.0319898744934384
-0.0280094869199727
0.0032215907594263
-0.00238043451658188
-0.0141036258075886
0.0337294195987765
-0.0230871513868047
0.00421863297804626
0.0117012722040826
-0.0133031008177664
-0.00736681781984438
0.0162509505686288
-0.00871892425791021
-0.00209162065932833
0.0109962553644296
0.00808061377805369
0.0495454390803631
-0.0332933821738717
-0.0179481497354548
-0.0166943334545377
-0.00424103645848517
-0.00823748760436138
-0.0120720828266037
-0.00209233216889859
-0.00792510408331537
-0.0125487471476096
-0.0184914598970772
-0.00349471224934295
-0.0110064629547234
-0.0148253584774265
0.00172282871407847
-0.000571478504876044
0.0418386991326937
-0.0250790657216572
-0.0214137668123691
-0.0417858300499938
0.0182143557464913
-0.00110965263141116
-0.020292366010942
0.00953439502317555
-0.0192461288483567
-0.00911210273986407
-0.0260344267191123
-0.01729511532261
0.02520213082421
0.0185710879164879
-0.0126978897790868
0.0142480824994635
0.0139787379022214
-0.0396442123055731
-0.0379495769535192
0.0153096619294102
0.000990969098863648
0.012397086189546
0.00499697657370457
0.0263382985074785
-0.0164587412669682
-0.0083183855096326
0.00102207802285947
-0.0172926377194244
-0.0230908574453951
-0.013120841257383
0.00337183262535878
-0.0213290735782494
-0.00888529776429814
-0.0244102447174236
-0.0110084229598121
0.00788477091333295
-0.0421311893782941
0.0169117625590638
-0.0297424033854746
-0.0177188783691712
-0.045278756596714
-0.0189551357795901
-0.0315155736948952
0.0217904507636568
-0.0111976186815999
0.0271846195035902
0.00122407562626781
0.0065537647777878
0.0412003728694046
0.00401801928380463
0.00126569312005054
-0.0136934354904745
0.000577193075803284
0.00409484430918294
-0.0192841131163646
0.00506162682811939
-0.0197715044677194
-0.0113659225176548
0.0216403277212375
0.00536619485700607
-0.0048579396886963
0.0312392655851677
-0.0214045420077944
-0.00536062927705605
-0.0290239703044219
-0.0301962470493912
0.0145255703178742
-0.00787403891129979
0.0107514708272295
-0.012650736241783
0.021849340770417
0.00202655884009051
0.033384612690519
-0.0207995281832443
0.0339134865480213
0.00777566090896809
0.0395706530147999
0.00088000567840496
0.015596737318005
-0.00519071580426855
-0.0185906045446491
-0.00687946840889753
-0.010339641655584
0.00495347342856733
-0.010390550196845
-0.0108065988990134
-0.017506959968568
0.0251580825763722
-0.00870904730787814
-0.0232603012771023
0.0232543733345328
-0.023559030663957
0.0162991409976441
-0.0181615062217371
0.00997869435332788
0.0102280754515944
0.00410953357108212
-0.0522481444718511
0.0113695592454378
-0.0298296703703754
0.015680009439861
0.0169590338386028
0.0107987725540902
-0.00978840395037928
0.0153156400923687
-0.0119358581763901
0.00890532623113416
-0.0016447368171425
-0.00033718404807026
-0.00391882415880596
-0.00831722026752979
0.0153926184125173
-0.0136149968611134
-0.00946786963731105
-0.000503895790286313
-0.000783264683722251
0.00176090278246566
0.0107628674872303
-0.0172882811463472
-0.0125268187199203
0.0213365051120622
-0.026415936733766
0.00631466100151234
0.0173992942343973
0.00965297994258518
0.0131995710635657
-0.0158682317571353
0.0176335109535375
0.0432395292884528
0.0393804705562407
0.00210393134740017
0.048907271688083
-0.0255139901247539
0.00274740804281137
-0.0127182813909108
0.00748717231872387
-0.0326935330173368
0.0180353699504709
-0.00992055527351687
0.016074569497106
0.00244080886907183
0.00289804635091784
0.0228925010486598
0.0175966232811897
0.00865436428666899
0.00641060147405903
0.0354454640101549
0.0237667895200586
0.0127065635981394
-0.0189201762743281
-0.010018746289667
0.00870616331894825
0.00645521296380802
0.0190710690434194
0.0192826107163487
-0.00325378859762804
0.0139233145044277
0.0194456918295985
0.0239542360843694
-0.0123520857343826
-0.00532132573026467
0.044642345706547
0.0042637315026689
-0.0190025473495983
0.019456332347452
0.00144665436074609
0.0076278828003784
0.0311330056373846
0.0469727760789326
0.0140788311726747
0.0312762670252633
-0.0201119450247111
-0.0171790924132093
0.0206978639316818
0.000844389276899671
-0.0180615785772726
0.0126389388982294
0.0251152068726869
-0.00767392214845386
-0.0163555596884456
-0.0127828608842047
0.0185555017701357
0.0075902287899734
-0.0204963355757963
0.0430043624956611
-0.00479929761506481
0.0196701815513591
0.00392923696432235
-0.00187002184453755
-0.0245467703391273
0.0176363468277536
-0.0116676384606818
0.0404161291745863
0.00816716046142285
-0.00463837819583379
0.00934078285425999
-0.0283934750354766
0.118213243258788
0.033288807872401
0.0234296807551566
-0.00057967294052208
0.0261752456258584
-0.0211612461181864
0.00847372750461628
-0.0211205046981349
-0.0067175391771781
0.00931856296912992
0.0203737205428196
0.0156522382084689
-0.0579144581885596
0.0105271009645587
-0.0340112180129011
-0.00643236425111349
-0.0197063763243616
-0.019426266148726
0.00667494940418223
0.0125645147834832
-0.00938503587304562
0.00365296558263584
0.0262352587480346
-0.01419607264294
-0.000336282210859573
-0.0330722182824534
0.00460993610171201
0.0519913033656242
0.0224534852896513
0.0391142601950936
0.0048818443887384
0.0135633260690928
-0.00491660315074316
-0.00450485483223706
0.0166235525295118
-0.0324378029142552
-0.0173540830703737
0.00221125362440389
0.0254797582231517
-0.0260765533709424
-0.0348593510552574
-0.00838116876903805
-0.00977112883472975
-0.0118879971767624
0.0538939345924199
-0.0664693125499415
-0.0276263881409997
-0.00996435661736927
0.0493337046809023
0.00905005087549338
0.00564105338943022
-0.0128567681462614
0.0237125289988037
0.0292305258605262
-0.00485223239819821
-0.0141008898778934
-0.00678334711249462
-0.0155348801372909
-0.0353878516938612
-0.00605943062951009
-0.00812869455543386
-0.0206052167805132
-0.0102679076159524
0.00656075582789462
0.0204481168223378
-0.00859923459656908
-0.00814549386766206
-0.025944550138002
-0.00121422934248561
0.0269888802747122
-0.0184898408470198
0.00133374855289747
0.0116921499545533
0.0296399016328805
-0.0277731438870071
0.0184045769199818
0.0227240887784399
0.00184473355385451
0.0227905403120829
0.0246830590699094
0.00648240783870957
-0.0256045764852344
0.0608686976006889
-0.0152981992159836
-0.0440982065273607
0.0156938102604224
0.00842170028065614
0.0112918792638815
-0.016719464581889
0.0110320318849095
-0.0166710302536541
-0.0257143541545747
0.00665928367727298
0.00514392354537241
-0.0386435465424408
-0.0080766243999727
0.0158434452257022
0.00780789228378986
-0.00605044893746509
-0.0369097716924233
-0.0111070591723995
0.0279545627044406
0.000314777798087973
-0.0104645774976777
-0.00466227203072278
-0.00856523949652255
-0.0296890663686585
-0.0216025677592047
-0.00394063226407337
-0.0199410205336126
0.00177769173738196
0.00918438943374855
0.0261317398795036
0.019551354654985
0.0304251814564237
-0.0162745094947654
-0.000578675785799287
0.0447265234725848
0.0173014629012966
0.0131183324201052
0.0126852583147895
0.0055661938858812
0.00510297911321844
0.000803919402366238
0.0075944460336449
-0.0222630910883801
0.0140802159202249
0.00643636983537921
-0.00684146689838894
-0.00215036215947195
-0.0030905047383154
0.00115168165062007
-0.0162738499149963
0.00443992759373013
-0.0334495275009115
-0.0720583192075444
0.00920804451448876
0.0393925628822041
-0.00142938986604679
0.0289100041200016
-0.00565638564351811
0.0192351467251182
5.28242199648865e-05
-0.0101450621509624
0.00740975786042686
0.00684127027008052
0.0326769772603936
-0.0525522211893958
0.0384284994416709
-0.000333249787937695
0.0417823548168944
0.0268392728217645
-0.0149681536612597
-0.00109780660387748
0.0160934298464461
0.0156110734182571
0.0219706959650481
-0.00033748405140499
0.0165998487994974
-0.0257490371693253
-0.0125140949594966
0.00437150276097609
0.0335319087735375
0.0183183165490592
0.0206627659695198
-0.0107567054655322
-0.0209414027356495
0.0108581294534165
0.0292798692859431
-0.00792771052587726
-0.0125716120325223
-0.01558978728657
0.037803511332528
0.00453154070003225
0.0205975841768724
0.0060053451394485
-0.00501144336098291
0.0106456987558761
0.0181466101348685
0.0175625583049441
0.0290816227802922
-0.0228811370483792
-0.0010534610188746
-0.0414623776832707
-0.00791869398863565
0.00705371268633859
-0.0307899548039692
-0.00179103687429982
0.0180496505253935
0.00214184372038684
0.00186570013039833
-0.0195291132829036
0.00518178381526191
0.0103310944289046
0.00208095417001442
-0.00746442591657581
0.00650392466798533
-0.00410339218300426
-0.0104889142459814
0.0260362445168008
-0.00565238042332861
0.00698962966661743
-0.0029216362325305
-0.0109426875464186
-0.0100274316092535
0.0435370294314606
0.00855797824157101
-0.0149066286612868
-0.00938978068772611
-0.0111970180641211
-0.00401506417329989
0.00667870641393975
-0.00992118646644791
-0.0289183529177568
-0.00567793449510801
-0.0107625447856324
-0.0392311185758754
0.0387684100947799
0.011492400691214
0.0113257415527137
-0.0120736664984716
0.0266635631348963
0.00412003286007889
0.00610387286085268
0.00485313730421155
0.0845027004936489
0.0131790517906629
0.0162866214892068
0.0167332828035524
0.0171559617710324
-0.0306091634165394
0.031665353576935
0.0239508931413008
0.00697911400891726
0.0341945666520438
-0.00395851394821489
-0.00121569382848508
-0.00248405147342068
0.0385995458242087
-0.000216868283695382
-0.0166084549933114
-0.0100790836388693
0.00223955239547302
-0.0145703522909353
0.001629037310385
0.00194174266555236
-0.00373874314707479
0.0216210210812335
0.0358817204354175
-0.0198065810678587
0.00465378074430467
0.00265155677861051
0.0130775359043536
0.0162969579361451
0.00885883407878807
-0.0101036197525788
0.0163589188384686
0.0447231558311485
-0.00151643445553307
0.0142653471942119
0.010516056319287
0.00630714496235041
0.00696643109324069
0.0203706007755156
-0.00916866521850868
-0.0308328615824708
0.000557521781428205
0.000687087533375319
0.0350231052296348
0.0148413238492471
-0.00138497681586058
0.0275106439436748
-0.00127543466981617
0.0132044434441139
-0.00239755946864972
-0.011290974347149
-0.0141608138562508
-0.0263059679600257
-0.00813549056177554
-0.00754420713724513
-0.0140233209317483
0.000929137076901343
-0.00993370381795577
-0.013330818899973
0.00337796813288693
-0.00543534339189455
-0.0117483844074018
0.0103361772235006
0.00568851406922599
-0.0156610948940854
-0.00594185634269284
-0.0120400505120923
0.00386470455640198
0.0275686052509747
-0.00886977530793598
-0.0167455647366028
0.0125070774903611
-0.00127950836072066
-0.0243565863576004
-0.0325932650400422
0.0465626439700744
-0.0191157592516507
0.0266818187490908
3.49113493843811e-05
0.00657678942054485
-0.000130639158885781
0.000399868665451164
0.0209405858707916
-0.0140925388624066
0.0238939738638408
0.0123917340590587
-0.00404974990647766
0.00424388394017639
-0.02270051565637
-0.0167557696044622
0.0095984575577901
9.83460932555413e-05
-0.0246950027886765
0.00999443023235669
-0.00584677306833914
-0.0165220483532397
-0.000360042517760117
0.0209689506499126
-0.00418805032679082
0.00597894273136068
0.00933226878385318
-0.0203069794567251
-0.0188586430804581
-0.0189895103337216
0.00561495692412473
0.0173021602497351
-0.0165119741180341
0.00255775160871452
0.011724039042064
-0.000210682880873891
-0.0206876015428206
0.00270803337553416
-0.00609784364233246
0.0174351544358433
-0.00161332169732298
0.0142926768638294
-0.0214675428626782
-0.0096523086165462
0.00741984854235145
-0.00849382472633398
-0.0213381136740439
-0.023657268681559
-0.00710791392798005
0.00883708392562843
0.022894886098956
-0.00516896511829867
-0.00495315884241931
0.0111002288275586
-0.00236773905325705
-0.0166933086427861
-0.00440710415089152
-0.0308960668674152
0.0390623810177122
-0.061227547312823
-0.0067222409368124
-0.0358085971572988
0.0152699348170894
0.00441861839828728
0.00815702055242584
-0.00173074266126749
-0.0133246593077423
0.0178729777138842
0.000974248838804148
-0.0196676158913884
-0.0367197369141825
-0.0284012552222623
0.0113237547260423
0.000381734819131507
-0.0163855761579256
-0.0145688138891171
-0.0189739189305295
-0.00126545534765543
-0.0177081830369361
0.000293765843565441
-0.0116250382773257
0.00200128114050813
0.0138904131927329
0.00657434553944758
-0.00306443763680864
-0.0218730763461226
-0.0209044880035154
-0.0238479460479892
-0.0128860129151658
0.0105863703784913
-0.0237899748325634
0.0359911069988428
-0.0124510776116943
-0.00947783820114934
0.0499585633776918
-0.0189325517414983
-0.0562730944223411
0.00680198097419549
0.0147872279810835
-0.0252002630895168
-0.00232041297454888
0.00959899626258864
-0.00607172491722296
-0.0332044443841133
-0.0127090934682226
0.0475996006056149
0.010774784332761
0.00243305553053996
0.00301671647862967
0.0148292524753276
0.0225540338834234
-0.0094611866981833
-0.013856582839192
0.00876926128843647
-0.0154654330503097
0.0403777316463618
-0.00406680333928966
-0.00187539050410346
0.0149266768610563
-0.00985031655372903
-0.0230346454281116
0.0205979301761989
0.00129928609741559
-0.0104222630010886
0.00678812220026725
0.0238093282742643
-0.00448551234415329
-0.0150934051096989
0.00262045994794291
-0.000751862555134486
0.0187758126840398
-0.00663714667703419
-0.00209242814864574
-0.00391888667126383
0.0302839206781454
-0.0144969163897836
-0.0171541271225135
-0.00393334390506384
-0.0185191022453906
-0.0016084377602007
0.00163489806936201
-0.0185485764498978
0.00265534297549908
0.0282194419692883
0.0187980624299265
-0.00681515400182009
0.00820139153218324
0.0097180631784699
0.0177303616905022
0.011271877204685
0.00657923900174884
0.00125303042535618
0.0184333770277626
0.0115028169981626
-0.036316035720669
-0.00248697089245764
-0.00343678919924428
0.0186137718866694
-0.0121147434627896
0.00394135561821884
0.00289872079492082
-0.00749769613307594
0.0162221962663284
-0.0135152635552132
-0.0292434675343509
0.0148776527098836
0.00374258986730669
0.0100852300242292
-0.00239051721196837
-0.00222339086692924
0.0201317070463237
0.0433423468348544
0.0128105884069578
0.00424553861434918
-0.00869515308031255
-0.00313865310026862
-0.0226202308536916
0.0340477753686115
-0.0331838649356553
-0.0205214650217789
0.00108650172349423
-0.00517888643401243
0.010034582279226
-0.00940197335654791
0.0160754847267738
0.00906626981517311
0.00884168579437583
-0.0284705208830472
0.0408187257316263
0.0268536967565963
0.032503728670836
-0.00877887528729748
-0.0147107459523705
0.00576501752487713
-0.00545061450245632
0.00899575398840879
0.0134133100329107
0.000384951280232082
-0.0152352309537529
0.00821409071077572
-0.05132804840594
-0.0320004346975866
0.0274052519536235
-0.00139004351754601
-0.00969593521312495
0.0263682810308427
0.0269180178927813
-0.015046339305566
0.00429740186764604
0.00844838261506786
0.0400150926867838
-0.00630253491100574
0.010448570290541
-0.00750579847698885
-0.00667295429047043
-0.052866365419407
-0.0109667267886249
0.0152739057308859
0.00820615131022806
-0.00650308879369421
-0.0125007911716424
-0.0215781055525198
-0.00525851626483209
0.0256118675002585
0.009773322765944
0.0215529624812052
-0.0263097412968635
0.0299850397014275
-0.0122729372104415
0.00680174588882831
0.0305710979350984
-0.0320475427740128
0.00817605109082198
0.00239577023449167
-0.00427932268804221
0.0102207748530941
-0.000514816878570357
0.0464094000945843
-0.0172466613735376
-0.0154655601665821
0.0283220953520797
0.00466732533971326
-0.0210052320909224
0.0236626746454616
0.00286659397749711
0.00631067231621574
0.0127480874854033
0.0188595391954013
0.000961776149469462
0.0117014684294785
-0.0100435574313532
0.0194110253788721
0.00164725187822268
0.0260122663107534
-0.00679590524624807
0.00512187425349098
0.00802712549156914
0.00400546447946704
-0.00936932934037227
0.0099307321286084
-0.00826652918891635
0.00980781827849075
0.0128160043642069
0.0343308139364824
0.00579938525491153
0.0168336364526115
-0.0233418061678833
0.00520947448526843
-0.0110858928900112
-0.0769589525339776
-0.068000543578895
0.0309170230562377
0.00222225264194231
0.0276763125923183
0.00676736244675535
-0.00576643499541252
-0.00744494347604174
0.00256376204420883
0.0309280263895972
0.015286143055236
-0.012102145983077
-0.0156388776485692
0.0394507826011079
0.00105359681387984
0.0132205255150839
0.0186016798726427
-0.00932468146308929
0.0291599882099267
0.0517435040877015
-0.0368089686819595
-0.00594950445854225
0.00296170860693068
0.00943669387315282
-0.00868157565416749
0.0221695629007976
-0.0151776466321056
-0.0237003323119687
-0.0134200421670975
-0.0141414277547773
-0.034018030157051
0.00547177400866605
-0.0211607689521327
-0.0141105717746453
0.00721289373813183
0.0180620379613953
0.013897206248461
-0.0171060137727095
0.0106310395742955
-0.00591699876829543
-0.000573498508607773
-0.0137783740878102
0.0117703876423845
0.0218614507440753
0.00806534756338828
-0.033820016215964
-0.00349787985133454
0.0161215842927569
-0.0084777469811439
-0.0100577566435577
-0.00890247300704217
0.00333139174842112
0.0174253774692954
-0.0155463523037264
0.00143148505222912
-0.018337795531383
-0.05120687019417
-0.00156783007503214
-0.0171774981379484
-0.0041399215391984
0.00475425056181167
-0.00401867494922392
0.0059367175279823
0.0100923078983545
0.0119705257839012
-0.0117316284364155
-0.00245214330159316
-0.00321279639591854
-0.012655375729427
0.0256601931949927
-0.000852239254806153
0.0481207193001754
0.0034712787345762
-0.0225801456508106
-0.0266195454181233
-0.00429114383615459
-0.00797009848299934
0.00856828787246866
0.0341484568432039
-0.00686672380310083
0.0232465451873746
-0.00658629948439082
0.0263100165211388
0.0447687619423118
-0.0205769330801957
7.802361133602e-05
0.0263503948567987
-0.0161073354033573
0.0057541100737627
-0.00919604041131217
0.0280397916499863
0.0066715854499243
0.00913869708547987
-0.000300920116296566
0.00568630897482902
0.00491249601163091
0.0204138455178662
0.0186318279026081
0.0201045747891974
-0.016746278473293
0.0166180375405677
0.00930193945930446
-0.00733985985368868
0.00628045220133622
0.00347605040214005
-0.0285251558326083
-0.0400433452902795
-0.0551712515554734
-0.00722812724793731
0.0222085557290661
-0.0191074856109221
0.00102175312392883
-0.00653541427366
-0.0120565416915506
-0.00399533947056274
-0.000363834135559071
0.0297465600965791
0.0142835223331874
-0.0146417738180549
0.00904102882725666
-0.00396656898441827
-0.00207929136082441
0.0236597812644062
-0.00699366321735906
0.0209490356351599
-0.0151009211217676
0.00269196742769984
0.0412223196710698
-0.00626933297375132
0.0151884201601555
-0.00850685180240196
0.0157618196130574
0.00551122918194769
0.0163031248191944
-0.0173879770223021
0.0154837717538707
0.00306705559649145
-0.00112245745404027
-0.0130347606299428
0.0332212801877522
0.00269492435931484
0.00165275767735396
-0.00986079192498512
-0.000125909443937866
-0.00515534864894052
-0.0257550177722916
-0.0130841001009975
-0.0410546238711378
-0.0166935922123428
-0.0136470250160396
0.0130216888346438
0.0251726071728375
-0.0536221915720696
0.0130429267013716
0.01416174938769
-0.00834789275774905
-0.00999024815530825
0.00229573362065894
-0.0146743591896428
-0.0204204485645417
0.0217584855234121
0.0112455065308188
0.0127209583206477
-0.0100530248134738
-0.0382740083704906
0.0696565327598015
0.0135185816616676
-0.0104094016854999
-0.00790399092620997
-0.0126898737479711
-0.0233932536223758
0.00535291885186173
-0.00895748935177076
0.0271625111110828
-0.0201320023240564
-0.0253384158502565
-0.00834105743602631
-0.0115448903227158
-0.01798587787856
-0.0262753300598272
0.0186221806816708
0.0492671928572086
-0.0284913693596511
0.0101081372388017
0.0101389545016128
0.000217373720612146
0.0028972984357869
0.00388173576777906
-0.023863012191164
-0.0352598994378363
-0.0254213431358883
-0.0045552283310677
-0.00590868503009134
-0.0446702562266249
0.000115852350030643
0.00227848772074934
-0.00650650647653217
0.0012905615943507
-0.0438847467231631
0.00956597142517079
0.0294944364316803
-0.0114820262128719
-0.00978084776095667
0.0299800303062916
-0.00626350524581198
-0.0422301216446246
-0.0226798369177075
0.0206125575698572
-0.00917206898124145
0.0103819605839226
-0.0430149298454996
0.00727177820114255
-0.0387464140442214
0.0113073527762529
-0.0193883526062392
0.0131297288189235
0.00466528262557209
-0.00407557117397861
0.0238033491589124
0.0158924058577422
-0.0257025366374969
-0.0249633299119727
-0.012026895673285
0.00737509911845935
-0.00201949583008743
-0.033026960995633
0.0279722348175762
-0.00451507710422505
-0.0210203249108076
0.0204092171225585
-0.0323276766485534
-0.0130751557425064
0.00650915907984628
-0.00814284623591122
-0.00726613588842673
-0.0209020483498268
-0.00973546098836175
0.0339715811395436
0.00642799675882921
0.0149729730134985
0.0128751935349212
-0.0140333391853223
-0.0168958480957168
0.00241832122450103
0.0217711566051183
-0.0108791168917372
0.052261845171243
2.65951047566659e-05
0.00307355295019007
-0.00945282870888953
0.0393378348185349
0.0722438334101082
0.019437792188477
-0.00344178664754613
0.00967290592272896
0.0512076214578612
-0.0149811209685222
0.016617647543283
-0.0018397960295673
0.00298719807842907
-0.0413403486494203
0.0014015125369401
-0.0138889055991593
0.0119995494835182
-0.0056831379328286
-0.015645425552861
0.0306423663281878
-0.00151164092236922
-0.0273243173249968
-0.00849670264278557
0.00496344938399373
-0.0166659211438983
0.00382260172151827
0.00566018844686011
-0.00632074185104581
-0.000176180478880794
-0.000850232850039934
-0.00463008419777822
-0.0284790790124494
0.0269789434169669
-0.00237882387691757
-0.0193724174499035
0.0529347312199162
0.00274435949000162
0.00482703047715305
0.0311460126686286
-0.0178464103314635
-0.0126374542605762
0.00549628157483828
-0.0133786335337127
-0.00937910609226522
-0.0250928548286671
-0.0102380356455879
0.0175553056867386
-0.00163333945739019
-0.013056542651862
0.00224478658271932
-0.0131874632395923
0.0109644299298086
0.000485844704042115
-0.0188279577128689
-0.00369297443743388
-0.00757251158539241
0.028933492070902
-0.0340535337626794
0.00488548885783713
-0.0231158043581337
0.0178827456992161
-0.0180380083476001
-0.00395849065442699
0.0083768767326724
-0.00530133501696506
-0.045778584324221
0.0166754159144263
-0.0188108389293564
-0.00715054385895497
0.00206894844920824
0.0140844147543396
-0.0186882411640584
-0.0555591414303035
0.0145332493431746
0.0128584433730975
-0.0179523462641051
0.00570540111024054
-0.0224688020462671
-0.010867120540502
-0.00833299722100544
0.00165511009926922
-0.00786195392744804
-0.0278290341850151
-0.0130094548502173
0.00386697636764743
0.0326248992308238
-0.00776080747021535
-0.000591392072120334
-0.00330271681408367
0.00753459208048302
-0.0277360632362254
-0.0357252848885801
-0.0304738751806167
0.0354021638756016
0.0332776704717537
0.0274172474968843
-0.0370148089874153
-0.037521008215916
0.0208471706538309
-4.38976899084231e-05
0.0109380530614173
-0.0226220494145879
-0.021777208273392
0.0144495364968157
0.00139141390790609
-0.00701615469480454
0.00554213059035014
-0.0369283598234729
-0.00095545711203926
-0.0128393366312496
0.00176967393802763
-0.0409870257197127
-0.0114435122116894
-0.0145644310913671
-0.0351918542430449
0.00425738392152353
0.00222838490764155
0.00491265787542816
-0.0051862625254484
0.0178938796570656
0.0127442669189226
0.0206751090200975
0.0261245229841482
-0.0133888294161164
0.00297665324649743
0.0418079964412934
0.0090597819623639
-0.0239431245601706
0.00592104225919687
-0.00937803363765866
0.0115416731523095
-0.0122109801461102
0.00405377027099951
-0.011140183656045
-0.00645855247531324
-0.0190415344146893
0.00395688041842901
0.00462102956415977
-0.00373885664265716
0.00881638772135895
-0.00475383837904053
-0.0125427259820442
-0.00154206911891364
0.022425737019349
8.96543733721611e-05
0.00330274053851887
0.00306545148339121
0.000376456846689854
-0.0044111971194013
0.0170925671060056
0.0201526277114175
0.000899611012413537
-0.00801021006931035
-0.0591296776896435
0.0251649811075911
0.0329637103444465
-0.0148409859962503
0.00758510022261283
0.0380041215969206
0.00543284602115313
-0.0097747880385527
0.0340112297805995
0.0339571182992899
-0.013741244445675
-0.0159137961063736
-0.0114898528017956
0.0142307864685265
0.00839333439226497
0.0141066308975258
0.00839928974317627
-0.00255492340630337
0.0100336601404578
0.0113690338006585
0.00138660405659352
0.0140322944639555
-0.0390185131151766
0.0291053976633397
-0.00852576328644772
0.0164955872210737
-0.0175578831400987
-0.0150560891234565
0.00396804130381723
0.00626477510851176
0.00184229788227008
0.000838183286149374
0.012717894085261
-0.00697197778277436
0.00724091390020298
0.00327937439432635
0.0229338771870116
0.0610497416810164
0.0132540586302348
0.036933183423257
0.0121655831795958
-0.0280743136866262
-0.00586353984346755
0.0059490810259436
0.0383966102724016
-0.0420821435482864
-0.00346651248909258
0.0209814681616729
-0.00519160969737542
-0.0336683197766542
0.0215014660934987
0.00540488959547514
-0.0034785484965254
0.000984270660317477
-0.0161316026021413
-0.0106638026340378
-0.0137796978568139
-0.0339253969983963
0.020258944768747
0.00656215625006329
-0.0346344952366244
0.013560494814003
0.000163085830299448
-0.00544056168806317
0.00280982719756739
-0.00156534752851389
-0.00101324600636654
-0.0178062521891064
-0.00210852360651637
-0.000722373562330292
-0.00643792585761227
-0.00833715808044655
0.0326033674781456
-0.00674499323767097
0.000194703903743765
-0.025456287300499
-0.0184900121273837
0.00427491617967091
-0.0156455636940999
-0.0317653596649431
0.00870467424260568
0.0438255017763511
0.031034323579562
-0.00892008709864289
0.0100867491445669
0.00639938037405108
0.0184106365068889
-0.0315691519985966
0.0158713408885918
0.013166612859657
0.0682828186137058
-0.00705174335345704
0.0427619375663142
-0.0104200175025169
0.02082727535624
-0.0367589885844539
0.00246664101277771
-0.0508088263652322
-0.00835896165242556
0.0195713988798223
0.00885365613610967
-0.019051959521193
-0.0130941712533204
-0.0143452979320559
0.0910278656441076
-0.0153214841821121
-0.0327960937009422
0.0227482118522683
-0.00513809770386509
-0.0345990133109535
-0.00599043164365076
0.00601775432050111
0.015373938471698
-0.00674292898124618
0.0112557377970326
-0.00854970831763546
0.00951285243483291
0.00394248776102857
-0.020738128287787
-0.046892587276574
-0.0246440057923176
0.0175124197007483
0.0124514636146568
0.000874101111181358
0.0166194646800852
0.000832848618998905
-0.0226244457443578
0.019938837009136
-0.00275003899653026
-0.00773629531098186
0.0234873569786095
-0.0146039274940857
0.0186652374239118
-0.0130637036379725
-0.0337382715611431
0.0179111710660028
-0.00818394470055972
-0.0111714293329795
0.00150460439845046
-0.036811501724666
-0.00296947668256908
0.0130697369021623
-0.00432174805137775
0.0481753955179549
0.00222828206122294
0.00726512761370768
-0.018779060500668
0.011367586217763
-0.00346431071791309
0.021083455247253
-0.00304688371184669
0.0117595060311467
-0.0184868266362274
-0.0069345592992619
-0.0144651732548626
-0.0221622480446393
0.0208180231101645
-0.00269178421602434
-0.0119779516207168
0.00211075760081991
-0.00184753014404571
-0.0101267311903703
0.0114027734436843
0.0523999709574332
-0.011597582222438
0.0160427434890611
-0.0116846027747701
-0.00979912738202671
0.0273180924455222
0.00747564762915309
-0.0182451471236897
0.0125853841123873
0.022276479902572
0.00407390192258927
-0.00377710249766006
0.0157535905990844
-0.00820640872128342
0.00978082672616953
-0.0144084466374691
-0.0168932392980523
0.010603460161608
0.000542688069678166
-0.000435549847157768
0.0564814434595683
0.00300530469874183
0.015276457841816
0.00517629328079972
0.0437077212069799
-0.0183808833257961
-0.0254346540017938
-0.000488243971928259
-0.0085194241792792
0.00775329269253511
0.0293187623535887
0.000415925294486974
-0.000453916762379714
0.00974872453854425
0.000717987636401851
-0.0245354045603612
0.0155149113947863
-0.0142766257655917
0.00374273844266304
-0.024288733001079
0.00117402413155476
0.00902725794761872
0.0151400492684055
0.0425149338768308
0.00361781439339204
0.00455473772038562
0.0135311527786802
0.0147091413874832
-0.0188454867753931
0.0209721590385359
-0.0333577930480224
-0.0222705519300265
-0.0136337131839842
-0.0200286010407631
0.0105231422237405
0.00982303953449648
0.0116541614356253
-0.0200989008930336
0.00913681648219045
0.0118554153998979
0.0461010172081056
-0.021543873501928
0.0146313514230164
-0.0337933909024255
-0.0273507074293664
-0.00567067621994
0.0100590520961833
-0.0243432940065907
0.0268991308513578
-0.0370357081996805
-0.0159032154877748
0.0171804883960003
-0.0192905277991104
0.0257539139404579
-0.0150648479869523
0.00626844769388823
-0.0230049703199432
-0.00985721677890916
-0.0195865365341827
-0.00058612480555853
0.00414651293261059
-0.0181544336786741
-0.00605428797399532
-0.00987129426701561
-0.00158031971106942
-0.0109217450919269
-0.0278375430505835
-0.0277407870150812
-0.000550741023506829
0.0316467930461668
-0.00706788130372982
-0.0101891890878992
-0.017417745516882
-0.0249951277782643
-0.00312251738811942
0.00432902327087514
0.0203120080357613
0.0111203858170715
0.0152713630201082
0.0225043480533159
0.000927991598141609
-0.0139332014461852
0.000291404262153461
-0.00245222727113592
-0.049347163809716
0.00995082984713447
0.0257336525115203
-0.0224663027362328
-0.0249459960339623
0.0169538269341193
0.0146538173996966
-0.00105512671980967
-0.0217019761149768
-0.0062664806694519
-0.0213636508010367
0.00583992052983073
-0.0213277429658086
-0.0149910406536642
0.0128993117530294
0.0475155421948317
-0.00320012376623224
0.00667112421401495
0.000430265624440151
-0.0126540703203057
-0.000760201468388177
-0.0350299968692779
-0.0277375210778606
0.00757818529844989
0.00543576417804448
0.00651059976098245
0.00118145766047462
0.00550599892861936
-0.00577013178868546
-0.0193170514042454
0.00457223939917473
0.0468390235358648
-0.0243942984793379
-0.0276309027077769
0.00475079895539943
0.0150838903075411
0.0313559143619393
-0.0182116856294502
0.0186961751287469
0.0369598031395261
0.0109038944605745
-0.000499325473350076
0.018789710337655
0.00333312361783233
-0.0306255973522999
-0.00585736098560197
-0.00323420205823832
-0.0223841044120088
-0.00885059572833091
0.0215489077846462
-0.0109342085870392
0.00294642057475403
-0.0147317997180696
-0.00715846768154327
0.000118354339759597
-0.00406669068542342
-0.00290202330130962
0.00453279650173122
0.00465211637458729
-0.0279903614124097
-0.00850459331215681
0.00646991427050414
-0.0254037643875481
7.71075003863642e-05
-0.00630642740317988
0.0391696329991562
0.00912508376094057
0.000418629312483487
0.0317636023530961
0.0519362261954993
-0.0212389403820256
-0.0257369013869337
0.00521491897587412
0.017427768150273
0.00446476697743203
-0.00259815617229819
-0.0155006224987443
-0.0260550588177793
0.0149801458462088
-0.0010100208916991
0.00344355138567887
-0.00889509563791235
0.0249398306097655
0.0224167387562958
0.00926461846255522
0.0454560929434753
0.0149480304513642
-0.0312231656012895
0.00375604837562371
0.0154596838405789
0.0136737529708177
-0.0111373967796687
-0.0155992838253625
0.00662308835056646
0.00546270137016436
-0.0411572288628588
0.00297128464058327
0.00170285606026066
-0.0483009868809081
0.0165299316822218
0.0204942031616684
0.0345589912103809
0.0115558807018178
-0.0198900198120715
0.0936416494956251
-0.0288806764537325
0.0420376329683878
0.046524978380648
0.0216683455572553
-0.0322549999591597
0.0120385149732536
0.00407823136681396
0.00731052645887653
0.0164795059431151
0.0249658194748634
0.00234171103323477
0.00532159349613348
-0.0126799456394378
0.00527259519504275
0.0455763391327236
0.000946991835741873
0.0269339691714506
-0.0230656544198568
-0.0150596560294092
-0.00963038778135772
0.00966000831829128
-0.0160376005582828
0.00520646944304282
0.016182002933275
0.00174469714816561
-0.00985943485004226
0.0683284189740337
-0.0207039110053995
0.0276655199693751
0.0446218582271196
0.017247208547738
-0.0267722894266712
0.00279509878082862
0.00689071522962503
0.00777855369404268
0.015283258045184
-0.00410705605488293
0.000524461306721569
0.00491493727430892
0.00652209018330097
-0.0328667128789784
0.0030487223242146
-0.0175812202929451
-0.0119824864297389
0.00273891333852538
-0.0275199548053708
-0.013828517987842
0.0176609985568856
0.0244903981391764
-0.00795264017099739
-0.0329377378699682
-0.0239704966952858
0.00664260966169883
0.0196517035510479
0.0197953827804616
-0.0139595559670594
0.0176344645455311
0.0273903005515401
0.0183115333627265
-0.0136487826154796
-0.00964454401332349
-0.033424474587229
-0.011445826110917
0.0213340560446036
0.0108018779964014
-0.0367572840573085
0.01195537437881
-0.00027573294256189
-0.00494545660987589
5.20334803726374e-05
-0.0129307808252863
0.00959827943567504
-0.0030012776365278
0.000151963893006646
-0.00832140794779779
0.0135395992134183
0.0209774948218333
0.00425067506431787
-0.0230035071883732
0.00598865532493631
0.0287322768771516
0.00487813226273515
0.0127930585312074
0.004308333916482
0.0053413477161709
-0.02201524490858
-0.0156636909324981
-0.0241750721887101
-0.0160899433750747
-0.0130363253159482
0.0296249654309326
-0.0115848440708155
-0.0192250946668466
-0.00517178123193851
0.0214440421506283
-0.0233739779414837
-0.00533510749613919
-0.0068853085172107
-0.0436040529336834
0.0111391806502403
0.0106071256952269
-0.0122338485832979
0.00613723733018268
0.0167389792699013
-0.022032410373967
-0.0149495941699767
0.0115208145847645
0.0180687995822071
-0.0176291061642728
-0.0380110394276099
0.0233381215306867
-0.0059641507939473
0.0123912361866615
0.00905063537953055
-0.0147189008199112
-0.0329807179260712
-0.0299329285467247
-0.0239002702415141
0.00623504615633586
-0.00612775484095907
0.00163410219650173
-0.00249312744966101
0.00424484981430595
-0.0210058557005721
0.0125666058563699
0.0191287911178315
0.00989839028586947
0.00383874539516937
0.00750339710063175
0.00588603277818511
0.0301543984591863
0.0208324914806225
-0.0373871634179275
-0.0151610204783748
-0.00364476189962737
0.0213461099138232
-0.00332127494268919
-0.0118286693919131
-0.0140234595782633
-0.0308818934825901
-0.0304004220850987
-0.0270344325652233
-0.0353203481883215
0.0125657389602556
0.0260291797201324
0.00294878303099888
0.014168518739418
0.0149220275981686
0.00628805799334864
-0.00726513332676182
-0.0126123281746902
0.0504286521421378
-0.00665846018722538
-0.0165132385564193
-0.0154463134759406
-0.00759751122745755
-0.0312665005822623
0.0159705139655364
0.0365849550215828
0.00941282563799017
0.0343777695417593
-0.0324687850831974
0.0189062492733121
-0.00964042091936812
0.0228677001583177
-0.0170381042720494
-0.0085125833006674
0.00449682313008626
-0.0266405478264207
-0.00887379937076671
0.0310627069696652
-0.00235175901579521
0.00982823405151245
-0.000973097301424364
0.0061099950934822
-0.00493583153869448
0.00174471356276706
0.0225432023120221
-0.0356321894183816
0.0050196181249611
0.00622126959162295
-0.0298615465318954
-0.0282141293750208
0.00747775013137852
-0.0184077934886475
0.00373514044371681
0.0180103031953613
-0.0100939173263194
-0.0114055115107982
0.00118387065232073
-0.0126723194894893
-0.0285674106297465
-0.00367960502722298
-0.0293879833480462
0.00829947467948622
0.0112807685295973
0.00503390453956498
0.0115942731944765
-0.047016747250008
-0.0277550618525013
-0.00586578089968759
-0.0121390915666819
0.0299202750203075
-0.0160886407734904
-0.0103068981597275
-0.0207245548175865
0.0305959696804496
-0.0274637242344988
0.0022308472804633
0.0101438323054319
-0.0062182212040699
0.0304055586750523
-0.00661575815493665
0.065327554958253
-0.0158225809572871
-0.00261963412563693
0.0189602844641454
-0.0141352927432983
0.0236059350795723
0.0171017296721173
0.0189693475558008
0.0074887479522977
-0.0128529131157582
-0.00906138286025238
0.0220463768040103
0.0128368524085338
-0.0184637148782207
0.00776027295043513
0.0173749330939834
0.0083490212520928
-0.0100084884389813
0.0354361052824331
0.00492719454712787
-0.0214741780681988
0.00813511777969556
0.00201233849694848
-0.0180939550953441
-0.0406915634819217
-0.00780062046605667
-0.0187335278886648
0.0337495463684834
-0.00308577209858607
0.029948744687068
-0.0130513842044174
-0.0122520600591574
0.00835194007936557
-0.022269020510297
0.0192325151369961
0.0112258476838151
-0.00295522660119518
-0.0119924181992757
-0.018645592803831
-0.00664139551350562
0.0377265427266184
0.013746298637612
-0.00331257423883291
0.00462325542751851
-0.0123119045789504
-0.0257554305777263
-0.0162907480715226
0.0823160628221267
-0.0102139324576755
0.0035182506556426
-0.030654384479487
0.00768100034028163
0.0117572506313864
-0.0101806055760234
-0.00421984950817889
0.031271560638967
-0.0147143666113132
-0.0234995834997943
0.00533228087273208
0.0220838067128317
0.0202288217495953
0.00113915484751326
-0.0155107407090853
0.00767919281053564
-0.0206580036507322
-0.00622632115948174
-0.0221871737947454
0.0558031298837053
-0.0351772902715227
0.00545337108074517
0.0253309049565662
0.00928832012812209
-0.0135326841551162
-0.00979917099933181
0.0204406429125801
-0.036260130103545
0.0153622684002471
0.00670838654811901
-0.0211577854127684
-0.0116059809308596
-0.0173517176128588
-0.00863679574821252
0.00900967456609836
0.0173111544377835
0.0108016296320637
-0.00566688624364575
-0.00360679757732119
0.0280594402683817
0.00455951139910837
-0.00353585089583541
-0.026010435734797
0.0233287233547265
0.00605704993450518
-0.0102353797035966
-0.0014855121552998
0.00855272700048049
0.0187999747124954
-0.0287359557329014
0.0083302300686301
-0.0409030665359399
0.0214323790577391
-0.00495901546957533
-0.00566803935326787
-0.00408521221159641
0.060764545499302
-0.0213549223354709
-0.046837451430107
-0.0136704565913525
0.00854892007992825
-0.00763871652464465
0.0103633706254234
-0.000736314579145247
0.0162702625701179
0.0301905145028418
0.0262972995443397
-0.012360949682542
0.00650915904439786
-0.0121320651441579
-0.00273059231341222
-0.0221616922843425
-0.00600903967574562
0.00869991551772253
0.0145995048347339
-0.00351365938994719
0.00770602818303567
-0.00240517568407794
0.0226325733140157
-0.00554599255859178
-0.00736605246957012
0.00309391931082126
0.00899887404444466
-0.0253502415501051
-0.0192482714520332
0.0313923687690979
-0.00892713205843898
-0.00486956753418089
-0.00935479038260922
0.00356589125644113
0.00737406651688999
-0.0114668746401584
0.00548268308759525
-0.0112370986003727
0.0105828254967663
0.0127177514778971
0.000406800430751586
0.010085589530236
0.0283972391920884
0.00230546340909632
0.0629659081239163
0.0388342026703477
0.00892042636621015
-0.00602675215996096
-0.0170411890896911
-0.00678442944714663
0.0106597220360036
0.0160380839990797
0.0293212408617639
0.036979673811417
-0.0112503515778872
0.0047679882328393
0.0186895342830798
-0.00694203621912948
0.0118564374080234
-0.0145487743606242
0.0160041895624606
-0.015208905893437
0.0134476671241071
-0.00608686262948144
-0.0181140335166678
-0.0267036784003059
-0.0217253453005402
0.0152933083332236
0.00517819254573992
-0.0384252113216109
-0.00371181269879273
-0.0247186636003089
0.00620836961109461
-0.047958323386063
-0.0137165996048894
-0.013008124995601
-0.0468138494027674
0.0114264842097278
-0.00749058620889387
-0.0328912863090314
-0.0191674945617222
-0.0230310363623856
0.0183907446264311
-0.00303366450737508
0.0129836819480269
0.00681426932279194
-0.0358418860208713
-0.000457610926029028
-0.00262689597030308
-0.0167131244222503
0.00368853608166053
0.0088163300512899
0.0094109860035817
0.0353745887974867
0.0106704171956691
0.0025608327484522
-0.0137010242620961
-0.0136333653693765
-0.0345404093107601
-0.0160199305970289
-0.0327298576431301
0.00103538519075541
-0.00509919783706358
-0.00960138025229484
-0.0296442912101461
0.0164857049099109
-0.000871758670511591
0.0317127161891138
-0.00517538753917646
0.00239377569631882
-0.0358762502023404
-0.0145318964421101
-0.00242923155490038
-0.0260390216919655
0.0313785264089178
0.0270652977265686
0.0189249120701478
0.0214595151801066
0.030949885464933
-0.000864238851322696
-0.019145879749292
0.023362464360256
0.00404174073268349
-0.00130108049261446
-0.00307057709965186
0.00821622907555275
0.0116540892224644
-0.00928375568814788
-0.0268575936991503
0.00222496649099169
-0.0201099303818336
-0.00681254807319864
-0.00178044367344032
-0.0107913511338205
0.00102725148922489
0.0184059857688652
-0.00410040589381067
-0.0169874548285085
0.0299025190029234
0.0274197714747305
0.00777568910124649
0.0109762268448474
-0.00221110887743481
-0.0179923223134684
0.0175202894357148
-0.0423653244429681
-0.00786788968002095
0.00604464524983339
-0.00282857543835258
-0.0242968796201535
-0.0157620418793227
-0.00278530864042992
0.00507787264453796
-0.0231403925013113
0.0366930573273205
-0.00459063560780903
0.0240378499087663
0.0109876339333285
0.0157223937663955
-0.0259232384589899
-0.0171367684073651
-0.0114844900728932
-0.037389899572004
-0.00898543119915318
-0.0384344421357603
0.00474813705980182
0.0289989000145306
-0.0693152681584551
0.0179258983723765
0.00697881024797686
-0.00630822512984075
0.00924630167082785
0.00361862754227538
0.00244031297719616
-0.00635523060754895
0.0301461175350743
-0.00611613789455179
0.00360252908004532
-0.00374756504482254
-0.00349055232486872
-0.0311448138913299
-0.0216942390404016
-0.0157248212055532
0.0063467883698759
0.019691158099571
0.0206190441282428
-0.0189830025566695
0.00352772205550045
-0.0294919452264903
-0.0136900042927008
0.00845625576004594
0.0346426232753231
0.0110134224473828
-0.00188622782327663
-0.0120880320129875
0.00472399631507414
0.00992434304536038
-0.0219043443559406
-0.0232895107467905
-0.0149864914582449
-0.021493875734984
0.00189725843791799
0.0144136312905939
-0.0197756193954516
-0.00111600587997951
-0.0267767621003513
0.0140904418178806
0.00171144945583024
0.0115847775731933
-0.00442772281612813
-0.0249432736611004
0.00497849643482806
-0.0316397329227901
-0.0245934041716389
-0.00171761024677786
-0.0579607946315247
-0.00722993470319988
0.00219553191722055
-0.00264007202848082
0.00647759328253439
0.0345154191978927
-0.0207104179219261
-0.00104405662591089
-0.0247085181071427
0.00370601860834774
-0.00807712245845027
-0.018630925827005
-0.018730761447542
0.00134948549696778
-0.00627003978519081
-0.0284239256958045
0.016570016353326
-0.0144681734600792
0.00981103689325713
0.0383277582264127
-0.0226863241718952
-0.0311383353643602
-0.0178705435791302
-0.011664351047596
-0.00918216790530768
0.04117205725935
0.000805661418543657
0.0194312071253877
-0.00679803327038486
-0.020349763580064
-0.0210745505083902
-0.00344671850777267
-0.00196570614335878
-0.0112331801494072
0.00555048549438308
0.00397322470942951
0.000109651555921575
0.018318987328062
-0.00853535321136667
0.0233360505066164
0.00897820120377124
0.120161329562311
0.00568561348766106
0.00168429819131621
0.042923099427374
-0.00295490392528897
0.00491161113681815
0.00484768007148828
0.00912594381591791
-0.0115023550640618
-0.00907976522973775
0.0215456430488861
-0.0255751482126683
0.00841002180081862
-0.0074382400277937
-6.07053527962309e-05
0.0171191772756704
0.0156632645446667
0.0104156939833405
0.000363078424950314
0.00785633176462774
0.0200035227054191
0.00326799095405783
-0.0324093157094283
-0.0143882278076549
-0.0170231424796402
-0.0137011947097986
-0.028004058940085
-0.00207828177958724
0.0202126140758815
-0.0143523476089809
0.0239345062853875
0.00287444309776386
0.0180741487087676
0.0135016232795295
-0.00188294134260369
-0.00381528913725637
-0.0117685738746081
0.0358142040683799
-0.0185488196329552
0.0594695914014571
0.0307100651036196
-0.0229076760035736
0.0031249454322102
-0.0152732373262467
-0.0254189847277068
-0.0197386651862961
0.0021070507988934
-0.0104228251873447
-0.0101273638065389
0.0102568623631059
0.0354114530396834
-0.00620554460616574
0.0318713348681076
-0.000293170464283676
-0.0140010063545365
0.0059669095367938
0.0109200503962137
0.00798439666336792
-0.0212734147462044
0.00998611442899455
0.0231988943631349
0.014377510259617
-0.00839493790332002
-0.00428919547060347
0.000795424327349803
0.00431146666628801
0.0164240198719874
0.0154821641451666
0.0169429949980344
0.0398013241315138
-0.00826403499860739
-0.0120770602736778
0.00445990031131138
-0.0105591703612691
0.0581681159886887
0.0106846435664214
0.0255959092295895
-0.0176178797372465
-0.00387975941051444
-0.00768233006490249
-0.012443274673793
0.0274909330628422
-0.00389669970855733
0.000414294741245325
0.012801553267751
-0.00437131521309042
0.00890157977983086
-0.0322856222700376
-0.0412082092447374
0.0224135213572277
0.0188914190496636
0.00688432845337561
-0.0716676233928959
0.0898172607899885
-0.00649372795463599
0.00897527580156021
-0.0171733933698566
0.029507357426061
0.055947868227412
-0.0221837483266325
0.012155869650245
0.0052139240676975
-0.00485719292590558
0.0337638457803258
-0.0158157595504418
-0.0127132260896534
-0.00521463924366794
0.0134962302571526
-0.00226834228257222
0.00233982017586909
0.0187801174587889
-0.00316751502211665
0.0174371742450771
0.0134218812405796
0.00347569249923874
-0.0107889697160763
-0.00440037851131758
-0.0138799275341029
-0.0408684827965626
0.0285753424053887
0.00901549766341669
0.0101435171440303
-0.00316883419845182
0.143386062565427
-0.00193909299593287
-0.0178385179535731
-0.00243629726914329
-0.0061528881176669
-0.0162306692907309
0.0137324514945507
0.0214548936190307
0.0176971351183589
-0.0282208188103968
0.0284458506602959
0.0102338121736665
0.0432576129336728
0.00247196696637175
-0.00371805205839904
0.0323024973723268
-0.00886651456683629
0.00423950792347028
0.00456891172367313
-0.011918962824761
0.013217628921568
-0.00313020210395898
-0.000442135068104421
0.0528075547073125
0.0353927423341318
-0.011030872514407
0.012057139220253
0.00478410020043507
-0.0074109963287271
-0.0114793011688407
1.93509404047276e-05
0.0224429129517922
-0.0311395319083176
0.00306663981012056
-0.00151674979587768
0.0165982309570458
-0.00635837942439876
-0.00602586290151408
-0.00559281940247991
-0.0292952937714319
0.0197732075381696
0.0194472815226895
0.00861945103397377
-0.00018219573617051
0.0214640625070585
0.000798584511031097
-0.0157660432748896
-0.00314230506400537
-0.0267971842044523
0.00496970244077455
0.0158987042786107
-0.0094983371762617
0.0378893787517999
-0.00184612580784738
-0.00490555512882029
0.0199145530677373
0.00108353670059591
0.0784649720259524
-0.00345911161707302
0.0196455885899168
0.0215140050068477
0.0225350637391726
-0.0264308149062907
-0.00481029613578599
0.0176913088091853
-0.0492967913284805
-0.0335562604046746
0.00210561145038191
0.00650562073777394
0.00590435131495948
-0.00535303894400707
-0.0365059625032953
-0.0364918457265844
-0.0055046393866155
0.0119059559703826
-0.0173405092787418
-0.0232276160565307
0.0132371713483974
-0.0179424437094753
0.000525035708670352
0.00425030774113455
-0.0187994367491664
-0.0235021887619438
0.0213280335655572
0.00168690132199001
-0.0102497493908974
-0.00210283366750585
-0.00979941172998
0.0153124524410275
-0.00982891277579168
-0.0231956643616469
-0.00391452438912077
0.0314905474233171
-0.00135116173791272
0.0208473427531013
0.00268451589724272
0.00704244675590249
-0.00772291739982967
0.00298010609772292
-0.00110382157287181
-0.0138097029008316
-0.00804639703451249
-0.0217397328204163
-0.0213088513739405
-0.019382046685546
-0.00870615274920528
-0.0320692116949403
0.0153721124060787
0.00125756316891668
-0.0117984086112642
0.00583484973508852
-0.00890785609310196
0.00049023695553041
-0.0334242097440639
0.01357922437341
0.0210200421473041
-0.0155812715563913
0.0121580000701988
0.00273682871798131
0.0320637922893348
-0.0294506838758506
0.000778568321146533
-0.0320273448971353
0.0119983190831965
-0.0330344516992194
-0.00317100248271984
0.0244471614017447
-0.0328149185818629
-0.0294767656195615
0.0185451240473479
0.0134041251301746
-0.0166134907902837
-0.00670152225874632
-0.0049814594746832
0.0112074391720676
-0.0112800144849843
0.0103492128879783
0.0143871513506975
0.00390301981095798
-0.0101965497226317
0.0138383968815146
-0.00436496648432472
-0.0072913578410696
-0.00894486086939561
0.0293479035229912
0.0426164661204389
-0.00700636357678108
-0.00879376495508222
0.00723019423124294
0.00689629767413069
-0.0129044881865437
0.0124684357759055
0.0125257689278987
-0.0180997491323779
-0.0206167676043
-0.00443655940370435
0.000386091342744033
-0.0097615110310646
0.000136004902512532
-0.0174231732543406
0.00404197891217517
0.0192791370682721
0.000605646228904244
-0.0600201394699044
0.00253828827472058
-0.0159150768326037
-0.014529374389384
0.0201789909477683
-0.0132159172621502
-0.00606933231666029
-0.0144324339787213
-0.0175548823829363
0.00527996741912928
0.00695885231011073
-0.0326633105675254
0.014907554535822
0.0142144461621608
-0.0341048936816213
0.0556861055572924
-0.0172432142827365
0.00929730612670954
-0.0129447452272027
0.0210697633516017
-0.0218426325336825
0.0361569566869736
-0.0197487136413851
-0.0224640086058877
0.00948512675270718
0.000709232340599608
0.0105493113035606
0.0140468962463121
-0.0293488370203817
-0.0163254313573644
-0.00540470239717283
-0.000925267786418549
0.010992866794723
-0.00203165122364402
-0.0116965333572002
-0.0152793973290195
-0.000865913041039335
-0.0180663542927481
-0.0165381690108817
0.0215568054096168
0.00535200259334234
-0.0246332962810794
0.027574855610545
-0.00382869175814482
-0.0363027903039804
0.00696650595159598
-0.0220806454707586
0.0113044213888709
-0.00752021772334643
0.0326741864047435
-0.0197383794657968
-0.0325099251686793
-0.0221587643596076
-0.0175694418164846
-0.0254316054164024
0.00329059406317922
-0.0171087064139406
-0.0184700382745671
-0.0263260402806834
-0.0019138910875024
0.000142600539346338
0.0110493308820271
0.015290044258392
0.0156290634739591
0.00978947624334892
0.0019831745015193
0.00850770805509959
0.0306608589730024
-0.0162152314075981
0.00758943749643537
-0.000349729906894525
-0.00674047589174021
-0.0388053858008711
0.0242805411937119
-0.00512244809956497
0.00397518815027187
-0.0264126635444659
-0.00510870695215826
-0.00995304812879794
0.0256635792012962
-0.0187931253474536
0.0340308030704637
0.028087787356822
0.0390647753707517
0.00792661427306307
-0.0581179398451461
0.0096965338468985
-0.0234173326307991
0.00938772388552744
0.00166187559705322
0.0152069230780235
0.017751478205156
-0.00787990398511162
0.00387005486432734
0.00402196152647261
0.020011843679958
-0.00188651153140595
-0.0162020905929591
0.00805034050717035
0.0430849581555386
-0.0137556182435976
0.0131379344921361
-0.00714175763331215
-0.0205455724215832
0.00267376389438412
-0.0280808529179797
-0.0316014426860565
0.103311214134836
-0.0155069844105414
-0.0278661704009111
0.0180110513057782
0.0115436337520044
0.0134382781492687
0.024740358693834
0.00987068944190239
-0.039842321861468
-0.00804999913292526
-0.00237745434822834
-0.0082629113228766
0.00726242649019471
0.00713316548743681
-0.00178995683583405
0.02249115513401
-0.0184967381234596
0.00710856094931844
-0.00321669532249746
-0.00953133439991638
0.012265745040454
0.0191839011535297
0.000465225371921618
-0.0294490376533513
-0.00793494379795923
0.00570365930594297
-0.00459690843757299
0.00466018976190163
-0.00107698341978479
-0.0392796905630659
-0.00663374395321092
0.0206642147814813
0.0162794208142316
0.00349550647804597
-0.0185976532914073
0.0116660521905619
0.0628371958746802
-0.00318905185468266
0.00977884968070619
-0.00251430197723657
0.0211545020610806
0.00863610892131284
0.0366974417896222
-0.0136698389599492
0.0339491170991154
-0.00510584804919856
-0.0195427250147634
-0.00621868113137336
0.0139444329775443
0.000250315749187657
-0.0136194569597006
0.000155635982307056
-0.025635388566889
0.0032763304097434
0.0310244506246021
0.0351179888202535
0.0364717905457794
-0.00313781350464515
0.0122728931140986
-0.0131858332682011
0.020585233510769
-0.00483076779546288
-0.000945382189391997
-0.0084317048180631
0.0412060336947999
-0.0160284243672069
-0.0137676808616624
0.00112651165879962
0.0130398442579831
-0.0120817349520419
-0.025361962640351
-0.0154415014531963
-0.0294905415952739
0.00735026705998543
-0.0147231165675137
-0.00532631692932151
0.00329595955116613
0.00602152849304749
-0.0219064846761421
0.00626091061043743
-0.0173787255188524
-0.0295654720722656
-0.0179298807977257
0.0283798178393858
0.0167188704940138
-8.7234973744521e-05
-0.00624104401906422
0.0328194483699894
0.0165456323437065
0.0184846607223894
-0.00929414936116524
0.00573155907097211
-0.0238676111314072
0.0162847227852361
-0.00238963482019294
0.00558852414646371
0.00871149929476278
-0.00322742651041474
-0.0405381156786402
0.00953690760482662
0.00179555891783889
-0.0168880882640415
0.0493343722457773
0.011221307112496
0.0188025445332374
0.00504924771868631
0.000875811943278348
0.0108629021400827
0.0141409435204279
0.0114900845571382
-0.000437976844031684
-0.0125003952562104
-0.0185920356409134
0.0108121655805046
0.00612920296862207
-0.00139609898569093
0.000269740661208218
-0.0425224914000352
-0.00443462529147021
-0.00372265539334493
0.0434242502629206
0.00811240059694185
-0.014977732833564
0.0178046863676765
-0.0100536745134856
-0.0259813694193241
0.0218773898825532
0.0176922348556039
-0.023008829287136
0.0201603686723326
-0.00393273256877957
0.0140031484787886
-0.011367531081617
-0.0185336586830356
0.00208888426323806
-0.0310751831938181
-0.00474735852664909
0.036976915541161
-0.0112756370033797
0.0285043579429201
-0.0200531080258595
0.0070407803088971
0.0249225106262598
0.0054399652196413
0.0389775989944042
0.0156695668567089
0.0187826434168314
0.00540834474762797
-0.0219269081151398
0.0137064236177362
0.0379957758292552
0.0156640967232815
0.00923642035078298
-0.0123548116175739
0.00615818634412146
0.0337496337434645
0.011300233209383
-0.00739049091106547
-0.00601105292368431
0.0942893219574819
0.0220486428581422
-0.00987723348380476
0.0336709968932625
-0.0351908750288118
-0.0138444400970436
-0.00407223456161077
0.000658412889809945
-0.0158908999339165
0.00767931530319477
0.0142849773220001
-0.00344651250779426
-0.00562793036009546
-0.0174020783218678
-0.00838598029191506
-0.00482473354542701
0.00802246529839556
0.0295200894067064
-0.00724970348400222
0.0206127761392922
0.0289410086775493
-0.0347666409148996
0.039119423463909
-0.00498572153222232
-0.0138633069260332
-0.00352289308232778
-0.00194052434259007
-0.000681255939010028
-0.00312941871355954
-0.0015627746684217
0.020853910998624
0.0178249061964559
-0.0137064086602303
0.000849360810937227
-0.00553951898738703
0.0356324244544379
0.0336057400377907
0.0047014093560761
-0.028978395961694
0.0254632104832353
-0.00911160704461667
-0.000349481739808866
0.0197486456403021
0.00671651131585671
0.0214499790175595
-0.00927766753911263
0.00791249355528278
-0.0074756219480383
-0.0220596358063589
0.0245592919720986
-0.0192265828215193
-0.032589140370476
0.0122550533981074
-0.0158617152290723
0.0142015848396777
-0.019653595496552
-0.00686028875361711
-0.0393982794594414
-0.00807738837906402
-0.0373058106455788
0.0249224928747277
-0.0205212915924272
-0.0215975920279038
-0.00803143489509084
0.00738441879205964
-0.0221017882652567
-0.01263688654354
-0.042926672840143
0.0309958118716465
-0.0122949480567794
-0.00946981488278742
-0.0208458013696073
0.0175452356393917
0.00459861527855043
-0.0098389803604233
-0.0218158017134005
0.0165004495573102
-0.0139943899502667
0.0111595417296646
-0.00740488217234614
0.0265770175635838
0.0017340985676777
0.0164598565557417
-0.0454416118661398
-0.00722409504672961
-0.0239210137034189
-0.00938991492532226
0.0151152391558225
-0.0112825866701884
-0.0634182286145063
-0.016510915025439
-0.0135537524225853
-0.000554404131696828
0.0129874978183776
0.00842066426379184
-0.0372680672276723
0.00602477051146566
0.00105447257243507
-0.0332347991794297
-0.00943214635393486
-0.0100898231420897
-0.0432660861101051
-0.00389784178350505
-0.00291393867950396
-0.0111830212770574
-0.0230297446760852
0.0140419919429116
-0.0333762797586536
0.0269791191286102
0.00790213028211861
0.0170516007889083
-0.00859998582678312
0.00837893341824769
0.0139555873146329
-0.0134248927978409
-0.00442131525158906
-0.0154132671680938
0.0068231604956448
0.00168889209196088
0.00349596876512259
0.0317341576235306
-0.00976850710748378
0.00867909320492699
-0.0261504065880862
-0.00827780349829155
0.0115853088716676
0.0126779143402358
-0.00763546396571568
0.0120834335507547
-0.016209058986774
0.013485375222425
0.00115497733941328
0.00505774184678009
0.0215740734966033
-0.0256826600193694
0.0152068367469518
-0.00176690979642857
0.0121430663873826
-0.0298558616700825
-0.0198130896498919
-0.0243864332482644
0.054935540929747
-0.0144637903128889
-0.0312848354407559
-0.013860561551245
-0.0104322110294137
-0.0202261316389275
0.00271046939309516
-0.0157397412059221
-0.0208937407766787
-0.0274085671746449
-0.0253984217372698
0.0418614948111852
-0.0256686135294393
-0.0135742001004412
-0.0211376113429754
-0.0338335405032375
-0.0345730331940476
-0.056386314370463
0.0506605747961275
0.0014530802748236
-0.016172405496966
0.0032912068758284
-0.019767876756285
0.0236598346305948
-0.0164901222874517
-0.00494958814403534
0.00797359462196434
-0.0112507218963868
0.0304369968872998
0.0155188002729092
0.0133592633690344
0.00786931408455427
-0.0384256671869821
0.00476414069295794
-0.0137663851154324
0.0323003726351011
0.00904372052354829
0.000866575277078674
0.0426511079424153
-0.00637504943078293
0.00828112888154198
0.0114562805220011
-0.0235743625202299
0.0199894302023611
-0.0172145307209187
0.0135078653711562
0.0202368548010856
-0.0133089402712762
0.0203122187706635
-0.0168870881936164
0.0212769226896786
0.00607534468554949
0.0175441755224857
-0.00767150876800149
-0.00328991631387421
-0.0219652724428009
0.0175189252301715
0.014478934872043
-0.0245232780056526
0.00669429108137742
0.0273940725061063
-0.00911446096769031
-0.0277037147898095
0.00793870109882566
0.0214228597485622
-0.0318397401243382
0.00104784130040292
-0.00524251336806159
-0.0141778549666929
-0.00610987315109746
0.00900188581429251
0.0462335900937065
-0.00419142714321352
0.000525054482259812
0.0689830393715561
0.000253389383660929
0.0298940865669853
0.00567980559921688
-0.00753127748762505
-0.0072989414659681
-0.0137931332589826
0.0381986283860543
0.0561114620236499
-0.00455173167134082
-0.00264607436394138
-0.0432414617631858
0.0351563087224454
-0.0178753656264972
0.0117833218180502
0.000760718572753283
0.0276338500282329
-0.0184614682988075
0.00334330313249509
0.0200520320489772
0.0389517499656296
0.0156850941144698
-0.0212967216557576
-0.00955500323437608
0.028475257894207
0.0536082158203207
