-0.00749812936462368
0.0133296364461222
0.0196926889582554
-0.00756551905934399
0.0300643889824457
0.00365249827392811
0.0322438447002422
-0.0288653289082517
-4.85050010943233e-05
0.0120826618705987
-0.00229585945425836
-0.00593558410235029
0.00987544650205652
0.0053360771791986
0.00604107953559718
0.011913525390127
0.00107466837198822
0.00457969151932369
0.00169927038484641
0.00451161740345807
0.0182381104097438
0.0264441634492509
-0.00470751611277276
0.00819945644338449
0.00129095955897607
-0.0160156491974655
-0.0181381263459541
-0.00565938437315427
0.00451514675029663
0.0320053137376455
-0.00412239640978895
-0.0151625716857926
0.00312219615077503
-0.00349550674446908
0.00139994271783372
-0.0197326389462669
0.0219518408488244
0.0171441307617399
0.0330190137311774
-0.0100957128557582
-0.00620120184149697
-0.0189802916947617
-0.03440284903844
-0.0199723408116075
1.42730655723344e-05
-0.0118163173341175
0.000596212438092936
-0.0108523972110328
-0.00434984058684651
-0.0350059189719376
0.00335012918315303
0.0187433124565375
-0.0108089878458542
0.00996003259489853
0.0240685115862262
0.00230760235876581
0.00413986690753054
-0.00261679863509956
0.0255760877617599
-0.00283711767801753
-0.00449306113465431
-0.0121981294626237
-0.0066149592062188
0.00890190233878596
-0.0129450166485956
0.00746145651012364
-0.000544501835279432
-0.0133903364631514
-0.00759693999491828
-0.0239289935537346
-0.0184114940417202
-0.0111619537177134
0.0216559769360225
-0.00165041123906962
0.00607492598193726
0.0155214163022412
-0.0137284669413769
0.00811320357166689
0.0198482782430647
-0.0062974877772719
-0.00309953874356328
-0.00985559319756169
-0.00353912909256637
0.00860544189506629
-0.00808721245943644
-0.0192675147141352
0.00879808000048143
0.0113544378871056
0.00446364942456023
-0.00357749707772981
0.00607139253924416
-0.000947838141061919
0.00197784024016556
0.0104186264527097
0.0117189426451172
-0.00830991159934813
-0.0167335349726558
0.0143274970009144
-0.00173632106897381
0.00278015133125908
-0.00570118667569663
0.0118196884535127
0.0133879271232329
-0.0281174040773864
-0.0170163754031654
-0.0122437580533221
-0.0144633517204114
-0.00621407613997582
-0.0124957764613929
-0.0122770570676765
-0.00984557991891921
-0.0119045136900553
0.00273183615940598
-0.000318442689746234
0.00669404184539379
-0.00567980780515454
0.00198701636154897
0.00646665956847503
0.0100867922836747
0.0164208127942511
0.000738297899820273
0.0119431757929431
-0.00700197742956399
-0.00882980321503224
-0.0161565529632486
0.0161555823420547
-0.00924041683703747
-0.00305523495446947
0.0116084543030821
0.0291265651582395
0.00825773485446057
-0.0125249351572509
0.00469191816957903
0.0104293586233499
-0.0281437664926292
0.00102534067465521
-0.0061140683480212
0.0178065972534109
-0.0012016799101775
-0.0095650950550783
-0.0102043687812929
0.0166951421868187
-0.0279128164405393
-0.00437818930983203
0.0315103883379337
-0.0157373952413484
-0.0138860316465963
-0.0183063548965481
-0.00257477427669706
0.0118016584281087
0.018267904129099
0.0124281211502861
-0.0011313810766449
-0.000732088207691772
-0.00565469238044281
0.0169101405988079
0.0143545999816337
-0.0173597494402347
-0.0209239863263586
-0.0254257035461367
-0.0315752800659146
-0.00426706513397512
-0.00144226660706281
0.0116856668982344
0.0163416393572262
-0.0148781789211836
0.000574733140320305
-0.00561048974512168
0.00628309114129855
-0.013233078098688
-0.0076033677275702
-0.0065872429967897
-0.00177765847774713
-0.00120373731678791
-0.0214273564428824
-0.00343066359434485
0.00752065664432577
0.00477997855036749
0.0235356582089179
0.0212572644960496
0.0107627004630415
0.02400355997827
-0.0131405497256813
-0.000306375971593997
0.0152831678210612
0.00285203372573917
0.00647719992406381
-0.00847609642746905
0.0127865930716171
-0.0218135535769903
0.00926490643434486
-0.0125846727362222
0.015557189040847
0.00350311952077886
-0.00503158635284451
-0.00767709476395062
0.0104397584241402
-0.00682635815209176
-0.00505527473996525
-0.0176687149392212
-0.00397903423999635
-0.0144559636660473
-0.000231243701397599
-0.0029853812845908
-0.00914491677898077
-0.00131633541570508
-0.00771399481246782
-0.0074732643255544
0.00530544628419083
0.0173708119513027
0.00818307305559896
-0.00871062987591298
-0.00486176087504964
0.0119846133800596
0.00344512138422726
0.0395287258167341
0.00775157879347099
-0.019325851240527
0.0210703801679546
-0.0115599805568678
-0.00389902038955503
-0.0134980983732278
0.011576326007618
0.0147530896085646
-0.00903757711994868
0.00443485718059433
-0.0108532616939827
-0.000184278579217434
-0.0143205552250629
-0.00558264055668811
0.00976656333423009
-0.0160887793462292
-0.000951931376190318
-0.000254615196023433
-0.0111643612570136
-0.00538217341408975
0.000205006965517063
0.0142464963041469
-0.00813618890692913
0.0118248454493513
-0.0393265831456715
-0.0245215855676593
-0.0199025431424638
-0.00361875027524361
-0.00458703498832147
-0.0034565750012705
0.0133379996004916
0.00253790991345948
-0.0102401521609354
-0.0038943150387436
-0.00485003376230142
-0.00289225468462018
0.00886811095589213
-0.0235982886505468
0.00959928288098832
0.0090112876743933
-0.000989697967401115
-0.00495435956152623
-0.0044040877087439
0.0121345411021963
-0.00151872889580051
-0.0124545048015694
-0.00590216659358811
0.0077573915064435
0.0193752341708544
-0.0132663180539954
0.00675410831427103
-0.000304270802949924
0.0128315899904703
0.0134993845611764
0.0303629799856964
0.0299277478303672
-0.0214420964430779
0.010032888817683
0.000517761352225143
0.00217345201179908
-0.00414051579371355
0.020441727656876
-0.0142584371751349
-0.0109001703087874
0.00392401080091265
0.00336224171912392
-0.0188827956029312
-0.00192483034724811
-0.00594381915857212
-0.015356303312188
-0.0104863454230117
-0.00818590235998728
-0.0104100562677063
-0.0138751585967622
-0.0103127262595766
-0.0110221974804738
0.00346908571197124
0.00720906707937852
0.00232117212524718
0.0162840678975571
-0.0065708740305761
-0.012992198293766
0.0311735571284859
-0.0019012483085088
-0.00580296123157398
-0.0137715943632257
-0.00994811952873298
-0.0046620320762738
-0.0126543114730979
0.0105553290414946
0.00884289847555642
0.00497878436682431
-0.0105391018623826
-0.00488865263413674
0.0133333834763494
0.00786559478814786
-0.0204607658285296
-0.00230880964129709
0.00721717090127028
0.00916099124214842
-0.0270133483402102
-0.00616009191337352
0.0105396856897249
-0.0102054024123119
0.0128971183827018
-0.00273450784542262
0.00457952806140405
-0.00630290748581586
0.0123563247117617
-0.00361842829711723
-0.0231981248839843
-0.00160195776869498
-0.00929173273254702
-0.0197847604538655
-0.00330825185183459
-0.000422055765406881
0.00327715324800026
-0.00876014195558272
0.00601597144204291
-0.00277244116408459
0.0089082334527244
0.00135182549748269
-0.0246272422250942
0.00785262967828548
-0.00209128278054505
0.000363795501317377
0.00391584280122292
0.0156392686265039
0.0128534302766177
0.00781852991476795
0.00462759942306978
-0.00447690776843124
0.0125463515006092
0.0157810191632772
-0.0161592879839045
-0.00380893159094953
0.0145433962131465
0.0134242094174246
0.0327583690456321
-0.00742223740286807
0.00832042257220778
-0.0224001345251674
0.0123930178070901
-0.00438898216471051
0.0107039367242838
-0.0151245965461277
-0.0152215664542814
0.0228731293805458
-0.00269186388141462
0.00481049187857741
0.0114620008577582
0.010315352047078
0.0162023065596293
-0.0082273318782049
0.013968910419309
-0.0084742035283587
-0.00652231021452931
-0.0133971824650987
-0.00241121685834988
-0.0141978011717032
0.0144988141404885
0.0217499010750484
0.000866562742383836
-0.0121701619541921
0.0205455185559871
-0.0107486527610581
0.00309525345132222
0.0338913771989355
-0.000248843761127659
0.00323288191271898
-0.00481717240776103
0.02920980613183
0.00889688913664166
-0.0187124669784478
0.00851176888915872
-0.00207352814127071
0.00137526771984309
0.017986641285229
0.0165742501186661
0.00319894303749879
0.00617686289071995
0.00065740523462865
0.0147521363412602
-0.0127207433094561
-0.0047548902741017
0.00269463330991182
-0.00824252530303893
0.00994562939690002
-0.00418918180471106
-0.0224058510372076
-0.0094413868195018
0.00460905373879106
0.000122116831589025
0.00585273193032032
-0.000948472188087912
-0.00524440446855534
-0.019594122662824
-0.0281691705829055
0.0059055585777763
-0.0311545444093639
-0.000654579278927647
0.000705651139534247
0.0173054887936808
0.0168401640431473
0.0212457609019323
0.0137355285686813
0.0177002067464651
0.0254564372077548
0.00148768307881197
0.00183890201684322
-0.0110737572103878
0.0132491788891327
0.00532540838208151
-0.0142487082074938
0.0193000338856604
0.00111510226720579
0.008461169659576
-0.000447559038813106
-0.0018943045247255
0.00182423111439078
0.0127272208658336
-0.00363294595651009
0.0124793310445377
-0.0105787158780426
0.0126127121622421
-0.00867800828858445
0.0125703890952487
0.0171463504957734
-0.00135384403465566
-0.0215589633449542
0.00205865898593105
-0.0193370560957407
0.0158126298310157
-0.000611740533510652
0.00728049623685623
-0.0148266066311986
-0.0289661995127091
0.00306362218455258
-0.0220778007192006
0.00918644299467908
-0.013285120622395
0.0217721488070617
0.00965833781636638
-0.00186327497165228
0.00639267285615697
-0.00799391415283757
0.022695961690073
-0.00145720162873242
0.00620111045809835
0.0174160200871376
0.0170947757228728
0.00682570514552916
-0.00862038224892725
0.00522779638216386
0.0125233432997243
0.0107218286785264
-0.0057054032436219
-0.00716864969964748
0.00412046047485592
0.0352182309168412
-0.0102912674501905
0.0224170039773472
0.0113094550863768
0.0167639455221149
-0.0514639532249743
-0.00267418468166802
0.0260237540857871
0.0141575280394903
0.00856802994609707
-0.00339365633532296
0.0030905677079085
0.00995751952183177
-0.00148175764400871
0.0167938895668411
0.00850301017244592
-0.0226148165695501
-0.0171218940925204
-0.0117277293957989
-0.0176743834058661
-0.0114759584135262
-0.0100453421872093
0.015828755515747
-0.000199697307643021
0.00508856383414802
0.0181762538792509
-0.000338908666100091
0.0217130183961454
0.0118510040625068
0.0047940753679212
0.00170504204664423
0.00370548749249489
-0.0175420585049506
-0.0279199725893813
-0.00640874092782773
-0.00232525623276825
0.0131483661030005
0.00849538957424145
0.0128702420699027
-0.00759873421430068
-0.0011306269932656
0.0077836209773321
0.00433212233647651
-0.00314430311895797
0.0216370027511363
0.0134850814710501
0.00173414386803139
-0.0190288944147281
0.017506799219221
0.00818223142498353
0.00698127053193853
-0.00120189436773277
-0.0122617998894952
-0.0359954695689231
-0.00572783654328801
0.0188544070138064
-0.00349062665524169
-0.0106053950894216
0.024153648679361
0.013601468000787
0.000926535193481293
0.0165552460656668
-0.000618563169898056
-0.0012683611141926
-0.00136327201843756
-0.0037785872198961
-0.00874337352066901
-0.0205416460539347
0.00851386120992137
-0.00204246980235201
0.00275291301926517
0.00627359003194838
0.0182346067402306
0.00283729392568643
0.0109318310122084
0.00108736965875234
0.00790342573961755
-0.00724351760641073
0.0110282048050516
-0.0109764802490648
0.0206384619421436
0.00626220465236904
-0.00344516589715749
0.0360454951533584
-0.00206270692316823
0.00844113698883353
0.00608713980940156
-0.00897668659067774
-0.0382859562032432
-0.00757845598765994
-0.0292812629607258
0.00247560851061657
0.00340638020112038
0.0130536718562717
-0.0296571918549988
-0.0162100993476475
-0.00497053367420408
-0.0352227027621135
-0.00388757063064671
0.0117647646780232
-0.0147223923859769
-0.00450954693137118
-0.0134120275635929
0.0068605410471152
0.0139294151858516
0.013735052777414
0.00713442058848224
0.0158801721177906
-0.0192984553600188
0.00938943684485083
0.000334414293604146
0.00367124920441064
-0.005767726988259
-0.000734681541351589
-0.0218748894923597
0.00906134337868969
-0.00288175303240168
0.00476855355056727
-0.00402717767062977
0.00672082738283653
0.0102777388704418
-0.0175855409657359
0.0133273285311879
-0.00716836917969799
-0.00985280090998852
-0.00858682714724912
0.0256150125698282
0.0173369878678415
0.00743789361153446
0.00119624645494265
-0.00848287408729043
-0.00720102984329962
0.00982854106823372
0.0127054238610347
-0.0217305328472355
0.00836548321173081
-0.00272159896000335
0.00639683633570298
-0.0130424661345092
-0.00454900063105357
0.0134175838300925
3.27177309562554e-05
-0.00966117884556184
-0.0073135147513379
-0.0202780015999242
0.0244831352690666
0.00228810812443347
-0.00896407932884791
-0.0120389372306324
-0.00752469815496104
-0.0101987041066667
-0.0158051428545674
0.00420831449454218
0.00359221037518043
0.0122833920530625
0.00906566739522452
-0.000732513680987257
0.00619484084212152
0.0269352026363943
0.0183370016502742
-0.0114100600362252
0.00498665884984839
0.00254055038830647
-0.015426806362328
0.0174202241762398
-0.0213906897894278
-0.0198232624642434
0.00986445165657823
-0.00974161765125148
-0.0159264929639613
-0.00482031347484391
-0.00261520071674548
-0.0122244874487569
0.0160767179358086
-0.000238147188039495
-0.0202595581778811
0.0177961717949506
-0.00994076362758967
-0.0382293911754157
0.00410039825387387
-0.0116916730023331
-0.002572930418824
-0.0166061618848317
-0.00930127004772974
-0.00100265200099381
0.00723115392990792
-0.00125448959793273
-0.0102181560903014
-0.000972740399011629
-0.00770555755487257
0.00528847998558213
0.003809936237547
-0.00295510219544504
0.0153435365571655
-0.00666048745342129
0.00388361316831887
0.0135287416052683
0.0181881012884584
0.0102538523118973
-0.00775964283510566
0.0126947424510293
-0.0070374711913006
0.00183393458454506
-0.00209984693529197
-0.0210526060001797
0.0121834488632599
0.000809484910039737
0.00492732446197519
0.0175032163510487
0.00617956621459026
-0.0151920610014786
-0.0151022600154249
0.0347161974602979
-0.00272669162898098
0.0138395876837878
-0.0161808253422713
0.0162768763528487
-0.0333450805745521
-0.005118237726077
0.00566615127502601
-0.0110768596595194
0.0117164342120419
-0.0119776668823701
0.00533072763900022
-0.00943198915933086
0.00747410995762365
0.0106422024287061
0.00106677539150768
-0.0198946541535501
0.0107622938762302
-0.0173498945520503
0.00570664883929739
0.00952472048887687
-0.0108558642796639
-0.000805914000479024
-0.00933456229480756
0.00139813027674718
0.00247680958531205
-0.0132249636811783
-0.00651495381528111
0.020753693858879
-0.00386356679288102
-0.0246930120623523
-0.0130503139498939
-0.016843833200348
0.00310235615590804
0.0148110073073116
-0.0173232933574787
-0.018571517534002
0.00855613819705447
0.000673200248826999
-0.00677468665812686
0.000223053227150993
0.018425992090263
-0.00472240019873915
-0.00593383817197779
0.0128241106839329
0.01030279177979
0.0209283825431845
-0.0187281721643449
-0.00547350450371509
0.0146594296089935
0.00946227735399541
-0.00945714741291326
-0.00656817607382143
0.00572339691137125
0.00455058947039655
-0.014892422754333
-0.0094537919367399
-0.00952224929667933
-0.011250616053647
0.00550908413256623
0.0117429352963567
0.00651924523444047
0.0113696238837788
-0.0140212010410257
-0.0191306094981893
-0.00517685640450782
-0.00173581381044219
0.00706599338192282
-0.00488463830139052
0.00706643960014075
-0.00524046794286548
0.000441009742158105
0.0115336066125136
-0.0142272470525771
0.000404221454681775
0.00217969000844387
0.000612541139902945
-0.0121286181930662
-0.00336143183750881
0.000232579062794613
-0.0028689386641596
-0.0126933525834918
0.00343081909298859
0.00541981454014162
0.00482717206614014
0.00549047608057007
0.00860765531711238
0.00539873140818181
-0.0122609590702325
-0.00390667524493016
0.00924931939537355
-0.00507223160692405
0.0350397058596974
0.000428876525412125
0.000978473381218148
-0.01595998092076
-0.0049925838850875
-0.0130240520530485
0.0082685149480124
0.0205205396216548
0.0082128968972528
-0.0199221283192967
0.0135537097967253
-0.00598810357302448
0.000657564449295656
0.012514756824141
-0.00903955356212593
-0.00154902109508881
0.0178179370349474
-0.00284848804496862
0.00108318623289616
0.00576248596855633
0.0192326912290095
0.00368234890625052
0.00400391110053322
-8.23731442229914e-05
0.00117640874515157
0.00694293366109333
-0.00349932039677103
0.00688922811260317
0.0101376415748085
0.00556343813422711
-0.00112837587585468
0.00631498474025283
0.00011562082483163
0.0152692884000094
-0.00422626103081791
0.00957005674716882
0.0141764359141721
0.00393568565036473
0.0113160837874806
-0.00419053650333212
-0.00602801234243566
-0.00539864970340664
-0.000916792475177175
-0.0246380502177994
0.0233422439878759
0.013086674631575
-0.00719830371030161
0.0135955606034772
-0.00342674121698416
-0.0249780890305011
-0.0144834283845436
0.00198196724641164
-0.0144037199692633
0.000312124948669279
-0.0063191103730984
-0.0313656601493733
-0.00105701421521642
-0.00895106860646533
0.0012193466177699
0.0178570618016596
-0.0116259733474842
0.000141819981161362
0.0204828886930155
0.00507762868700778
-0.0242858134127053
-0.000983534113792928
-0.0177398550110455
-0.00976079157170684
-0.00777307838457864
-0.0161778465019218
0.0134997328869331
-0.0147175078679302
0.0123203705802379
-0.0110342629041491
0.0185074041188518
0.00783074248727944
0.00272613898903407
0.00984829330203096
0.0202719951232551
0.0127209953331853
0.00567160968750091
-0.0192609315272687
-0.0297447500978461
-0.00918006699770335
0.00869612319204172
-0.00417822578867066
0.00297846726982232
-0.016800706843092
-0.0257403661656834
0.00377313837915616
-0.00164823457264029
-0.00989447242923003
-0.00269594216392566
-0.0131746457275852
-0.0126951297867444
0.00647190820725796
-0.00134207543713383
-0.00932844818954681
-0.0165414079622814
0.00459402051841873
0.0263887431849148
0.0157062300494726
0.0110892021767528
-0.00380860561634222
0.0274306684017844
0.0159436263785826
0.0126062905453299
-0.00495905473762348
-0.0219461698125998
0.00303425316559469
0.00249545043531252
-0.00643069857108891
0.00373412531100326
-0.0164733096621328
0.00873943161080537
0.00695611314201039
0.000870394138349884
0.00753401996328362
0.00369863120332758
0.00835532516227433
0.00689541141740313
0.000437769254697518
-0.0156193881398941
0.00196155417708521
0.00246006963909684
0.0125977239130042
0.00627012943667693
-0.00691299372704712
-0.00400608291207205
-0.00184672423028398
-0.00808594763205317
0.00383664080304191
0.0119013896374738
-0.0265422233505292
0.000439071714218642
-0.0023969799310104
0.00563361601835277
-0.00237869394849444
-0.00482067590857715
-0.00606727322554756
-0.00800503721507195
-0.00117995326602838
0.00778496582236987
-0.00429841554096599
0.0193410436702115
-0.00258100637739656
0.00351938611956415
0.0264000330389731
0.0109884189360472
-0.015168115530303
0.0118127925742739
0.029552222832681
0.00858804703082283
0.0124694856709489
-0.00279077566520991
0.0145245605441593
0.00206729159341457
0.00583877745621209
0.011835003207264
-0.00947623009350451
-0.00776751895910888
-0.00386365483499729
0.0132422088728463
-0.00392503171719238
-0.00718804008200991
0.0274611394160078
-0.00300092339351488
-0.00371964141964942
-0.000109674104333823
0.00209077026107818
0.0039768774843103
0.0100616219000746
-0.0109019111784974
0.0084705815438717
0.00328773492893553
0.0102837056637317
0.00731993770440509
0.000865569711649083
0.00354545086547398
0.00691019225431999
-0.00844656885750728
-0.00856580285444597
-0.0148361290726065
0.0125724443750785
0.013255024812963
-0.00797052515640329
-0.0134944282623091
0.00163003457804045
-0.00243195008920338
-0.00844331701806467
-0.00812368259358065
0.0151222412701977
0.00303656055631962
0.00542427578196958
-0.00056546279805092
-0.0115777763551375
-0.00569737046817709
-0.0148507582729955
0.0223794480064028
0.0045247384020044
0.0040350971682479
-0.0108858313528224
-0.0011496482898421
-0.0297722579159483
-0.00544990693097924
0.00102635666818629
0.00667288873033312
0.00718941232536818
0.00981150415511611
-0.00528337214866337
0.016929726281719
0.033060529929037
-0.0065412839838197
-0.0120639186311282
0.00568642039060463
0.00916450497648325
0.00442098642483724
0.0215335396187033
-0.00939798440455197
-0.0127389359188328
-0.00172132182211193
-0.00844745798374635
0.00320262978099795
-0.00791886465734581
-0.00175511848362064
0.0123425714115091
-0.00725431204346494
-0.00581130773768179
0.00286314568583212
0.00296208125201058
-0.0136722737811406
0.0111634994837375
0.0201652091800899
-0.0394283712776682
0.00582090859558848
0.00948792526056175
-0.011680545796787
0.0261175806194887
-0.0158104770380656
-0.0085636611497697
0.00164944435416592
0.00770989379029463
-0.00702524940867288
-0.00848941531129865
0.00120565080516588
0.00444396134625258
0.00466327934193012
0.00902053299821337
-0.00952763449343674
0.00570869857608014
0.0234007976259687
-0.0123262528446997
-0.0177646862864622
-0.00435339749548325
0.0125830991527123
-0.00775209868939619
0.0187888763479935
0.0238639343228511
-0.000359174066297374
0.00345786309219887
-0.0154162934191047
2.94293495701758e-05
-0.00970664378354691
0.00203109089431952
0.00514936172034952
-0.0200106891598155
-0.00739155864666463
0.00709659573658694
0.00953266727847613
0.0274637526920822
-0.0119754654126567
0.0423245288063789
-0.020184769023315
0.0257380970253058
0.00803445684980431
-0.013381189929798
0.00744383289062611
-0.0193360380344045
0.0131199741870776
0.00398116879457655
-0.0127452052761665
0.00410932714429402
-0.0119477145186933
-0.00857940740396312
0.0254134868560161
-0.003430402302113
-0.00648825599733183
-0.0071096974331073
-0.00847479997490863
-0.00605587131179619
-0.00731268703225152
-0.00659753204618907
-0.0161393198386526
0.0014377669118173
0.0078625646709054
0.00254494183394249
0.0157712207678959
-0.00470182649988748
-0.00062950657034766
-0.0378613805597596
-0.0149740484542984
0.0129179494659222
-0.000872171023670543
-0.002403237800507
0.00788184253928326
-0.000708957859311798
-0.0178893792008379
-0.00150954169049555
0.0157511027772348
-0.0110262810193209
-0.0202984743486274
0.0199404503531901
0.0134919466779087
0.00332414389792612
-0.00771856355134126
-0.0137899374156847
0.00136397497523988
0.0164057102901403
-0.0151254008316757
0.000553471238685432
-0.0010709926502761
0.00817087801129124
-3.30282641445301e-05
0.00590100250875514
0.0139742298834582
0.0247559769562338
-0.00592926737488697
-0.00678595543548854
-0.01122352919475
0.00352281924128084
0.00791012361798438
-0.00094034563149159
0.004806782265385
-0.00868367132737879
-0.0242299618747177
-0.01101734194242
0.0101151380643909
0.00581115926103881
0.0145042571131264
-0.00641296093314314
0.00891937804285736
-0.00275840689619011
0.0148384363023972
0.00710581375724573
-0.00158968629773071
-0.0178579185015879
-0.0103312196110295
-0.00744960189842159
-0.0232191937559734
-0.00650734440637457
-0.00592020686287897
0.0150358343058923
0.00145293527173718
0.0027794170014217
0.0150263637580093
0.026107777414879
-0.00626398127503025
-0.0167159974366462
-0.000578203033811731
0.00733240458079321
-0.00295761500130776
-0.0192496406515708
-0.0156685120826909
-0.00286149676814662
0.00931358237589697
0.0074591381729221
-0.0118110573735668
-0.00377233378771802
-0.000574476105801747
0.0042486339613661
0.000747743447500504
0.00686598930679128
0.00039785761732114
0.0179950411540386
0.006174304562095
-0.0316300412607848
0.0110867866639035
0.022476083186826
-0.0200019553778741
-0.0050885511454748
-0.00440777833662609
-0.0226256620935095
-0.00881614666402442
0.00824020807931469
-0.0235417595260987
0.0359019528588018
-0.0187994447339408
-0.00442206333665385
-0.00503940517205415
-0.0222379835679587
-0.00588975723508223
0.00805645093895668
0.00477227153439719
-0.0129927397749294
0.0149322353192096
-0.00158845904634264
-0.0125615404968935
6.24946866627507e-05
0.0168183151131733
-0.000122005953778537
0.0142783703265086
-0.0158905285534934
-0.0152624973962765
-0.0221870285018857
-0.00467317354065044
0.00174367874773429
-0.00128938241911358
-0.0250377897116945
0.00465967529345956
-0.00531442773738133
0.00255250783785499
-0.00470913931741412
0.0188005078120284
0.00249833909287389
-0.0202053282084798
-0.00458183338571616
0.000984383524827992
-0.0249607251555504
0.0269652231362625
0.00616534330378204
0.0044722436643565
0.0276084264720446
0.00162407745270787
-0.00490102784023816
0.0127931874416911
0.0170316786456883
-0.0181632715105202
0.000628043485118468
-0.00685503058632153
0.0228045553125245
0.00509637247200745
0.00241847268944739
-0.00513826439712051
-0.00942340662974428
0.00498114075100387
-0.0249622456735885
-0.0112772266983021
-0.0149770163392056
0.00821026023107541
0.00577306197805139
-0.00325592389342555
-0.00841253203954118
0.00416591188427229
0.00428671128410452
0.0299560091976259
0.0152679073642958
0.0153660263782034
-0.00264118858777218
0.0195115656018696
0.0127369959286823
-0.00724555665679638
-0.00824848819756996
-0.00710698638152674
-0.00932253204107192
-0.0166569794028053
-0.0099895194020525
0.00127153185147244
0.0156179029133741
0.0132300979692013
0.00861967804258801
0.00884451536859121
-0.00887586720637223
0.0154125810115169
-0.00294329808987026
-0.00101934247099655
-0.0136532592083953
0.0200257401551185
-0.000842688128223523
0.0101328909076746
0.0268193512876844
-0.0166521956546477
-0.000787958475911621
-0.00817934349481697
-0.00813439460205867
0.00520199402880106
0.00169440739281357
0.00652521372630233
-0.0280972060898337
-2.02343277606598e-05
0.00203154597196709
-0.00692888443484341
-0.00920907538759796
0.00150190710838594
-0.00701165040335772
0.0184976967054067
0.0106785488669447
0.00132245796343455
0.0279223277971004
-0.0324979395039451
0.00707830617835192
-0.0201703178481798
0.00609325721778853
0.018544052626486
0.00979182489507169
-0.0119875255543045
-0.00109706113320485
0.00631721950511466
-0.00320789161548052
-0.000764945405968165
-0.0118031191639247
0.00294260567835969
-0.00910728068372268
0.00208366141258631
-0.00603552744743818
-0.00348032283915067
-0.00422796640811574
-0.00286407161439906
-0.0353096876996317
0.0169214338809374
-0.0207924913564455
-0.00476273825362727
0.00281422598512671
-0.0116167669890412
0.018571441881807
0.00657257736824546
-0.00582262498116282
-0.0124385198566299
-0.0144174228669316
0.0118530827400622
-0.013933089891295
-0.00680567034611479
-0.0126500589173995
-0.0114382791419274
0.00613194408224427
-0.00850488674287453
-0.0109224757564581
0.0107873249087929
0.00713442135001641
-0.0243501291680914
0.00906694245063533
-0.0110731607650967
-0.0147306818588859
-0.00189717224716679
0.000507801089468796
0.00657401539461233
-0.00862957073835702
-0.0152453274315776
0.00353259435725084
-0.0116232828590546
0.000604008624220498
-0.00225272939063537
-0.00505297444328812
-0.00416305331070577
-0.000384137666507911
-0.0567799383758616
-0.013210269499208
-0.0253198147819975
-0.0104680127330021
-0.0138398236611541
-0.00371620445566467
-0.00446547963894961
0.0367167839508504
-0.0110529097722778
-0.00602185375003272
0.0146878301419051
0.0130048648987537
0.0210544409502389
-0.00658231359919847
0.00828639234589001
0.0066121316358474
0.00999847309671842
0.0155604983009838
0.00993105309227493
-0.0077400323678658
0.0460279057094695
0.00555200992926363
-0.0136425619277121
-0.00410317652298087
-0.0231112618189493
-0.0356849722005688
-0.0243373274661911
0.0139794873120642
-0.00530144288701972
-0.0158931524725363
-0.0122453959124225
-0.00518949546827008
-0.00541253396730301
0.00055657791612318
-0.0217266916604046
-0.00935450461182841
0.0130613678902065
0.00929646203197398
-0.0159885725576643
0.0191223787912671
-0.0509472095406647
0.008238731112308
0.00804682097491183
-0.022947154749025
0.00422604133546844
-0.00485656765576881
-0.0207251313568377
0.000480839854241966
-0.00149057697882826
-0.00433454861252303
-0.0244376153324382
-0.0340270777543348
0.0067545446225874
0.0051600280256705
0.00744876680236595
0.00048686107563789
-0.00204186601513756
-0.00255734784451289
-0.00477967638292753
-0.0158552766119449
0.00762576917406887
-0.00326451096307845
-0.00511816890478944
0.0153746303410522
-0.0179141496181294
-0.00487889416897147
0.0015106286801343
-0.00159947193658994
-7.33060449769063e-05
-0.0114494890472474
-0.0201717335901961
0.00324970899648891
0.000979444369729299
0.0072918290556252
-0.0132602615449124
-0.0276002365127044
0.0116221861139858
-0.0179997784706547
-0.0049364801899745
-0.0100622883621031
-0.00648731305712191
0.00287368763712559
-0.00298732813207492
0.0209767599944697
-0.00359707189370417
0.00617543000440657
0.00269428400150562
-0.0179975473966882
0.0103360495958942
0.00279307259459527
0.00983257609396149
-0.0134641265057847
0.00925202227642696
-0.0143794749566126
0.00329546392675328
-0.00608780708460488
-0.0097168127685785
0.0185990983169602
-0.00223832353982933
0.016683065391724
0.0132672396398734
-0.0217037444377599
-0.00374228227991114
0.00325793290750975
0.0130758482364932
0.000961563419163758
0.00174804678927742
0.0224411124858777
0.0069371343866329
-0.0188165651297587
-0.00131087055796786
0.00339492464354652
0.00427647209286697
-0.0138626212433026
0.000320957368444841
0.00812570180661387
-0.0173726996614132
-0.0110575518070197
-0.00725589249307701
0.00950351295820262
-0.00973989595927982
-0.0018105237012811
0.0162868650546533
-0.00502665103630062
0.0111621072417694
-0.0167414208799621
0.0110177363458277
-0.00816906985014465
0.0048999034592081
-0.0103117715106809
0.0276779272597421
-0.0134530466439671
0.0309486970221002
0.00394788399784285
-0.0120454416146623
0.00805685661155842
-0.00597785521763772
-0.0100730975211352
0.00249937651743748
-0.017804669155717
-0.0146352661642357
-0.019883690296749
-0.0151708968644642
-0.00189416979105461
-0.0119802374481699
0.0105634441623181
-0.00597093811775684
-0.00613816724808891
0.00673200833463095
-0.00941432818694943
0.00152092346024846
-0.00303974275179786
-0.00886012848364226
-0.0121263470779642
0.00489907667045575
0.00624453854642004
-0.000379478190539073
-0.0159276618735962
-0.00247870377114623
-0.0033893949115622
-0.0178779517291339
0.0099371156991066
0.0120454358339925
0.000378677998851051
0.0134519472389698
0.0042453962367901
-0.00497374834721476
-0.00076837472115221
-0.000832988022091641
0.00145871491479665
-0.000776983498073758
0.0121556073765194
-0.00191019897395983
0.00698665220772687
0.00748045156444643
0.0127501671971622
-0.0216334044783655
0.00502922692753782
0.00811419408922909
-0.0131982906617623
-0.00482198863738859
0.00353818076659462
0.0160196631675584
-0.00215314527660215
-0.0091121106217793
-0.00870156819684165
0.0239277300315706
-0.0147282390381764
0.00162916415127246
0.0119842616403343
-0.00679995769554598
-0.0104086534473258
0.00821458355406612
0.0226754117077739
0.0176331988514984
-0.0107054027175204
-0.0192160458903303
0.00486313971455465
0.0125446887617648
-0.00668516548206011
-0.0104968471628299
-0.00432958716094567
-0.00206802046781918
0.00239860037111739
-0.00697078720680899
-0.0246559104329995
0.00750042562449504
-0.00464892131162786
0.0260337572562734
-0.00767400901877391
0.00413939739208624
-0.00662443696455051
0.00718704762767386
-0.0109789473372168
0.00947886453299462
-0.00829382262947087
-0.0118648326973743
0.000423879479064304
-0.0153672850122684
0.0162375968563233
-0.0179190185890161
-0.00338974885950116
-0.00281238748398893
0.0225800948920221
-0.0205225115089986
0.00784926089838867
-0.0034127895360021
0.0106515127345888
0.0117658597073982
0.00490271716543322
0.000219439039206071
-0.00403463491276668
0.00205307980034553
0.00664561216401571
0.0002823804145482
-0.00975723218873759
-0.0129872946733014
-0.0156318473294113
-0.00331495029860962
-0.00564815171783417
0.0216365708419772
0.00181927041068142
0.0112507899722658
-0.0155107530235212
0.00200028192961832
-0.00671125336954637
0.00439773545930877
-0.0228824933054457
0.00608230969359758
-0.00264255870321528
-0.0119292004197398
0.00237495261935061
-0.00446252705629613
0.00486364869171219
-0.00171691316640898
0.00681695125744275
-0.0017016284651139
-0.00256544813178339
-0.0116398540116474
0.00734356227258304
0.0182379558732935
-0.00773773219092511
0.00981870820348441
-0.00535663840369183
0.00910615559984218
-0.0177244225190081
0.0173072989408007
-0.00982288863395642
-0.00970066279093462
0.00253459139763468
0.01088248579308
-0.00395447671768201
0.00827046131356535
0.0116794589346771
0.0153099245723496
0.0063663383717123
-0.00361668573431784
-0.00558406729808913
-0.011719970727512
-0.00413775662003113
0.0116158422552566
-0.0051764094725002
0.00202157685872706
-0.00371987268803275
-0.0193068819406799
-0.0182165920589854
0.00450737844003868
0.00829514253510988
-0.00248520958096687
0.00620756962231805
0.0164454704608641
0.000548511690410036
0.00291558797139357
0.0130968206227349
-0.0154409853165534
0.00872671961703353
-0.00291786743660616
-0.00206642575428173
-0.00267183651047564
0.00793401224880586
-0.0143131154987388
0.0181152245893768
0.00379282887337751
0.00746571084386427
0.0053864218797357
-0.00281306996709652
0.00146842950344128
0.00720917550339673
-0.00827190959507229
-0.00182642380548326
0.00513993585089212
0.00233956763133558
-0.00434304442579214
-0.00528625603341637
0.0147666044503998
0.013624762867958
0.00521277264549846
-0.00339667859338233
-0.00404399858788329
-0.0125675913564745
-0.0166052094987317
-0.00514626835907417
-0.0127853819966972
-0.00340044891402336
-0.0149833361438461
0.00695608292317362
0.0142706315232859
-0.00150090980203355
0.00584920837400427
-0.00204552326288265
-0.0099994692816594
-0.00359814638380684
0.00894856392533461
0.0141084163615499
-0.0149184884843359
-0.0162605326097924
-0.0090680614634131
-0.00341818858890153
0.0156664806654965
-0.00137303666290545
-0.00207334087865774
-0.008747873807186
0.00175482796579174
0.0145344466025494
-0.0113843428538616
-0.0220084341887572
-0.00439383524957715
0.00466601904868469
-0.00889750682684687
-0.00795463814295871
-0.0093388842197708
0.00440645511523163
-0.00237590697325296
0.0132349496958557
-0.00730421311790685
-0.0031030089972075
-0.00874911283653246
-0.00451020395524493
0.0058714882700408
0.022651489575896
-0.00480642440791246
-0.00373218809563847
0.0273097841929506
-0.010831561981508
-0.00812559708639427
0.00329511043264863
-0.0110109457044603
0.00505873553536618
-0.0105862557214094
-0.00288919023415346
0.008087952872041
-0.0159850377083481
0.0179886281113681
0.022763533449057
-0.00662881786853187
-0.0160109309058518
0.00543074261825449
0.00468788360227879
0.0153834943375748
-0.00261494731734935
0.0181059339011709
-0.00802364668941546
-0.0111668760661074
-0.000209258050700045
-0.000908412758809263
0.0149615640063707
-0.00619348030872535
-0.00523226476429484
0.00132142447136907
-0.0147331294166577
0.0112124264075451
-0.00374008546902882
0.00348613682082943
-0.0159660135662398
-0.00384864824064501
-0.000179149474790696
0.00382753201792507
-0.010315412259851
0.0131526464154867
-0.0191188824025645
-0.000561283011067282
0.00278814564994834
-0.0152826444359806
0.00388151332094067
0.00977072346637997
-0.00975079831542347
0.0053392496102358
0.00991571097849064
-0.00380773747472185
0.00328324826655679
-0.00267053648318338
-0.00554717423647832
0.00341456680122487
0.0201923902507608
0.00237269616873936
0.0272081345000363
-0.000254710592556995
0.00260891639013217
0.0129068190484305
0.00020523063252309
0.013451156114356
-0.00484052403544188
-0.000597271755262918
0.000771440309227156
0.0157288479999342
0.0212363583950175
-0.00540106329596379
-0.0184066937360092
-0.00275926049001529
-0.00346841004185849
-0.00195013239447661
0.000254414576243089
-0.00952816543508694
0.00124174733930449
0.0124116106946306
-0.00837976423897913
0.0186747505746652
0.000463086236539567
0.00840827853204473
0.00542746580242737
0.000712678262693167
0.00697140406692154
-0.00856525722619761
-0.0202690810827708
-0.00146299224985103
0.00234436006781857
0.0189863122307441
0.000603139030851185
0.00103702443855802
0.00575364088226116
0.00373797815414267
-0.00598330213521181
0.0109032479348856
0.00160490950102554
-0.0114895891332072
-0.000118399997929286
-0.0190613811052887
-0.0232489421641611
-0.00601620208617271
0.00846844868669994
0.00583974315121338
0.00132251099279879
0.00153714661967541
-0.000515246242340339
0.00167895429542031
-0.00789101582108431
-0.0106094995339063
-0.0113141195802189
0.0247760180535574
-0.0128065054625954
0.0233123450705854
-0.00671240628266356
0.00631966007959472
0.00319336200591236
-0.00204845107579166
-0.00759167068624222
0.0133163635396976
-0.00636388445276137
-0.0256757504494622
-0.00639781004485007
-0.000738382421024975
0.0061383915507045
0.000147174756830459
0.00664576240672021
0.00888799439763388
-0.0125949432192431
0.00259286344763066
0.00570756829034047
-0.00305056783344226
-0.0160189074647357
-0.00532960883565003
0.000814462455501541
-0.00991048772168268
-0.00200010020170382
-0.00118061921249035
0.0192981128511036
-0.00542360307934242
-0.00483602272686157
0.00773497379738886
-0.0106756664222234
-0.00388349678076527
0.0193975990890536
-0.0177630455280577
0.0124479366858585
-0.000526884222781909
0.00928786873572141
0.00159514540841355
-0.0109041773237561
-0.0123406935628483
-0.014149788509237
-0.0281381813497721
-0.0255308279123132
-0.0099837290258955
-0.00590144056298403
0.00947556248826698
-0.0228180911875047
0.00992109978014821
-0.00062018756726423
0.00760880265827435
-0.00977038988290202
-0.010442506725749
0.00607351893731867
-0.00673944346383326
0.0127205573214941
-0.00151744197689441
0.00737504351442397
-0.00597079014470814
-0.013340191439007
0.0178129050156923
0.00610560898474666
-8.75399188027259e-06
-0.000249473735059347
0.0131599134188871
0.000103142304190396
-0.0143662340199953
-0.0154016222231264
1.2811252331657e-05
-0.0072146635438024
-0.0108709988846356
0.0189661557404777
0.0011724808057596
-0.015733696720613
0.00307320331268413
-0.00904390828435253
0.0130254901563918
-0.00482434791633901
0.0194857760275864
0.0193593872089934
-0.000511506233370707
0.000805480002010084
0.0137289258897111
-0.0148880786076064
0.00455554452645202
-0.0101369695608737
0.00670660373397558
0.0124271441676198
-0.00232562022877492
-0.0150234624989376
-0.0120444817840315
0.00941488814887181
-0.00866307451592996
0.00736824900716382
0.00508990548860044
0.0435808218586908
-0.0187321910859963
0.0107632455632571
-0.0138358297815211
0.00549617457587592
0.000947879773052662
-0.0217372446800272
-0.00133331112150015
0.00520622552893646
0.000253535811091776
0.0511020793351213
0.00572274890644353
0.00737000958322431
-0.00659308072419784
-0.0126266146307357
-0.00421631287806679
0.0176513208508793
-0.00370989201602812
-0.000790575662453552
0.0102387564567614
0.000412934562906475
0.0127453889141182
0.00451916975578381
0.00873233034452414
0.00837023310514939
-0.000375576021904633
-0.0121207387283389
-0.0186439074276339
0.00346789216327914
-0.00417103891761395
-0.00875894085576601
-0.00827581153821511
-0.00299745519922023
-0.0023231777346302
0.00472664628354491
0.00491140957974556
-0.0173637888447922
0.00485313952834043
0.00188582417106109
0.00867030059240959
0.00743570189461229
-0.00643021759264273
0.00874778123861075
-0.00117791147887036
0.0120707495448307
0.00529419673037079
0.0054354644916641
-0.00725985771922644
0.00110071536645195
-0.00602632370924772
-0.00453334117134396
-0.0132864011902751
0.00847259238941067
-0.00539132427524036
-0.0171746524880076
-0.00521438925375017
0.00625655079891141
0.0130894243315254
0.0113218043061849
0.003039928435844
-0.000696159709160593
-0.000924666542131858
-0.0116680242421183
0.0155684167002808
-0.00309725474409617
0.00140067526209831
-0.00887184455967782
-0.0414236682965319
-0.00258208749188249
-0.0123060552941821
-0.00300007066628272
0.032199330098815
-0.00714120422009534
-0.00117790386610794
-0.0298486195626841
0.00320281830669056
0.00915224568047956
0.0191031839151721
-0.00519601757704891
0.00774870970398567
-0.00932979970545889
-0.0336800202498062
0.00699819492306597
-0.00542245086578674
0.0322639259293354
0.0160323488636767
0.0131855116389823
0.0086605045766095
-0.00310056985525442
-0.00688224444192942
-0.0132321664844173
-0.00280080183478093
-0.01551819543537
0.00401639151695865
-0.0113894889552635
0.00293414179742424
0.000868622349657233
0.000980194704141679
-0.00156863008534547
-0.00346821297863786
-0.0183298401751142
-0.00422218231620675
-0.00974131457397109
-0.0185916904512933
0.00624658766545383
-0.0218149699158101
-0.0215954806223324
0.0168107012339584
-0.00375326486555361
0.00174882555828582
0.0038591548137894
0.0179303715854133
0.00756963508877728
-0.00288741180071339
-0.00717172849182335
-0.00265621173429342
-0.0088284079639025
0.00973025242088288
0.0176747555170689
0.00709690182870348
-0.00408659590621552
0.0113418069791786
-0.00652652429706357
0.00278537075083674
-0.000701605105396519
-7.56295472010837e-05
-0.00543454878589378
-0.00529010010433462
-0.0036804726166193
-0.00849191099946456
-0.00198085138944459
0.0199939159126372
0.0121250363168586
0.0022143673122621
-0.00414211220143113
0.000613988578189728
0.0181620983014772
0.0107512838237214
0.00794881004514503
-0.00630057000516837
0.0157673035102071
-0.00772574906187495
-0.00444723125119983
-0.0238861300742168
-0.00522623454184457
-0.0178074992512958
0.00368531050011156
0.00532249482695701
0.0159417480977688
-0.0029329058020473
-0.00352574103796743
0.00202451798327163
0.0128226583679021
0.0163289496665895
-0.019373913432555
-0.00585927622057403
-0.00787658544961856
0.00991469690101754
0.00110915267264522
0.0171789108756619
0.00251231983075462
0.00774425709978632
-0.00394457443330332
-0.0184994112922596
-0.0157072415808268
-0.00389047628779382
0.0226224806074371
0.0236727380064505
0.00558246479177882
-0.00104043595523118
-0.00273279846611918
0.00516405896615302
-0.0226922332215904
-0.0118580594185571
0.0354848548128168
0.0128356199068542
-0.0121596292200667
-0.0142486415904386
-0.0238981432628591
0.0151239974080168
-0.0183292623720512
-0.00819364010739765
-0.0116795048096361
-0.0171502843100784
-0.000893651693741893
-0.0260584413908127
-0.00214489474780843
0.00466764073983894
0.00838231754831531
0.00684105939786117
-0.0129433905706309
-0.00733952159099482
0.0305054688870363
0.00934809801423708
-0.0242082015779226
-0.00361663899564513
-0.00770793789061974
-0.00222535123004008
2.16397891916742e-06
-0.0252835361631143
-0.0138886206120037
0.00507867172634135
0.00791429896650531
-0.0117480242534223
0.00614882270812345
-0.00612044420214719
-0.00891227099988323
0.0422331358701979
-0.00011402983536879
0.0116137744360245
0.010271725627145
-0.0034984616850986
0.000606971401200695
0.0116542147579366
-0.0137149558092382
0.00890131150427886
-0.0101024886036232
-0.00541622048374157
-0.0160587460616159
-0.0107697267132454
-0.00326220908882346
0.00249408812303087
0.0187487257323542
0.0111900221236201
-0.010689722866402
0.0186344980553093
-0.00509224794349761
0.00366078795913194
-0.00948313197697059
0.000163356270159731
-0.00610317373274238
-0.0183704264438811
0.0132495358912534
0.00247569205098186
0.0102407404087046
0.00951880081059397
-0.00811085966451364
-0.018005299473395
-0.00845254009375718
-0.0235150114815164
-0.00608690305147142
-0.00104046134468039
0.0160146451120124
-0.0041201649612963
0.00528601874695656
-0.00989748184204342
-0.0191906950997944
-0.0124269274394639
-0.00206016670555531
0.00800125630246007
0.00478156206561264
0.0148374309755703
-0.0113492268356241
-0.00273151923981363
0.00748518850796898
-0.00829961181591066
0.0261627077203583
-0.00986631562725715
-0.000911031064803947
-0.0122308634612227
-0.0176806325203331
0.0093509110122314
-0.00326177495908109
-0.0175495932980423
0.00104744247567146
0.00623817222800715
0.0142916511666156
-0.014909529766483
-0.0077037387299872
-0.00541748834699129
0.00219203375822397
0.00866785948101922
0.0111012460041
0.00633900715101698
0.0131075961313991
-0.0189684409422264
-0.0089615606138278
0.0165014125561391
-0.0141520025054478
-0.00257288300331671
0.013082979253312
-0.0044271853776352
0.00967119345616907
-0.0184525666853723
-0.000141871568958285
-0.00575652283062555
0.0273396526979697
-0.00934632292394699
-0.014981384790238
-0.000372507148743928
-0.00149417935762708
0.0100994279555409
-0.00170308433438038
0.0191496272545981
-0.00847055384647044
-0.0095872822029448
-0.00550540961985702
-0.0238317243088857
0.0109254674244545
0.0112724821187309
-0.0106391503416132
-0.00457518287172931
0.0102016039498865
0.00932250503008292
0.00235883434818107
0.00332169676944782
-0.00348239698605401
-0.00460679195565206
0.0163586904702075
0.0102560897543538
0.0014820485330016
-0.010677266876018
0.00761596766539285
-0.0147711054775947
-0.00789496529569522
-0.00344239654895917
0.00387077681955428
-0.0125619217569191
0.0151859326684554
0.00256379803151585
0.00572864714979326
0.010047400577305
-0.0233190830641372
-0.00339473456583561
-0.00611492827197435
0.00350634034950481
-0.0117791929187692
-0.00669976411207318
-0.00142462841286872
-0.00307422968761273
-0.0151913695608201
0.00776266999345676
-0.0289561306135853
0.00073851094977484
-0.00442647032928978
0.00174281224365891
-0.010216352513851
-0.0175960924285503
0.0130366476450854
-0.000902419611644945
0.00570141015723369
0.0263536294727311
0.0164778313750888
0.0126695181463656
-0.0184410767349927
-0.0105538627388237
0.00438307183938114
-0.0200428215865693
-0.00911113414908593
0.00218682056982944
0.00696665396348606
-0.00223246493291818
-0.0119494161768361
-0.0124170499757619
0.000700204648418135
-0.0060830816513513
0.0107443306159276
-0.00452315266724423
0.0186436395527312
-0.0166012123817896
0.0167687444570477
-0.0230494827029686
-0.0112591722111699
-0.00147658408325513
-0.0108296466138444
0.000794515250598149
0.000637213964573613
-0.0153136843173267
0.00212598510281303
-0.010556960191302
-0.00635296816193587
-0.0146707768412546
-0.00283816318652086
0.00758246704570809
-0.0209714458957515
-0.0221333518929696
-0.000700525931191409
0.00227218281962704
-0.00594771404267225
0.017755498578607
-0.00465392451309321
0.000763406956402868
0.0196275626046565
-0.00939630794652713
0.0173878687375939
0.0186592379260135
0.0155254749208509
-0.0108537088362635
-0.00779181916255345
0.0119680692765707
-0.0223626601123184
-0.0325524146925122
-0.00427227478369252
0.0164032510377208
0.0144238589566608
0.000315147012365458
-0.0123029939142014
0.00497871428910535
0.0144141334898698
0.0054256533386885
-0.00188872239040072
0.0121923092214402
0.00928793813045936
0.00783911791842873
-0.0119005821203912
0.00353724492178342
-0.00285247490958707
-4.9832904727598e-05
-0.00884183835207297
0.00550182916907249
-0.00649224797589687
-0.00721557483043567
0.00983276949822032
-0.0360117434094749
0.0141131377845525
0.0131263071183079
-0.0126916825664847
0.0171446130305501
-0.00190843036378263
-0.00109641718958553
0.00189681764220251
-0.00620896423891493
-0.00613092209098309
0.0128771105829575
-0.0139719881071214
0.0109208297246948
-0.0137995219131475
3.84933552670663e-05
-0.010573492707973
0.00212494798867291
-0.0112139880022029
0.0104075750290504
0.00684833229099802
0.0200648586477064
-0.00957927785191282
0.000880354585142129
0.00233988999040591
0.0039798458693221
0.0173068676507817
-0.000111168412320062
-0.00068419545724252
-0.00120813256954433
-0.00153835063867813
0.0276064822318394
-0.00863777792391396
0.0171673741120857
0.00423162887604089
0.00481951693313731
-0.0195134927403304
-0.013987202135116
-0.0098333917676392
-0.00327877955718159
-0.00752336435180379
0.00482937605275935
-0.00639551466856991
-0.00824820632360401
0.0275498472933542
-0.013613184944463
-0.0124568115362065
0.0120563655751356
0.00448328390209762
0.00687537298022001
-0.00644838596068564
-0.00241947262918396
0.0104445207199988
0.00300644430918462
-0.0132538591655478
0.00102065135509921
0.000342341093557463
0.0164811407523144
0.0185997923180776
-0.00966468728175873
0.00107147851815004
-0.0138689550745381
-0.00240313630943989
0.00896265019603248
-0.00734067168322872
0.0188191977334782
-0.00144092857406308
-0.0169868745992749
-0.00260736352201119
0.00779547993467133
0.0211364845055331
0.0145852198888043
0.0113921725521415
0.0153164984807399
0.0103492904760114
-0.0159247125720263
0.0175772922567912
-0.00502034091089421
0.0169359111538263
-0.0133412929116454
-0.0079233942449719
0.00194894786581701
0.00217453643731513
-0.0162517460716922
-0.0160554383254468
0.0141810028539446
-0.022157713307051
-0.0182662401516267
0.0109545250396945
-0.00667044525369231
0.01226981475305
0.00200344328843993
-0.00889628766845951
0.0132437250468438
0.00419338917641832
-0.0025872819254793
-0.000940280311777286
0.0126317419171893
-0.0233881492064882
0.000513039797144232
-0.00391725931750231
-0.00740074151344028
-0.00536765837257258
0.0067554169752313
-0.00621618704524973
-0.00408726317012453
0.0113716997640276
-0.0131395845430442
-0.0338630755371669
0.0083042293962603
0.0121394921274778
-0.00743236637257172
-0.0220571253713175
-0.0113759936838875
-0.00780516614241256
0.00162247714601516
-0.00334780129903112
-0.00978581394221023
0.00165095806989601
0.015621100499613
-0.00490532524228993
0.00954304951437734
0.0108001814458694
0.0237752103828994
0.0420495355089023
9.59997754130804e-05
-0.0127705402382723
-0.0236915724596236
0.0155829555035742
0.00163780847861417
-0.0110065700834345
-0.00400115851465932
0.00148518790012098
0.0156457720742216
-0.0109216070524336
0.00276267697751797
-0.00444035536927023
0.0163408738589184
0.00583068754570037
-0.0173230129524178
0.0275085110429854
-0.00589587156372318
-0.0446331456472095
0.013597996994096
0.0136561768967081
0.0252155239887903
-0.00789842333288981
-0.00675917131199189
0.0113547028223655
0.0096137313772422
-0.00323551843734116
0.00349170634255347
0.00883427528821223
0.0416169481510718
0.00342460896879171
-0.0147993052014515
0.0114483122669318
0.0183601611393565
-0.0152124207351649
-0.00355278556223526
0.00780404845035054
-0.0139682672885093
0.0182726854142794
0.0161999692652783
-0.0325643251075838
-0.0121258441275622
-0.00327245028259293
-0.0181467368377966
-0.01060940716893
0.0237087210929987
-0.00818464508391159
0.00232022403160714
0.0174386249319833
0.0139279705816011
0.00632350781974855
-0.00216677198377768
-0.0178037529807455
0.00889615858869464
-0.00430043932854574
-0.00675193245927774
-0.00128286789150378
-0.00409113734996303
-0.0308965320316172
-0.00759136622623058
-1.17115069695473e-05
0.0117354555148832
0.0120145341344202
0.00737464259432929
0.0242407957804942
0.0217424687563064
-0.00940315870530251
-0.00097464390163049
0.0146630115118171
-0.0239299606510257
0.00429943918923748
0.0151770214038593
-0.0013506358618065
-0.00272771145600292
-0.0169515539215954
-0.0130161051141107
0.0242160588966502
0.0146481425226954
-0.00270028640271081
-0.00665480541205477
-0.0257343785461648
0.00779632708259426
-0.0205871262178745
0.0128705205743644
0.0149441760763949
0.0318187912014867
-0.00936336994928255
0.00651463996026824
0.00918282139160986
-0.0116921361402726
-0.0160231004893145
0.00767514043280393
0.0273687150009718
0.021251552657259
-0.000694166411938202
-0.0137348622019748
-0.00198687853193191
-0.00430302743212074
-0.00750608382002715
0.00405420609294938
-0.00990859689931822
-0.0116469907646473
-0.0181201950002312
0.00238149556129152
0.0175743699093929
0.0254781589130484
0.000549992658940734
0.0150442867303289
0.0097522466780422
0.00344668028994688
0.0118714278534151
-0.0131515418082886
-0.0054357657525157
-0.016213448679933
0.00687287999981256
-0.00745103357369548
-0.0246163007867746
-0.0090345706240591
0.0116520984888429
0.000251113925771262
0.0236380417202955
-0.01367467249321
0.010186398514725
0.00922552963056278
-0.00609246375036676
0.00619121920555266
-0.0123230120742341
0.00581676810768439
-0.00927452977132948
0.00597045818527575
-0.00788288674565885
0.0124437799488295
0.00937330106189771
0.0103154972899555
-0.00633189588637695
-0.0174634782677769
-0.0114442288219061
-0.0027898833982698
-0.0041896396616079
-0.0108914916076133
-0.00645252500049986
0.00495188470262065
-0.00452196096951685
-0.0038158349558528
0.00297654712976758
-0.000197892665963817
0.035130153547495
-0.00402578391265807
-0.00982408169534321
0.00317559133499157
0.0115591951312366
-0.000825104087739836
0.0198884629508012
-0.0036128663401207
0.00274593672267942
0.005308417235381
0.000667028629945055
-0.00684232945155472
-0.00207486822899572
-0.00660668605744119
-0.00493885348447964
-0.0224039889131167
0.0118211147629141
-0.0330690714214619
0.00227233921114767
-0.0115423764218423
-0.00858406940993173
-0.0119053459741576
0.0148674667699646
0.0115190486312948
-0.0183117347325479
-6.7108777242364e-05
-0.00448148983303742
-0.00442860604363204
0.00216307882593525
0.00260703958138286
0.0367491469667507
0.000838153842518397
0.010953845799244
-0.00854352271621517
-0.00633267334574383
-0.0129400924594976
-0.00297670795292282
-0.00296061278423787
0.00452338035885691
-0.0243100325201344
0.00299160750340866
-0.0184074655116957
-0.000396191532664458
0.00975516653653608
0.0105896610785803
-0.00352488617448654
0.0164938389962845
0.00355978667627244
-0.0310934478653913
-0.00755734452139012
-0.014134390515687
0.00326464229759127
0.0106127340408486
-0.0130979536658273
0.00443467351852678
-0.011012642669862
-0.00409653914891739
-0.00196047327456395
-0.00215397558866059
-0.00847524953720269
-0.0248814575742884
0.00222177778905763
0.00972988264493702
-0.00267506784997695
0.00879633146219549
0.00479013297267206
0.00356121119520192
0.0236942786791536
0.0306995068107756
-0.00234448294992196
-0.0166478837439044
-0.0018483767273918
-0.0110185815636239
-0.0164590830720126
0.00723644306250759
-0.00573766838645517
0.023099281870814
0.00412122204266874
0.00335199109827022
0.0117467774174538
0.000838272199707557
-0.0105196772416269
-5.50360586399901e-05
-0.00198936256946203
-0.00146577614394028
0.0229474546582058
-0.0135465092112532
-0.0224994734412085
-0.0134903160823958
0.00147667620662673
-0.0137734572257759
-0.0057873911681221
-0.0135028859035651
0.0101328052023155
0.00800986207839682
0.0105058013034856
-0.00317021534557993
0.00575647299856308
0.00596551259562794
-0.00658755776954223
-0.00681963326481205
-0.00409845598482805
-0.019312828071933
-0.0267238210911076
-0.00344694733977224
0.00807044148376601
0.01128863816909
0.00578056496458323
0.00785660261508192
0.000810029001518275
-0.0032642191429153
-0.00449340752879124
0.0174817198957162
-0.00204395653423739
0.00266554576188804
0.0154419201829741
0.0192806595832766
-0.00226483012397138
-0.0124687051431314
-0.00955686348339158
0.00455809387302297
0.0268992948218885
0.0215341804272071
-0.00289553286075028
0.000663338309622841
0.000841514540702804
0.00245581700883934
-0.0127017986864768
-0.000372442077257285
0.0134564224952767
-0.00496283873248338
0.0036205498137285
0.00908347043509394
-0.00121584845042433
-0.011434853154296
1.08173607291651e-05
0.00368728758045855
-0.0679022988670388
-0.0230315637020648
0.00127008438120857
-0.00124669526475008
-0.00885322080981177
-0.00255290803181318
0.0162518106016758
-0.000464229124434112
0.0137755738953382
0.00486456502422739
0.00288579262712974
-0.00599621587130827
-0.0234960803141682
0.0212494085763597
-0.0106285011654048
0.00521176096313547
-0.020484502029497
-0.00338351843219686
-0.0111368317901448
-0.0142990195566475
-0.00779922545957801
-0.00861406190938441
-0.00788094515585991
0.0194479902523144
0.00590266317876642
0.00311827658594543
0.019870150981357
-0.00790677636395198
0.00162682747800136
-0.0225860834278684
-0.0137306049043953
0.00767775403227033
-0.0202191954939768
0.0165213267415778
0.0171522727552855
0.00135585263687088
0.00297191625154691
0.00593121409350639
-0.00215607213045654
0.00387126942612426
-0.0114334409748655
-0.00466921899899519
0.00909967496236774
-0.00459487973024819
-0.0267477157107288
0.00561017183857926
-0.0165172439946633
-0.0393829626976476
-0.0208842136013816
0.0107407907958978
-0.0120125741977417
-0.0142299923717188
0.0266862290109589
0.00315813137161669
-0.00624365539374416
-0.0111291425057849
-0.00803777131775951
0.00410809237219301
0.00444658536497178
0.00552422725770763
0.0109528534164594
-0.0189066850441024
-0.0149596914632073
0.00456394776972946
-0.00151484304751004
0.0166171335843979
-0.0120446220333799
0.00740809351855942
0.0149072916750008
0.00769712389103439
0.00292939665701519
-0.00335542235659392
-0.0215925120320488
0.0120897569848688
-0.00470681370527437
-0.00144626843696738
-0.00730212498800697
0.0159389354755162
0.021578618686751
-0.0168999748663365
0.00352920152791114
-0.00796600570307326
-0.00296894922565061
0.000511093104252236
-0.00155954308834083
-0.00582533043187738
0.00187496680646659
0.0111357892882018
0.0011791744424039
0.000570441057020643
-0.0168320790868739
0.00199874419646195
0.00468609797078434
0.0120341964207391
-0.0333094395135807
-0.0218653599117111
0.00334408481680049
0.0181132389922052
0.00781256269827013
-0.00481323053034077
-0.00262603400277062
-0.00524238364141016
-8.06276646250215e-05
-0.0105039309541795
-0.00613347658934371
0.0154370884383113
0.00591338181795731
-0.00759382966525957
0.000262904565686117
3.82038043542643e-05
0.0178612369725886
0.0211950110720041
-0.0106586711930021
-0.007826891178776
-0.016368365966952
-0.00474983370057158
-0.000385674328974517
0.0152607573829915
0.0196795665089797
