-0.0121242062382194
0.0239765207799163
-0.0280492973279589
0.0122751800864105
0.00564687788474849
0.0139351857335601
0.000615580520499037
-0.00632773579763679
0.00129811003335689
-0.00419462729122877
0.000527118503088175
-0.00478277223838575
0.0265511448678915
-0.0169941970566398
0.00239219286381953
-0.00889561832020469
-0.00435244161602988
-0.00196817823314532
0.0105418341539867
-0.019573662855743
0.00498250793769728
0.0013935663447171
0.00232806290775933
0.00752688800323043
0.015704807744136
0.00563249523469622
0.0153441902245763
0.0244664529787926
0.0082557364637541
0.00397812943706377
-0.00888677619442824
-0.00168149192442435
-0.00175393106269972
0.0191394060087493
-0.0189083894072084
0.00540166562207567
0.0135672691592514
0.0152104159057718
-0.00639724762380567
0.006931422297626
0.0169479458062245
-0.0105153731641359
0.0270441447140382
0.00595088711519942
-0.00868559500794497
-0.0136399986127032
-0.0193798297174101
0.00503380930437203
0.00516650388893858
-0.0265141461928433
0.00333921192742892
0.0144283957624314
-0.0068584460143235
-0.00574169406363012
0.0249034422208201
0.00820288277002668
0.0097376022875082
0.000763063777066364
-0.0059902610726823
-0.00841716653622804
-0.000441216062984751
0.0122812066722062
0.00985890917474919
0.00473404544001177
-0.00405563496236638
-0.0079977665662252
0.00012955049890806
0.00490713386922081
-0.00721597506700178
-0.0178682073873926
-0.012415881454821
0.00367502567230282
-0.00109748674865529
0.00879340233063708
-0.012321270923346
-0.020689733771114
0.00912327527580636
-0.000359250903283481
-0.0127024610163922
0.00456626860244214
-0.00631929900861117
-0.0136712899061635
-0.00543166902426506
0.0119082414667862
0.0220355446716329
0.00318404959108776
-0.0107475578618299
0.0180658220642655
-0.00843682296695292
-0.008494539035663
-0.0257556995327555
-0.0477603682004801
-0.0155688943878847
0.0175501444398645
-0.0291308866038662
0.0107703841575706
-0.0229487129546797
0.00810992149366818
0.0143664772197898
-0.0154160053242993
0.0233918249266605
0.00267393591191656
-0.0198885851083261
0.00679054122906209
-0.00849061313621213
-0.0142832551795919
-0.0169481927263213
-0.00606736033738642
-0.00122931940665438
-0.0166099556130401
0.0190093892888807
0.00194610398986939
0.000826848365004906
-0.00834712803457194
0.0159441986513347
0.00303816252233702
0.0218692068772643
-0.0117833718194493
0.0123223697476575
0.00437765403278867
-0.0365485784998043
0.00444336981892768
-0.0109106978166551
0.0041256758267938
0.00897617182567423
-0.00217471043878881
0.00371709298805634
0.00111585434303763
-0.00290552622931628
0.0236030605838788
-0.00999123979507388
-0.00766360185598458
0.020361874576599
-0.00828430636750888
-0.0155293637517158
0.0104587216503766
0.013343304224442
0.0169984657223807
0.00418959719783984
-0.0146540515354747
-0.0166763155118357
0.0048293924031757
0.00897240447539893
-0.00372448271191672
-0.00447868979760813
-0.00481611533587589
-0.0153621239719168
-0.00335553030852864
0.0182944303519008
-0.0013820595031504
0.0138719070664877
-0.0115528504925599
-0.0174314330601533
-0.00207877347479446
-0.0070861130483113
-0.0375965506367191
1.11276145116079e-05
-0.0207667496326032
0.0137688402790399
0.0151055627283725
-0.0151812189571636
-0.00995044715776494
0.00810078217789467
0.0196797733933511
0.0017581440495249
0.0170954510782355
-3.56450721437085e-05
-0.0229251566636322
-0.00118304640973399
-0.0118783639078757
-0.000504088593983099
0.000301260543396964
-0.0136167436497878
-0.0163733232996126
0.00471424689801658
-0.000439332196046749
0.00402549062429181
-0.00907168777440504
0.00383646496739409
0.00423111743232418
0.00850913897015104
-0.00693684936525507
0.0196485793160281
0.000599036553339261
-0.0158888585087897
-0.0117157662152767
0.0116357709381187
0.014176720605807
-0.000719514634059948
0.0195847436575605
-0.00564347932094122
-0.0143999019304033
0.000864575251261712
-0.0131862872745963
-0.0248843037354298
0.0102546970011002
0.0247979244714784
-0.0182218722404404
0.00925664265540505
0.0111772412612758
0.00197887615574999
0.000659391705509549
0.027217730747207
-0.0163068687508634
0.00805967447726097
0.00981672393742627
-0.00893793302730472
0.00211455577556663
0.00988044260298082
-0.00485705677705894
0.0157555141804195
-0.0139740883968802
0.0109697737630459
0.00599181956679118
-0.0306146878529301
-0.00366039329642298
0.00825295249760671
0.00106702401300396
0.00787316154263529
0.000674891266294608
-0.00599102213625002
0.00297164255152005
-0.00967781488262531
0.00822201633313746
0.00527494925485072
-0.0141477022656957
0.0125347068087365
0.0213508729581164
-0.0162554977093627
-0.0142862303130453
-0.009565898745727
-0.00846054945754915
-0.0135290260083387
0.00106059913025014
-0.0161280069687404
-0.00327050615669755
-0.000874216704755071
-0.0208044676074515
-0.0142871032970433
-0.00587072370105446
-0.00616821449873051
-0.0029371106340168
0.00336704481832228
0.0135062658949643
-0.00785303881961497
0.0161532952597554
0.00712874238020866
0.0167407082137689
0.0167904505251073
0.00944105697857189
-0.0240319823219401
-0.00252867823373393
0.0147432879429399
-0.0240409836905293
-0.00301751337935485
-0.00151216627827999
-0.00630278120567773
-0.00225553723134908
-0.00435539484957026
-0.0139352574041833
0.00588934006377606
0.027190584383554
-0.0174681577571167
-0.01164169674548
-0.0121437712372856
-0.0142299115351552
-0.00658568247210312
-0.0105919876995468
-0.00451929192933953
-0.00308713095941293
0.00272351368650092
-0.00152652930255748
-0.00543577230732062
-0.00778684052396095
0.00387131150952591
0.000838524419501496
-0.000335411319564827
-0.00219158024989774
-0.0137187766476625
0.0103885167980149
0.0103918403028285
-0.00194327307675124
0.0224108020194311
0.0202931940017361
0.0118138995343635
0.0101833123936554
0.0196777205735472
-0.0130193467876953
-0.0158072189017471
-0.0215873354365588
-0.0137512774734514
-0.060660797264374
-0.00850642213204367
-0.00253249325892568
-0.00406126899731696
-0.0120218361553839
0.0106492067792363
0.00160298051008567
-0.00418211490890208
-0.0187382938620395
0.0054541466161151
-0.0153396279493219
0.00492943870108498
-0.00865636695937866
0.00751747263343461
0.0136054734609043
-0.00696002703104348
-0.000550535869527025
0.00221393677600012
-0.000440691672624283
-0.0114955615773891
-0.0143481443811311
-0.0369112851768634
0.0186666120038357
-0.000785381090288695
0.00780332968460051
-0.024722232633744
0.0131774166145817
-0.00700637995569942
-0.00258517341352871
-0.0100890803116851
0.00833242307616011
-0.00819407210905432
-0.00481325796373966
-0.00261189740768764
0.00503164703152237
0.00324657054819077
0.0112790726611056
-0.00279072510733336
-0.0203347570999064
0.011527213280063
-0.0137847778542426
0.00313802780062744
0.00058490212733453
-0.0243362415593218
-0.00617611443507649
0.019546349671673
-0.0114312683004147
-0.000992482230740777
0.00371520103288248
0.0146949201851907
-0.0068903066553041
-0.0157795676279058
0.0188302227070718
-0.0091433532127656
-0.0126107525004162
0.0183096557722653
0.00443911099280392
0.0101680876323531
-0.0250478467225701
0.0215001993960691
0.00920020823491541
-0.0139176621042978
-0.0237784393624967
-0.0137167072231819
0.00892596150876734
-0.0208039431139841
0.00013454083556752
0.00975869489004033
-0.0134147306078169
0.0292917649875317
0.00272375657850255
0.02872312794576
-0.0149639807585835
-0.0308241692426421
-0.0121410396493591
0.0287987739345521
0.00460214355407196
-0.00808867025317461
0.000585259867488475
-0.0130413686768733
0.0043180291141045
-0.00891194750636437
0.0120164542240264
0.00443533338846791
-0.00886675871680787
-0.00395221204018092
-0.000783125537759943
0.00866758317083516
-0.000436044201061137
-0.0109620266227299
-0.000410138351856659
-0.0186358026072231
-0.00516818208262215
0.0132952833826891
0.00826657243987228
0.00169419609419919
-0.011079860886765
0.00342694416111478
0.0121522023417313
0.00786301063222794
0.0221031954247302
0.0226384226012861
0.0030074173215251
0.0114220444662028
0.00897699104174521
-0.0151349592403669
-0.00134244225465174
0.0179546921123066
0.012097779707263
0.000823046579634834
-0.00853820105756853
0.0200098548036785
-0.0117947688293416
-0.00907538203012237
-0.00920236377965011
-0.0072641098370827
0.00248182735643887
0.0266271448178887
-0.00103339319801066
0.0155592439761243
0.026808712871345
-0.00402235534833117
-0.00361023361926982
0.00757411209672121
-0.00486183230870552
0.00133519346001698
-0.0302904866884557
0.00454877982196145
-0.00908158225823641
0.00630062684499322
-0.000941819538141431
0.00769977924910847
-0.0225910464366255
-0.0191461391163674
0.016752229213937
-0.014938770398869
-0.00428470945817416
0.019821238359814
-0.00459350007471393
-0.0144913009496506
0.000550061881602559
-0.00951394148279405
-0.0148446354916807
-0.000945469357533923
0.00251594064371474
-0.00917340590914506
-0.0133479037944646
-0.00687935829592945
-0.0165018611963283
-0.00018674852749534
-0.00397638235852327
0.00464656443650924
-0.000541394787230587
0.0322035749260277
-0.00297987729892135
0.00439746840791599
-0.000183537337147044
-0.0159929572178523
-0.000394926093495229
0.0115017995487179
0.0119109935898525
-0.013739908507592
0.00330605921758753
-0.0114076422930101
0.0074738519821782
-0.021873232610492
0.00803900677727931
0.0342262190626492
0.0227875462799201
-0.00520626676658154
-0.00913326633992284
-0.00851732706057184
0.0146422393494667
-0.021078056259638
-0.0336781333161138
0.00353561990771389
-0.00417457833355073
0.00199360260466186
0.00853593730597524
0.0147593242463007
0.0192985817671456
-0.00324735753218341
0.00773597871523179
0.00440418938603848
0.0168570936018728
0.00700626323373754
0.0262835254792328
-0.0139871254866648
0.00681016363090237
0.0135972046854445
-0.0100072921954819
-0.00233999707084287
-0.0195891331318609
0.0136214279198335
-0.0114885797805044
-0.0062155717164849
-0.00907237104770253
-0.0202269138082674
-0.000580291931406407
-0.00170453320050612
0.0279993115527652
0.000915026665788687
-0.00561299678589045
-0.0205933849908462
0.0169261836649053
0.000487064591441211
-0.00388426081578253
0.0233810565033288
-0.00645346493278609
0.0229644362271397
-0.0118922415687255
-0.00365591693958223
0.0310981768373022
0.0128313081646585
0.0227490189762261
-0.00965924661880102
0.00114251391963194
0.00132769993833648
-0.0104055070696418
-0.00483568135850376
-0.0184024171625108
0.000170929989934621
-0.0130073529992565
0.0131566696504031
-0.00739892722910618
0.0275330021323228
-0.00580428951110079
0.00472043317893167
-0.0219456474008322
0.00887073209938194
0.0204739160303689
-0.0188704419756487
-0.0113088595589197
-0.000352950121206064
0.0298810360769313
0.00359539161385491
-0.0170998952253782
0.00283808678214648
-0.00573101120958341
0.00389361969497948
-0.0138734323919589
0.00629806461996196
-0.0132696819273299
0.0246189186418633
0.0121013164751727
-0.015858233515031
0.0147007974906206
0.0115779394633115
-0.0150355763654968
0.00402933004415296
-0.00611194719953545
0.00866243054709237
-0.00126433101783441
0.00418891734168447
0.000672561040676811
-0.02330670182441
0.0359227793785113
0.0149378161505922
0.0192031173335501
0.02360123255772
0.018792828619441
0.00684274984099531
0.0193754249232896
-0.0032302983259509
-0.017376799072963
-0.00469862289885725
-0.00760340031923334
0.0287950751181665
-0.0103282176471229
-0.00575037846977366
0.0047663985345725
-0.000566392686812023
-0.00901674434135025
-0.00320942198689878
0.00736597011999685
0.00633142924306362
-0.0171796988563706
-0.000502603199269203
-0.0142885370312253
-0.000187997946326846
-0.00189247810178372
-0.00569990583081648
0.00485058202043653
0.0119912850002102
-0.00331311597550332
-0.0126353591402033
0.00255602170448554
0.00180540686418773
-0.0088255860530424
-0.0118526657243549
0.00997472753544137
0.0181358173404114
-0.00994546522436046
0.0215953964940319
-0.0212081025922348
0.00887477994646702
-0.0288939437418154
-0.000665590407797012
0.0103867287926143
-0.00166799006993124
0.0179320689510458
0.00931440360483116
-0.0189452710348803
0.00458839505461661
0.0230138251576921
-0.000557283198695302
-0.0100123910629684
0.00522298248924358
0.0133163837605803
-0.00553148447003515
0.00596710813690926
-0.0147271263696958
-0.00871767689063496
0.00621562288402266
-0.0101521736812664
-0.0055822683505049
0.00402286746818348
0.0139667123622829
0.00510334874972607
-0.0068212908454619
-0.000935048831324892
0.0246771502752665
0.00971199273997669
-0.0139319022493947
-0.00869630981788205
-0.0126197327069448
0.0124681639188822
-0.021510228459162
0.0102957501349721
0.000108081424555095
-0.0033112273606033
-0.0154346170582258
-0.000119641697041928
-0.014945017543555
-0.0120390223832256
-0.0262732686184819
-0.00827691250858464
-0.0113544182397174
0.00470492705944459
0.00378611473275114
0.012157268009549
-0.0162193824124213
0.00673223137151879
-0.0217674981743272
0.023077275004443
0.0050160044264036
0.00486073321358482
0.0075472058133812
0.00758474652795371
-0.0182168815924157
0.00197360292330728
-0.0175364196154053
-0.00719614019051384
-0.00308613133653779
0.00601545206165355
-0.00378380932777311
-0.0102231747962183
0.0149649100009839
-0.00698846616162463
-0.0118653783394702
0.0060514404433043
0.00134959213777286
0.0021167102441062
-0.0133764469613098
0.0108365849652756
-0.00507166553400218
-0.0168443957608257
0.0197308059632384
0.000896403613419139
-0.00897336747608968
-0.0129927959715044
0.00498554224743408
0.0153061692357568
0.0044503260053439
-0.00413827176751624
0.019239115729091
-0.00854476754814115
0.00347387295456159
-0.00400914943067221
0.00711049045809098
-0.00603154840232634
-0.0150024134714393
-0.0197783736543062
-0.00572769025499298
0.0139806043137263
0.0020091883118436
-0.00635499639587778
-0.0098153385007258
-0.00716303919175232
0.0046848016521075
-0.00411934974069439
-0.0143219428263706
-0.00288146637754849
0.00710415549409582
-0.00380780516956492
-0.00570644990317604
0.00324647744436568
0.0091690178175412
-0.00950160342410911
0.00181959196029169
0.00103030287754891
-0.0156255364226485
0.0178179863922789
-0.00485451902897793
-0.0087288019699443
0.00644375117292739
0.00855923827627691
0.0139519637152432
-0.0109792382872484
0.00918750628463627
0.0267107674336646
-0.0222509527280916
-0.0047337253048525
-0.0194099047829841
0.00413546660223219
-0.00655730016726785
-0.00995928765842358
0.0279994099018541
-0.0217409780328524
0.0163559472619745
0.00850643391881967
-0.0140392611042763
0.0164508320881946
-0.0235697813062501
-0.00233839477338194
0.00477052726878568
0.0188472643774027
-0.00367981869114509
0.00673786813315047
0.0105283363295001
-0.00900393619351192
0.0100292981733325
-0.0119891228043532
0.0229166737590596
-0.00976434536554294
0.000636144719138088
0.0134972880795452
0.0325910708259514
0.00155165394087931
-0.00925424805996578
0.0191219811429963
-0.0124523618485366
-0.0026528733991249
0.0131967949605851
-0.0124986898063586
0.0046501060473787
-0.0105200772006082
-0.0136460265655423
-0.00094908416970263
0.00583925763291582
0.0163522947044115
-0.00657711449053444
-0.00413268228800234
-0.00161465454151788
0.016264002204716
0.0139207897867664
-0.00634904940815062
0.0056334619591798
-0.020503493837408
0.0037266619604992
0.00286326433679029
0.00928069264836218
0.00416762573292395
-0.0112143486166225
0.0220302628468332
-0.00441494822563193
-0.0157127049888963
0.0191270688281229
-0.00290197563054306
-0.0140313378893353
-0.00544936824153019
0.00429361728694744
0.0317105119093242
0.0265264662487787
-0.0163744509544586
0.00163229863714243
-0.00442807589876715
-0.0192450810977043
-0.0185621123823587
0.0161426502186188
0.0244900051374621
0.0113287183652115
0.00606788338013864
0.0172654208826053
-0.00931557212050116
0.000687195423219933
-0.0148716338201798
0.00166063460976495
-0.000979792330372931
0.0127949804615302
0.00432414055772234
0.00531564798157724
-0.00678399549181918
-0.00291235109499866
-0.0037797290683681
0.00429027092962464
-0.00100246876518284
-0.00539440181084494
0.0111773306659746
-0.00592374317292155
0.0181913654787937
0.00957596028735175
-0.0106203798162028
0.00482595314649004
0.0105392203261125
0.0208922983808613
0.000649891756866694
-0.00600676991950699
0.0067285790731102
-0.00424345133006021
-0.0260158481841124
-0.000249086072908966
-0.00393567071782464
0.000990924548251115
0.00328285982545573
0.0144280567695869
0.0115161116725169
-0.0198298144826552
-0.0148430601609615
0.014191273863247
-0.00383733829961663
0.00279398169429612
-0.00366659643726308
-0.0164414822662415
0.00843311182193673
0.00827418337765806
0.00118373713275588
-0.0087868087499352
0.0239438078839296
0.00664593701619687
0.0150975094720991
0.00664402953071175
0.0301649672056943
-0.0160619758961857
0.00829965123963028
0.00859078620891474
-0.017176525513193
-0.087500958629315
-0.00789111153956412
-0.0153875157429102
0.00330872871574961
-0.00575153789819183
-0.012767445959156
0.00125476366905097
0.0191299667164255
-0.0247198627848508
0.000596850992289788
0.00582034357231009
-0.0193255339406058
-0.014610268706031
0.0106608923471185
-0.0125404358926033
0.012059328219344
0.00111381209126193
-0.0154895297828919
-0.010344340336232
-0.007264412300648
-0.0107259119001721
-0.00499174946694225
-0.00136078278789675
0.00751799162372357
0.00321325306888376
-0.00503105614283328
0.00723476586654037
-0.00525633176670048
-0.00197182634500592
-0.0328971770618711
-0.0111262875777687
-0.0212793828824189
0.00186317180639328
0.026798758135941
-0.00291855092483395
0.013644306557179
-0.019838394886893
0.040818823086493
0.0013110942127792
-0.011019491247481
0.00693481489561876
0.00823435348668333
-0.00693567584015931
-0.0203042924829777
0.00220100352027153
-0.00112702150640942
-0.00734265118502009
0.00345063936410206
0.0341409288409444
-0.0102705265991627
-0.00186931430515891
-0.00079973019746582
-0.00553551467258728
0.014248505143291
0.00378492928881968
0.00292292283661588
0.000542630090523133
0.0126994154691875
0.00463522385543769
-0.00542762395318697
0.00133901017322025
0.00698425074589082
-0.0137556291942165
0.0091009685631569
0.0162469010914847
0.00380905887727323
0.00402493432400952
0.0143772119824757
-0.0134297338002387
0.00261268070865306
0.0276459701020233
0.0151949073673556
0.0178327074639135
-0.0026395084819022
-0.00341474758296556
-0.00671031182423398
-0.0118141320733862
-0.0226478859650605
-0.00381717066478338
-0.00891574767091896
-0.00658594691747361
-0.00781052982533481
-0.00666836937260484
0.0249872020137225
0.0159597883708873
0.000457066731852862
0.00945548867533397
-0.0138013820880989
-0.0220020006763928
-0.0057359092731506
-0.00722431213710628
0.00135054938386148
0.000459825856960805
-0.0127622853669909
-0.00605886126325039
-0.00137533883004615
0.0184784891702314
-0.00487165092943265
0.0167076990191131
0.01074964921124
-0.00473449799395631
-0.0125192788905597
0.0164044989834711
-0.00503003854541895
-0.00645561616108736
0.0211469443028438
-0.0129364456232572
0.0172245644228237
-0.00784119762426982
-0.00405740025697909
-0.00605873224636078
-0.0121631311651207
0.0111749104880197
0.00260051401983219
-0.0203455628070728
-0.0120760393737722
0.0220058950144821
0.021760891573555
0.00124783736628231
0.00773984039325271
-0.0072243682325972
-0.00995843156256981
0.00196501852699349
-0.0052913382257973
-0.00910195626176069
0.00673047483156708
-0.00157040529255781
0.0271814272702606
0.0148851751390833
-0.00720142460783535
-0.00274057955812701
-0.0137421171570704
-0.00404232843481722
0.0223635823019332
0.00407869501202995
-0.00396577048011615
0.00187223311668561
0.00291182183875272
0.0110017853121214
-0.00939970774624221
0.0396929727108386
0.0163730027090487
0.0140773757693875
0.0100395880289259
-0.00455011631226832
-0.00938476573603353
-0.0255383197047916
-0.00776564954963277
0.00498484701547675
-0.0113853310287979
-0.0206424683970052
-0.00162697507355247
-0.0122291377225086
-0.00187373695663595
0.00911697598844974
0.0156237926830656
-0.00697998935621769
0.00787391387869718
0.0153445445545639
-0.00644044642203845
0.000949783463610743
0.00721200948033385
0.00449792509126823
0.0186430041118175
-0.00495927937380891
-0.00655513857901902
0.000200640492090898
0.0224886696815076
-0.00440281164281942
-0.00919505895341111
-6.01041437455763e-05
-0.00128894773861354
-0.0208532250185947
-0.0244882881124084
-0.0115309891787305
0.016793036871638
-0.00978608349829457
-0.0148188269165654
0.00535766924937242
0.0164699712990881
0.00568925099849515
0.00400341197295795
-0.00884556504797729
0.00795259261843917
0.0091301643843309
0.018180480135026
-0.0130247164807304
0.00827341196631792
0.00179040061953195
0.00784817584450259
0.00447558882552102
0.0149892634891842
-0.016741701378491
-0.0120418352031777
0.00128175819145859
-0.0034302570708391
0.00765014230313632
-0.00471085625879653
-0.00565226600293833
0.00402116688807119
0.0040571078197118
-0.0171736722949305
0.0119944954625364
0.00116512671020352
0.0274869732966465
-0.0065307511298851
-0.0107152329959614
-0.00898855405230137
-0.000160001301441781
-0.00102595022729801
0.0209918369558704
-0.000934616780025266
-0.0160468516228622
0.00615870289407461
0.0129256505584969
0.0126895570546708
-0.0197809362031833
0.0192100630583028
-0.0151436505284401
0.0181175536788221
0.00317994471066463
0.0147203219341723
-0.00550302203934905
0.00707343190085119
0.00188452750355061
0.00647684085873301
0.00166115296673119
0.031755998625151
0.0199738687210846
0.00320555011935042
0.0233101871927008
0.00152305959331578
-0.0213765299576032
0.00726137641923863
0.010823327602802
-0.00486855321153534
0.00276823807687521
0.0231753865715412
0.0309273036997801
0.00231783961976184
0.00571570083434381
0.00281489072798102
0.0101434320905245
-0.00584614815557494
-0.00920942329052643
-0.0174390813883623
0.0390476641181259
0.00557995917063181
-0.00820790632370993
-0.00107343588076958
0.00158408522163178
-0.00491577339597171
-0.0103736885871974
0.0022597706516283
-0.0118428023755399
-0.0116733358831294
0.0207121341230447
0.00794778898472259
-0.0170546202065971
-0.0044177886089205
-0.000611674498818715
-0.000637730531654057
0.00695518324028122
0.0225086326307924
0.000195172702566637
-0.0110453225657974
-0.000493803210009247
0.00201085129107348
0.02950194051013
-0.00791488615207392
-0.0122683038958549
-0.0116813903480288
-0.0259031283518603
0.00200700098094941
0.0047410048857639
-0.0232218245004852
-0.00657505357415999
-0.00734669997867066
0.0026254351571886
0.0103318221728514
0.0102094366222385
-0.0153012530014909
0.00583610579453264
-0.00622304266726914
0.023270772165608
-0.0337237515032562
0.00195474165017195
0.00940221022766963
0.000817878303505992
-0.00114800145162519
0.00548505208047345
0.00711126123401584
0.0139313872975659
-0.0123863677389124
7.68720263888412e-05
0.00428299962526424
-0.0276056794179063
-0.0422008679968986
-0.000678131764475509
-0.00253082389179227
-0.000930732420432179
0.00811011343267332
-0.0226044499673836
0.000364522195837935
0.00851579687495452
0.00338097851492236
0.019064318902851
0.00576907493240064
0.00789990998506873
-0.00579514743351695
-0.0390934245297299
-0.00453984740974356
0.0223394707912483
-0.0297753995604353
0.00900000858790229
0.00459665662827824
0.00861603313651926
0.0143647159519507
0.0052281370063838
0.00746146577659523
0.0262550867181268
0.00177705420526486
-0.000845560972717152
-0.0142555931530666
-0.0118503856451806
0.0022719548234349
0.0260667685947986
0.00296303180775936
0.00617355061310043
-0.00957023041326543
0.000984421121295043
0.0251612542002739
-0.00373263872506691
-0.00200932761300798
0.0112943433890642
0.00779321650524878
0.0215640399126791
-0.00713997834828106
0.018494696682545
-0.00421254323045517
0.00311310718505986
0.00967407288893796
0.00803401234464651
-0.00378839545840215
-0.00485328355523862
-0.0126671963857614
-0.00954915662982181
0.00350040170562593
-0.0195580245847555
-0.0187033296992993
-0.0043479008213545
0.00430475999921853
0.0159985897366592
-0.01813581795993
-0.00883880554022909
-0.0137107587838958
0.00406108172973951
0.0146510147892709
0.0115751480790056
0.00123857696078389
-0.00855077002271898
-0.00251339659449279
-0.0175220298112535
-0.0222976876514185
0.0111315669041989
-0.00767605473552457
-0.0222604124390688
-0.00891112006627814
0.0158633008358198
0.0122712569098038
0.0021419032261818
0.0105928574874721
0.0227057909896047
0.0048122335708598
0.00213401980404448
-0.00405261939791757
0.00260316553381479
0.00603942378447186
0.00950838208914284
-0.000534312080047172
-0.00259690748234753
-0.00390599262676616
0.00319817190740679
0.00339813713764769
0.00239317579507237
0.0152342355003459
0.0243689548886437
-0.00917591549870522
0.0133549955132395
-0.0154736803899578
0.00476951824502692
-0.00440058337089511
0.00374823665874047
0.00116925347257357
0.000501062400761754
0.0121346083362894
0.00767400364528648
-0.00405140387511871
0.0161364812008511
0.001541634100926
0.0135749823242772
-0.00729986212015099
-0.00897041217689676
-0.00330150937729634
-0.00291600159150462
0.00786620805280691
0.00959030488714241
-0.0120539284687293
0.00319008659921849
0.0083661688922021
0.0032739554657617
-0.012325056507839
-0.028092323473107
-0.00929170229941256
0.0188431254590959
-0.00492854098828133
-0.0128470306264177
0.0141281652462197
-0.0233219264508211
-0.0034654396753826
-0.0193995667898115
-0.015789542057977
0.00672930635044544
0.00424874219363502
0.0102480987735429
-0.0121179178135229
0.00251453129579282
-0.0101489222745794
0.0207383482280949
-0.00553359939181242
0.000109165213990181
0.00391579679827991
0.00198430577518671
0.0103664033726094
-0.0110275158798476
-0.013608919142051
-0.0115363048255634
-0.0099302712620073
-0.0089196281496573
-0.00727530493238682
-0.0178634591689715
0.0119298422536147
-0.00541674462531283
0.0156421458410119
0.0112995244190408
0.00811952840884267
-0.00299231071751471
0.00321031468237187
-0.00446667123462774
-0.0195692875276645
0.00532079505487459
0.00532318189291558
0.00237250397601763
-0.00151318004668966
0.00554326124832727
0.016178417612382
-0.00221346276184775
0.00956223541546919
0.0122336945432959
-0.000898901893709336
0.00540703131975739
-0.00685547643725926
-0.0148755243898595
0.0107181012247999
0.00457096875494223
-0.0175804564077247
0.00234652542484426
-0.00485347053452934
-0.0120492896796733
-0.000271378901475217
0.0031731930202028
-0.0136904904643558
0.00642979490561757
-0.0118625440657514
-0.00797038968166497
0.00591378437511203
0.00857607603190935
0.00661051735220397
0.00278928181766247
-0.022280197661507
-0.0129820242714036
-0.0173834351663587
0.00876839781849448
-0.00353529046712708
0.0183925859514069
-0.0224066173318533
0.00546519489035546
-0.00580296694192661
-0.00866885575045373
-0.019867293104916
-0.000965631152981317
0.00428996897993805
-0.00463384135615108
-0.00199015346075448
0.00211354366039807
-0.0132976417873927
-0.00608364749523815
-0.0273699623418793
0.00715835970787992
0.0181344840789723
0.0122582564694582
-0.00376555667778433
-0.000127161354242844
0.0137440817681895
-0.00242167029897189
-0.00408116682718429
0.012850504597731
0.0204508054161341
-0.00530755478978406
-0.0134469869638316
-0.00983052543127094
-0.00219604097453185
0.012152398191958
-0.00794288540815735
-0.00721090108749678
-0.0185928210200892
-0.00700766114025342
0.000707088364416464
-0.00810691387753337
-0.00377931010030075
0.0113541347734447
-0.011880977775439
0.0196686084962678
-0.00446074271838981
-0.000332690999018226
-0.00903199112550368
0.00896240527239023
0.00285883943350207
-0.00120312657192123
0.00292343636517245
0.0310813235866618
0.00646492680561472
0.00540036725068127
-0.00554484413979495
0.0230642723831203
0.0162686142702633
0.0020521731232197
0.0139910822110707
-0.00715653175859288
-0.0134163209254421
-0.00713309902121928
0.00824422375858447
0.00159364816446939
-0.00649884644416332
0.020138776818893
-0.00485653459695357
0.00998917072936933
-0.0365154071453855
0.0166024694313425
0.00546212762384712
-0.00410659248388612
-0.000182350166182843
0.0054526013708589
-0.0141628415017045
-0.00075768440284385
-0.0110966674312607
0.00291950728841961
-0.0107776512799536
0.00619123902973406
-0.00963328730825985
-0.014314533844427
-0.015207623365507
-0.00800813379670906
-0.00810138937082883
-0.00132609163359199
0.0033945167902818
0.0274900062802388
0.0113833378872457
-0.0245457379257843
-0.0165636252909369
-0.00862940396199185
0.0214246370510036
0.00760308764993312
-0.00442322399389283
-0.0210652052528051
-0.00194714782184668
-0.0170599755053544
-0.0110805239052212
0.00455906417063012
0.000182719429135503
-0.00151136681922459
-0.0255694382972482
0.0253333500162647
0.0242793053828727
-0.010556074161336
0.00716619409022456
0.00292759787875418
0.00580558652374563
0.00410727574258551
-0.00242051288797818
0.00395069390343217
-0.00284640753092447
0.0220120775062131
-0.00727806286929678
-0.0198149902189879
0.0176409524095078
0.0244059915708839
0.0102437592314093
0.00654723036736904
-0.0150120098979922
-0.00415313310113596
-0.0240182968879186
0.00428787045187029
-0.0106316998585054
-0.00198870583762201
-0.000457338594367585
-0.0191060033366668
0.0177210219877519
0.000160427572298616
-0.00319945294779345
0.0152781490316389
-0.00593468217556037
-0.00514653927960396
-0.00823241872342173
0.00235243308544142
-0.00756922209211197
0.0033979962984958
-0.0103873012592803
-0.00424372952608287
-0.00410627257966745
-0.0232442664689874
-0.0162081764608466
0.00849496382134873
0.0145220103664023
0.0129895313062995
0.0131000186201025
-0.0158107061784065
0.0221696292621552
0.0103705828365275
0.0194605072262917
-0.0130135732039101
-0.00462868578044251
0.000358983277445546
-3.74341788678123e-05
-0.00902428976358216
-0.0203771685653553
-0.00434985596389659
0.0309047943592802
0.0027133889506068
-0.03612557935109
0.00609408486010743
0.0148300763773666
0.00459969404961313
-0.00948808793918765
0.016848156154591
0.029889554849472
0.0172627658324345
0.00234582289293428
-0.0259218205181657
-0.0137005606688554
-0.0012917910414707
0.00273551916769321
0.0114482996163119
-0.00665317235862162
0.0271689770562205
0.00889683774958705
0.00730545252373993
-0.00341800691726135
0.00403641499217322
0.00261026774350626
0.00336076073831393
0.00770113953470464
-0.00505503066932356
-0.000372208463433665
-0.015014223157225
-0.00190515715494932
0.0156981762165209
0.00443805847210754
0.00406085082470931
-0.000388401005746886
0.006783392794663
-0.00788946725083051
-0.00297204661082873
-0.0220649432587479
-0.00969280569879061
-0.0084918476781457
0.00123749369143411
-0.000611719921108644
0.025208668095777
0.00948612243506908
0.000833487621378026
-0.00416858313902502
0.00131975373590087
0.0125704708633627
0.0133341169081511
-0.00576934016667963
-0.00672440372461303
-0.000741322582394233
-0.0163309498210946
-0.00386496489985255
-0.00511166399775931
0.010691938562184
-0.0121226168511051
-0.00721714363737114
0.0144044448272567
0.00778728404870321
-0.0017041187376865
0.0141498499477279
-0.00573529949876495
0.0105889805859469
0.00302998295610912
-0.00997866184645346
-0.00523245083562962
0.0132815922624125
-0.00314425844650579
-0.00846195573494413
0.00484457433769592
-0.0143057492089866
-0.00525776970042102
-0.0080900440391094
-0.00578909767902225
0.011273531856288
0.00486341370772259
0.00833760704659881
-0.00854982617540401
0.00346508546709501
0.00864802879561921
-0.00772587984074491
0.00688030803645212
-0.00227354833908322
0.00929750625116554
0.00389916836950732
-0.00984355384755098
-0.00271534038581756
-0.0205031869810242
-0.000424926389960945
0.0119142112057649
-0.00411348175440374
-0.0179212175897661
0.0146484335203745
-0.00723891464308224
-0.0136619348385256
-0.00590689539990663
0.00289631848897542
0.00721337637673791
-0.00137469966858816
0.0139888251149838
0.0156438998358421
-0.00184846106050784
0.00242057462883949
-0.0138690188462149
-0.0119105229500551
-0.00927547422209685
0.00022268819452087
-0.0201832852739532
-0.0011703822984277
-0.0187158739699509
-0.0191841412031639
0.00853869092382631
-0.000835561988875355
0.00403511448990912
0.00499926533743889
0.0107365509878914
0.0212479817477131
0.0226402601053035
0.00855199346479907
-0.00412953583052555
-0.00384600039489591
0.0278592994791218
0.0158840319789277
-0.00116920420823519
-0.00741868843621596
-0.00788373790828345
0.0058818061394863
0.00874507290043702
0.00456927642273364
-0.0106987460477939
-0.0169669030866064
-0.00615355708023202
0.01546362466528
0.0039514285470581
-0.0130968926582984
-0.0152883620813089
-0.00265090311468974
-0.0131581991913734
-0.00366093124825362
-0.000240581128885253
-0.00237409536090105
-0.00563667062107243
-0.00168003582530218
0.0195778510235147
0.00164200916706569
4.42412865346853e-05
0.0176234676045848
0.00250058331818792
-0.00171555250660127
-0.0318159180710751
0.0171697730911262
0.00320399966249951
-0.0122989948455636
-0.0254550954030002
0.0111327747349037
0.00877600335849849
-0.00425800674240939
0.0148001171975842
0.0189466720286156
0.00262826710629582
0.00109323011022155
-0.0196634896066925
-0.0101009520552164
0.00432528456598646
0.0111241253200252
-0.0104657180607077
0.0205410807257529
-0.00698658084146686
0.00796883130279902
0.016475913751492
-0.0194945559341999
-0.0156488109583321
0.0336274018316391
0.00386250719948045
-0.00720684171577091
0.0204086066684646
0.00144277591914488
0.0203365396450206
-0.00175799952724098
0.00371186688835579
-0.0250609981186578
0.0116684797571107
0.0266024888528662
0.039912231678743
-0.00968546025862693
0.0035053002690848
0.000238518802675003
0.000418773544001994
-0.00977060121230089
-0.00205077665223286
-0.00434870699263179
0.00426595199193969
-0.00287090073135587
0.00727375131287111
-0.0170900950621515
-0.00723655737929896
-0.01788692271343
0.00932906582064597
-0.00977313750861519
-0.00519261895379586
0.0203862072940755
0.0111127264312714
0.00654939084734529
0.0232139379830123
-0.00419953067590129
0.0262065811439633
-0.00267032554884672
-0.00786566805321165
-0.00181712309300686
-0.00457859831241514
-0.00320732411723945
0.0219458820834788
0.019239265540536
-0.00195868375636365
-0.0374881286520523
0.010394564968756
-0.00637448867837875
0.00723742528249183
-0.00423078406185162
0.00667416548674815
0.00340513914755824
-0.0124620056575218
0.0137079929698452
-0.00480555516422143
0.0206777295444205
-0.00987340640167211
-0.000238765097003935
-0.0112361423575962
-0.0215049537782477
0.00792392710996026
0.0079937991895136
-0.00629901604294147
0.000871371620576156
0.00542713107200754
-0.00166032407007144
0.00312310788750025
0.0274018350949312
0.0138667924724061
-0.0118374469613656
-0.0165065588247639
0.00536572935490121
-0.0238306988553898
0.00213846055668476
-0.00935053366260163
0.0180130370203688
0.0127716729286274
-0.0149719713132512
0.00705732835206696
-0.00437299405404268
0.0171251155195762
0.000742359255859526
-0.0156326780251135
-0.0134113379537588
-0.0116789726204516
-0.00344656330311466
0.0235786554600708
-0.00256668465036114
0.00193514432916864
-0.0211887417140115
0.00363022827107962
-0.00394814626234563
0.00043076601648373
-0.0116088375102095
0.00208517828369104
0.0251542008589052
0.00712255891121849
0.0176729039842378
0.0240220344735107
0.0152012201439078
-0.00417456765181257
0.00621674572577469
-0.012426503485603
-0.00707574102512609
0.0128177244210832
0.00249169189119414
-0.00541809796476045
0.0194550142090826
0.00503786787233196
-0.0155583563073254
0.0106437255471956
-0.00836382884048348
-0.000563792800770457
-0.00887824032486861
0.00112186005268811
-0.00928092251452206
0.015170603427535
0.0155792561314758
0.0144197348685449
0.0175383054904064
-0.0171611803920317
0.00520689440752875
0.0176439228120255
0.0134605650790522
-0.000837673803586014
0.00248776670765771
-0.0101982723301575
-0.000700509344287781
-0.00877486926992788
-0.0074462078006583
0.000471151124585845
0.00468687642484689
-0.00264200454176589
-0.00188899684571631
0.000187022990516539
-0.00189190277199458
-0.0135236052218186
-0.0135274805898362
-0.0168802381648536
-0.0136480383503681
0.0027356931563336
-0.0117293283660267
-0.0145782472007028
-0.00861857648786923
-0.0120956785301551
-0.0114905808655088
0.00490148008467095
-0.0176626686224228
0.00343013621377608
-0.00191435387815275
-0.0262124533914978
-0.0118107845505708
0.00267720157751583
-0.00262516043689587
-0.000119625936454426
-0.0120517424011979
-0.0032997916712727
-0.0185159364722658
-0.0111020448932813
0.0141104917309374
-0.00336000663478941
0.0101468783620007
0.000892535301355579
-0.00244306774212077
0.00644131276077964
-0.0109879508184036
0.00767320875402078
-0.0103049451283592
0.0140367912631607
-0.015439299646232
0.0117157500470668
0.00670104342562006
-0.0020269326530773
0.00747438853409221
0.0143527349456321
0.00911000203648094
-0.0175449682718405
0.0105866875359819
-0.00665312928738082
-0.00183950230366747
0.0015357955245463
-0.00623493089581117
-0.0206011561987633
-0.00808746280718076
0.0220198618102128
0.000877424803325866
-0.0222861745958998
-0.00571256731621084
0.0114934780519622
-0.0119513020889581
0.0282609245094836
-0.0177957223503942
0.00379429538652865
-0.0112507745955028
-0.00317196556110844
-0.00618541808381146
-0.00113324352075317
0.00199710096948635
-0.0147857078670626
-0.0145740250603446
-0.00415566342460139
-0.022577570473354
0.0131054271393243
0.0264566155208961
0.00131389981192243
0.0118283022988734
0.00141783234889026
-0.0229072413896283
-0.00130600227406497
-0.0215423707004661
-0.0085378740240678
0.00477635660490527
0.00637999933641531
-0.0186865626466037
0.00709893725147381
-0.0104186144659728
0.0130709968901339
0.0219204657062182
-0.0113316510923589
0.0113969302325909
0.0076963932191525
-0.0105981285356851
0.000198089449179761
0.0226188710978938
0.0142091584898871
0.0166160034443443
-0.00545715243683276
-0.000130655439543048
-0.00494626141844634
5.67074995654337e-05
0.00240181342969414
0.0673569695008993
0.00594696411755535
0.00119674033635953
-0.0214732671293945
0.0103042904239796
-0.000932521958008081
-0.00512669815214117
-0.0015621344055603
-0.00727090460905266
-0.0115276242021185
0.0160393227887283
0.0129750864092966
0.00798747216824047
-0.0016826169047004
0.0134979633385246
-0.0101539195907385
0.00152676437475208
0.00641211232216499
-0.0100072697373275
0.0107214641058508
0.00858998307300851
0.00051691840630852
0.0107620656992857
-0.00243296817589211
-0.00920181331765768
0.00736937696748896
0.0169035307900707
0.00538828389595736
-0.00713363125447053
0.00610460905099686
0.00148261452595477
0.0190757392109813
0.00129907556653919
-0.0101050228529189
0.00107906410581471
-4.68974893657048e-05
-0.00263843120318441
-0.00475813868745334
0.0102492657141067
0.00385699625112323
0.00861163016896072
0.0019562238314812
-0.0187050669733004
-0.00131236930686285
0.0145262023759649
-0.00121916713025527
0.00356794408364003
-0.0167393258133348
-0.0118022516284633
-0.011795292199352
-0.00180419486229866
0.00769962056535967
-0.0302671050950725
0.00221541365186795
-0.00069326428618588
-0.00333066404068028
0.00146706293442733
-0.0137696960626954
-0.00351181257233968
0.00139608626093057
0.0364725745683678
-0.0024088841859875
-0.00386610957630573
-0.0200358097541748
0.0062380715354724
0.00903686677606963
0.00754654792709353
-0.00212476271732065
-0.0166321671731104
0.00754123911334048
-0.00420361739877073
0.0204228833558719
0.0110944481515194
-0.0284818130790043
-0.000364136469418241
0.0149757177060472
0.0156810111104377
-0.0138988122709236
0.0120631046083819
-0.0122298773384024
0.0288045027293418
0.0025243672277
-0.0154107446230167
-0.00261609873704138
0.00602401179002854
0.0059407277913035
0.0104659707768739
0.0159987497551128
0.0104395922318083
0.0178579319144703
-0.0080094048162529
-0.0132323403580301
-0.00936769938702398
0.00400723289849481
0.0109641607683919
-0.004814497185329
-0.00945731562787522
-0.00488769121577448
-0.000517928936449863
0.00465724136857126
0.00840838426807977
0.00341956649762842
0.00982323841030208
-0.0172590120292249
0.00642237297929427
-0.0204023601568402
-0.0126976252131232
-0.0113249710175243
0.0169819301234888
-0.00163166517626934
0.00151335040593814
-0.0117901768092157
0.00365893407952456
0.012904958267228
0.00403629879393819
-0.00637967541735485
-0.00207436022442486
-0.00378265485589857
-0.0195960082708986
-0.0101665045908241
0.0187825937308652
-0.010731887239146
0.00367910314474251
-0.00361582145751349
-0.0169222198365127
0.00235753000090888
-0.0224940620458938
-0.0157149327551132
-0.000426446983532003
0.00621294220612256
-0.00253044873902653
0.00625707119399621
0.0231101873323887
-0.00610148189051252
-0.00178363322666364
0.0104750003184648
-0.00340668150293055
-0.0214689189226558
0.00918338359013049
-0.00292605499226539
-0.00761965114843299
-0.0116539547152961
-0.0199670345038232
0.00373885507051597
-0.00790720034389558
0.0201885764328189
-0.00467543117159508
0.0103945150085387
0.0178469908445713
-0.00414658027692738
0.0117269847689681
0.000612166096264133
-0.0189297109961082
0.000416879244212964
-0.00440185782176528
-0.00707071446095142
0.0178248212628631
0.00921182739823045
-0.000633583644805924
0.0174132622970244
0.0162727998800527
0.00390141969146107
-0.000438253262691646
-0.00535736786020458
0.00481494609387312
0.0007114673225459
0.0124306963738565
-0.0124308650081471
0.00287319365888195
-0.0072896889914702
-0.0128775431077504
0.00317139292268642
-0.00378030258438677
0.0176829126716918
-0.00478451801079416
-0.00112608090671706
0.0102444329919749
-0.0145695773284071
0.011744202742717
-0.00293356411716594
-0.0167626732146076
-0.00202055341809171
0.00600077429221102
-0.00605562781337454
0.00129911259068827
0.0114395211351823
-0.0138784444675171
0.0156122646309615
0.00679316192325707
0.00237396666657652
0.00311654490411151
0.00469112234446278
-0.0045942138930215
0.00179523000922543
0.0110901613221444
0.00745054013669666
0.00246677172334486
0.0131411938133965
0.0139464489182988
-0.0101805620891806
0.0196971009398919
-0.000442622837409701
0.0086909964192099
-2.69567205570809e-05
0.017599069307213
-0.015391053702329
-0.0221295617336441
-0.00538729188221154
-0.0159012530952953
0.00175500878092372
0.0328363042791739
0.0113874059429744
0.00948557071680511
0.00897997549181717
0.00229153690161432
0.035252624858682
0.00318220030440486
-0.00149462410814039
-0.0130357454436876
-0.0104212698798314
0.0128299852943812
0.00648710597116953
0.00312155123135938
0.00762210181319212
-0.00693912781879291
-0.0080343999507928
0.0265584542387156
-0.0134615988941658
-0.0173130871466132
-0.00373546114205503
0.00274613338091001
-0.000480750699908938
-0.0036181534563795
-0.00487329519528856
-0.00672043748773099
-0.0121860121415143
-0.0108737804515293
0.000655790536788103
-0.00139803922090564
0.00693415111307161
0.0111318612049356
-0.014734152935711
-0.00821434150690159
0.0126518368486934
0.00528308485300677
-0.00626008756892915
-0.00651293142682619
0.00814899562104365
0.0256867847262541
-0.00408813093540772
-0.00405812745275114
-0.0170844324279376
-0.00697605586025496
0.000437515996944526
-0.00602622981335799
0.00122894760961145
0.0337656941334945
0.0334016375676267
0.0304515131952918
-0.0122601464813794
-0.0103210192697691
0.00841774707249421
-0.00286401161716476
0.00250870069960207
-0.000927052567657682
0.0275713112879377
-0.030401084085991
-0.00529213505286563
-0.00204347222132029
-0.0230195725761586
0.00352078625865637
-0.0101729537489508
0.0218009638243668
-0.000783745458129204
0.0102353278913583
0.00557754435009983
-0.00176912863042311
0.00810399737009959
-0.000765579363443791
-0.0028669156963641
0.0341339719403617
-0.0262151540294298
0.00454992743484262
-0.0233365513051051
-0.00670186513288762
-0.00524503916988373
-0.00786318712109058
-0.00532219560204261
0.0130505914473726
0.0082477429877823
-0.0149240365020624
0.00132259330344731
0.00128583403521354
-0.0232723929395746
0.00983128523532706
0.00393534175078791
-0.0129457490544009
0.00119915379120883
0.022304266616425
-0.00178062574638105
0.0123256708382566
0.0233116488478746
-0.0251909846204192
0.00405115298490877
-0.00833611459774275
-0.0133748769943072
0.0331084090514207
0.00283704079957658
0.00991703963913437
0.0128693538417419
-0.00564446567182308
-0.00293446510440454
-0.0154282100645933
-0.0111253544239958
-0.0213077959449066
-0.00661395678562648
0.0167584116006338
0.022066854699279
0.000453283291788509
-0.00225904830326584
0.000706818042420565
0.0039836762939327
-0.00189933369254014
0.00481305068009164
0.00380902398398497
0.00255359621358053
0.0191387374428587
0.0132015418170734
0.0254174712778656
0.0137944755400419
0.00375638655481758
0.0320548088022665
0.00592309466579621
0.00839220570387234
0.00767726303578264
0.0186434578148571
0.00946880180450904
-0.0108911674645888
0.000781106457933944
-0.00929767254464942
0.0155873172587135
-0.0129385064359848
0.0187293614922268
-0.00403148735409431
-0.0190025706656201
0.00620827608408447
-0.0149109472120585
-0.0147035847620618
-0.0109550957928555
2.13924302947532e-05
-0.0310537518391367
0.00587121884246322
0.0079895350557404
0.00381745011149803
0.00140410655153644
-0.0135013336756273
0.00201046847027975
-0.0150187240660316
-0.0125851469857032
-0.000154150641197504
0.013066054421472
0.00579920748440621
0.0224370795399658
-0.00136446816981284
-0.0201109483814044
0.0154573511479619
0.00421192699289463
0.0074114389993003
0.0216853686334613
-0.000998817493105264
-0.0103824110720421
-0.020991766517314
-0.00619750731352653
0.00658086443534067
5.23181349283419e-05
-0.00702756417841499
0.00919170830127136
0.00263401388981777
0.0103630400897057
-0.00249341295304006
0.000329957780282442
0.000592281570700237
-0.0148326513507566
0.00484900615376382
-0.0253585350654859
-0.00795024382894205
-0.000499677111077901
-0.00600288634745993
-0.00428728701049508
0.0140602417559919
-0.0255646940949159
-0.00384290730882064
0.0037678885245267
-0.000287906033532792
0.00241453003890513
-0.0110997188832975
0.0206978724388431
-0.00563283495913502
-0.0100711505872582
0.0195520611543856
0.00393314888188101
0.0155033430788141
0.0137428091830891
-0.00347766079744716
0.00155609678711421
-0.0196428257518058
-0.00297079169366654
-0.0102927984087611
0.0043709299204675
-0.000994645444473363
0.000595486357457986
0.0122142616821996
-0.00520865287785988
-0.036986326753663
0.00692203788138279
0.0157143463007952
-0.0023086213550414
0.0326074752620986
-0.00368842656718193
-0.00379733101468815
-0.00991158780205481
0.0171154627667942
-0.00716709846048147
0.0109032278182966
0.00780476601203084
0.00761621074815721
0.0225594040082218
0.00149144886277597
0.0201140603081704
0.0232248357334175
-0.0022695117472793
0.0119700965997911
-0.00267943785019398
0.00186729826448762
-0.0114239883486604
-0.0140844947068395
-0.0134600687740765
-0.0135246946482859
-0.0151020871172509
-0.0100824879009345
-0.0119008125465552
0.00636069318455412
0.0314281746473117
0.00380147034575629
0.0250027688358418
-0.0118267985559282
0.0280400622052284
-0.00304380274527638
0.00974942115243671
-0.0032751649329974
-0.000623189637844135
-0.00758504641691893
-0.00967969972233007
-0.000786002693020649
-0.00137902346466845
-0.0130301903028833
-0.0084276898996638
0.00167688813515277
-0.0023837783513514
-0.00661980123101102
-0.0148993473133139
-0.00277644332898497
0.00196146861739876
-0.0195289866682753
0.00479420824629884
-0.00334532794086329
-0.00040585909258084
-0.00724663949299753
0.0174566071632754
-0.00902581429429539
0.00934277639127146
-0.000272011060586053
-0.0150485447736326
-0.0133497633268505
-0.0102564663584488
0.00645530093397895
0.0125632493297445
-0.00480305674906489
-0.0010692969755457
0.00642954113061833
0.0239010413091236
-0.00115466058310254
0.0201765588469147
-0.00348351882778353
-0.0223225422528071
-0.00341230838230544
0.0170025852638389
-0.0118125990704403
-0.0129291499996498
-0.00826757248587562
-0.00814817545999169
0.00544845778191494
-0.0116791928408286
0.0152332414444931
0.0197150002403035
0.0070898706083895
0.00204802831662398
0.0076985943122434
0.00586536469099919
-0.0055670583562506
0.0147439852857225
0.0111335719411105
0.0256313473222374
0.00743930337858956
-0.00393716121435084
0.0103721092325681
0.0149227910326104
-0.00514157246094094
0.0162662028373148
0.0117363175783929
0.0202973751222935
0.0105509110318902
-0.00351488841483771
-0.00368123912827656
-0.00662193238271769
0.0221086599512539
-0.00671341766684286
0.018277459871415
0.0135511810901221
-0.00569087752011299
0.0273860070783449
-0.00029501472151594
-0.00141050297614953
-1.9947446167734e-05
-0.012942125534531
0.0031772165967574
0.000895528213163743
0.0285409502008722
-0.00286755864686761
-0.00820152027090693
-0.0032492140276954
-0.00896329067885304
-0.00248595996427881
0.00827903089964899
0.00569036565673642
0.00744325365201171
-0.000839455941225253
0.00905287167831759
-0.00204214955301829
0.00523114706601291
0.00248243821538274
0.0124246653293039
0.00349334516115718
-0.0213219685421091
-0.00391627131515015
0.00609946834452479
0.0217165006895108
0.0123842896781685
0.0118642126331299
-0.00922137064484652
-0.0141823162967381
-0.00909338255579151
0.0123479164672791
-0.00378414420935336
0.032076419560326
0.0104141672719589
0.00743628415279396
0.0341985243379721
-0.0121467997514078
0.014616419630288
-0.0204257264587913
0.00325111761069152
-0.0201669649318141
0.000504244033686874
-0.00401648951707401
0.00584040609195924
0.00360737935722888
-0.0159173355606157
-0.0232089522559153
0.0221070813095032
-0.0258853839343693
0.000623659474678462
-0.0117555960558491
0.0071036671322311
0.0410367546936907
-0.00391732515216958
-0.0149472975562475
-0.00473040239892342
0.0219649077773845
0.0161767072071193
0.0218127652646078
-0.00430165711027186
0.0154651339268703
0.0326364916303152
-0.0110715633873166
0.0204839086991573
-0.014850497625579
0.0108618175877009
0.0172316407290438
-0.00801896213993381
0.00557865435687788
0.0187696431326128
0.00121717096591034
-5.0977476718117e-05
-0.00458250399892712
0.0170599054036025
-0.00577218760686904
-0.0115038661910933
0.00656742113553221
-0.0107932094583063
0.0327717230677145
0.00397177635827894
-0.0165316723787505
-0.0123601166616769
-0.00701732652816922
-0.0125881152929566
0.0108890701418307
0.00569910272189311
-0.00220176307440134
0.0137394009874416
0.000483570319774529
-0.00410242683346418
0.0121668184592973
-0.0115877695594442
0.000445956734353103
-0.0170848326587336
0.0108421572050617
-0.0221302985168954
-0.0139017343448806
-0.00554693711169918
0.0113295868569985
0.00588972312452718
0.0155792673350117
0.0240951532120821
-0.00999239086519843
-0.0219129900833277
-0.00491364136800065
0.0158356341424142
0.0164250129222676
0.00229653234225857
0.00735794812478474
-0.0042308763302632
0.0103046951763446
-0.00816761537208954
0.00566806821219146
-0.00929365627868428
0.01730888251012
-0.0306405745505192
-0.00413099178758181
0.00654981339196503
0.0112124904117561
-0.00803741328378038
-0.00658925314125902
-0.00985235254311334
0.00594176506112731
0.012465409845694
-0.0162500560700209
-0.011478135841136
-0.0200603870227205
-0.00277782882663757
0.00289905280420122
-0.010774129124016
-0.0180171517764709
0.0143790966614823
0.0227346600498812
0.000548009250637804
0.0128984950758522
0.00545263995917367
-0.0113972412669519
0.00145205273930671
0.0023718270515154
-0.00698418128341771
0.0142018893935951
0.0119301814335948
-0.0115194798396718
-0.0157307858799243
0.000621144326274248
0.0110360871066781
-0.00120038833882319
0.0135237728196422
-0.00682825975715318
0.0083247841948566
0.00558792803698616
0.00290761178147747
-0.00621157737442957
-0.00273327623004604
-0.022122594885456
-0.00392560432609201
-0.00590121768568075
0.0036452680344663
0.00491355452367692
0.00925332445617322
-0.0244321983493698
0.00188386834555665
0.00050017990723461
-0.00313485705257754
0.00158109923367888
-0.00890583207354823
0.016868334429887
0.00299466041010099
0.00404262695091262
0.00535699190477779
-0.0081564123111022
0.0108297000755542
0.00512788847410839
0.0240955991632674
0.0151768113137383
-0.0113526748938337
0.00881115917777464
0.0171245837985214
-0.0024272540747301
0.00380243542503322
0.00997860776872983
0.00307018234233425
0.00260995423279553
0.00263011695846771
0.000178208061674567
-0.0301957937141886
0.00811311675009385
-0.00846926578974383
0.000902365597314159
-0.0163140327770677
-0.0138567967181888
-0.0173685330969349
0.00431529918526863
0.0135859875283497
0.00243286908725082
-0.00829431530855551
0.00314518983162237
-0.0140358647310208
0.000482032385002995
0.0158079747943258
0.0212855575713924
-0.00518715716747309
0.00527268980393814
0.000274389076723836
-0.018125998875421
-0.00151090498756901
0.00595057259902454
0.00357669045433795
0.00917301407415039
0.0269855357013657
-0.0138348561720818
0.00691037896652702
-0.00609116560589662
-0.0130486151251041
-0.0178788182696135
-0.0167056240149481
-0.00963690876799639
0.00400392662837135
0.0101296370805528
-0.00936936976094493
0.0271930939649714
0.0182323958820358
-0.00278016450716123
0.00209393536001379
0.00308708004237879
-0.0211110342627858
0.0153188699690698
0.00769294983094504
0.00181310804500256
-0.0337451890290286
0.00730226932522449
0.0134731047577308
-0.0209813691783545
0.00193642072970768
0.0164275612645604
0.0357712996290864
-0.00680736271888804
0.0178421234952424
0.00954740921792308
-0.0173541741626231
0.00888208685346825
-0.0147757994961619
0.00614894515317133
-0.0160729496897929
0.0171754034786655
-0.0101925974123809
-0.00369500593605387
0.00306595330902049
-1.05715334015599e-05
-0.000902246098736015
0.0133072458636505
-0.00390657700666353
-0.0112977332191253
-0.00712143090221673
-0.00143876292874268
-0.00818454069114694
-0.0140286691839098
0.00795063883400005
0.0115978987390264
-0.00722524075073494
0.00657804837855913
0.0170330190170365
0.00951959582900308
-0.0127148083511823
0.00775640884051221
0.0102981061439795
0.000239041233109916
0.0295532536608896
0.00410693743832091
-0.0112185730387804
-0.0115135858419713
-0.0213520113680552
0.0307640907751914
0.00312054952125429
0.0160147839907445
0.017236880555572
-0.0082002512099919
-0.0157534235910806
-0.00852883231515023
-0.00687469934860374
0.000677589995262906
0.00589672254438689
-0.00306861471018927
0.000294710992308822
0.0141068145244816
-0.00429170318519212
0.0081260165808672
-0.011770498392961
0.00787570061357634
-0.0162169490901327
-0.00247885541582882
-0.00814406329030604
-0.00176312431702819
0.0215302855506625
0.00695498158668428
0.00742387670717015
0.00189644324101401
0.015556475728129
0.00588959774756681
0.0285253325278489
0.00171291278091346
-0.0114428726108713
0.00876430777597648
0.0088879757411906
-0.0292455625251158
0.0105278539474263
0.00235968709470669
-0.00532230025842395
0.0177099348861631
0.0130782083755783
-0.00674440818468014
0.00408524689004608
0.00934457358967755
0.00328311983732199
0.005794636495283
-0.0049111183371302
0.0180527100075949
-0.0165844111128859
-0.0176322873744681
0.0148677074507724
0.00254251470084021
-0.00263446324601802
-0.0110450969627447
-0.00713827406807255
-0.00546044030446247
0.00575532806209544
-0.023273129370379
-0.00638343033686084
0.00548053310610896
0.0212895836503666
-0.000476682767926562
0.0115784455589267
0.00474454118100276
0.00354078769746557
-0.0186845143605296
0.00617613188391708
-0.00504514662272015
0.000691840921950515
-0.00634797662603326
-0.00919494452187131
0.00751508455379657
-0.00137525834254326
-0.0235325037730973
0.00980227109920406
-0.00470246221316017
0.00114069240702896
0.00153690615511692
-0.0032309249856084
-0.0063222643797225
-0.00703223411239229
-0.00399050178719307
-0.0011987620672862
-0.0141895900440616
-0.00464666567288674
0.00157099953454676
-0.00133208650065875
-0.00246130292783064
0.0281717382683588
0.00161257791992497
-0.0041891882164915
0.00671244020226425
-0.0165950392917775
-0.00171182927103608
0.0053983625334606
0.0234443624268028
0.0063193726271944
0.00480607999292282
0.0149149578148489
0.012451479524854
-0.00197027274138506
-0.00889871932354147
-0.00198394168079119
0.0292512478400226
0.0143883562679505
0.00175954715136584
-0.0079480755273309
0.00012657176080566
-0.0129418749389352
-0.000870416329430412
-0.0145590709772225
0.00798545905139392
0.00187000654045733
-0.000431509064167557
0.00708082633318519
-0.010739237679056
-0.000648035889055265
0.0238942048313877
-0.0132515218456817
-0.017608295901173
0.00695650096848333
-0.00376824508341045
-0.0165547552700236
0.00841391201682384
0.0154504241941407
0.0151358565537709
-0.0079006337966625
0.0319734582341233
6.1640363719917e-05
0.0443506574771
-0.00026807584834998
-0.017482959436343
-0.0263350056950902
-0.00434941731503891
0.0150914014562851
-0.00708489320787642
0.00647208853579428
-0.0160923961506541
-0.0278929283596732
-0.00852307573244104
0.0145242230264824
0.000899039472557206
0.00995795669628841
0.00800201184397054
0.00372010403602374
-0.0105475892688727
0.00473306458376932
-0.00636649312362891
0.000296886227376447
-0.000353808067227845
0.00591850088517631
0.00244237525611624
-0.00343726665441224
-0.00261239933017521
-0.0106274641661717
0.00252611621973564
-0.00732628250358758
-0.011131272343599
-0.0144272553365266
-0.0122786644198207
-0.0225065382758931
-0.00640336060634539
-0.0242168596851613
0.00672776876097281
0.0283546988314427
0.0122893914747113
-0.00885524627153522
0.00307833780978939
0.0019255725589904
-0.0337389770679639
0.00168080741983445
-0.0148731107056452
0.0128287881399345
-0.00741426453875427
-0.000821115514170856
0.000756937747821596
-0.0257348049588071
0.0204142143497368
0.0142599916691353
-0.00589423727869587
-0.0210122979855498
0.00284861308302276
0.00446495415951098
-0.0120481485792272
0.0207108305828125
0.00659535617739238
-0.0105626559732457
0.00885595386652227
-0.00617371007499479
-0.00736031333209297
-0.015848646641146
0.00956764483700745
-0.00499711592649099
-0.0135276415221437
-0.0121745303879131
-0.0128936654338805
-0.02556959344669
-0.0230224740505705
-0.0176945256620495
0.0136384220116135
0.0109655735724168
0.00648314228378766
0.0122892921669386
-0.00748874586468062
0.00244706237030634
-0.00316704271269153
-0.0240739095725093
-0.00634090500664541
0.0175077894832043
-0.00260539933275261
-0.00776949432237117
-0.0029127406963454
0.00444130536448739
-0.0121851584872044
0.000640275445100258
-0.000757008957737781
0.0199451034986939
-0.0217286078606076
-0.00822614972070923
0.00148195106460847
0.00678844564249381
-0.00661959553200298
0.0274984902574911
-0.0125810162655764
0.00933064903475511
0.0154031694740375
0.00949506703425484
-0.0270919821303792
0.00187184100406412
-0.00445144369484574
0.021469607979121
-0.00601517140746566
-0.0105851796809908
-0.0157450434755546
-0.0137126007615187
0.00364788965416452
0.00517807934365777
0.0022120703844184
-0.00712724823839572
-0.0155425394202577
-0.00976368879186573
0.000864862242991649
-0.013778835027491
-0.00301206711875501
-0.013174537701202
0.0132078381040053
-0.0148105322109942
-0.0120487291506564
0.00522508728548843
-0.0158830903331726
0.003830920158018
0.00809806310591554
-0.00510691667174257
-0.00677943288482474
-0.00532061337123757
-0.0063730031812117
-0.00540011731260925
0.00257440797300035
-0.0154469942765765
0.0137932191016912
-0.00103165960798357
0.00420905586393516
0.0221587572464408
0.00649202890038403
-0.0102828953815397
-0.00731613264759901
-0.00300601838461922
-0.0109652902580724
-0.0128836014379257
0.0193923554969153
0.0126026516120366
0.014415201606079
-0.0160244949193835
0.00646638505268982
0.0111759424830691
0.0151975443601842
-0.0130852872938689
-0.0185545223736128
-0.00334277154725449
-0.011473095519893
-0.0114563655417665
-0.00819203259248269
-0.00599856432700108
-0.00189579431498466
-0.00685405379282855
-0.0249098026596943
-0.0132775430067245
-0.0259541708200164
0.0152168152181744
0.00831836612092296
-0.0283626269189661
0.0217754572690279
0.00819354889426727
0.00959281749966401
0.00868033204548446
-0.011208275869226
0.00558226456788091
-0.00125385179234705
-0.000553289618011377
0.0226667946392514
-0.0178721776521904
-0.0158415640807377
0.00945610047492806
0.00603673432758178
0.0152125943967096
0.0141423582562439
-0.0061580084094679
-0.0131704566947963
0.00821625905901335
-0.0180854235871699
0.00248719816891807
-0.0146032418221704
-0.0224762149296271
-0.0114296001372409
0.00826161757470167
0.0347410638968952
-0.0154676859241913
-0.0125701578824629
0.00686345495086371
-0.00207375609633154
-0.0188229969847473
-0.00167978789466261
-0.00015694977385472
0.0306650115262812
-0.00470261786475312
-0.00224099338677775
-0.00447038895711849
-0.0103070747107594
-0.00090642192252588
-0.0117392928383317
0.00757598910862001
-0.00594531268776777
8.87064214296629e-05
0.0136259369738667
-0.00344033379336217
-0.00204560291103029
0.00456925135202368
0.0122017822397478
-0.00493015971431099
-0.00417902135827219
0.0120767292008477
-0.00448526446451325
0.00118304677076608
-0.0182352320341028
-0.00531959631293155
-0.00230027416539258
0.0408618766605429
0.00355115429917419
-0.0102457170533796
0.0062511816275741
0.00114318265119451
0.00794940264031752
0.00886486596991531
-0.00819326736295345
-0.0151080148654028
0.00597925134975519
0.0142259669144877
0.019688552697291
0.00218407889520833
-0.00786676062210745
-0.00493320006318676
-0.0115857951012668
-0.0113252832107005
0.0197831683662599
0.00952078896420083
0.00264832445047603
0.00927788949541508
0.0095782364267869
0.0101414726522648
0.010343257333906
-0.00140956372944423
-0.00218192271490736
-0.0112405223506453
-0.0186118702487885
-0.0160327665691256
0.0124956211155691
0.00895688844750175
0.0173404102406245
0.0136671736489937
0.0460593044648672
-0.00183311584495982
-0.000280762481114749
-0.0173052559053417
-0.00866688406822114
0.020748423477059
-0.00491955286015511
-0.0137356712010881
-0.00409334235885694
0.0175505256879909
-0.0206103153472057
0.014236498661738
0.00231264777585771
0.018149709113608
-0.000499502501831728
0.00179807986310543
0.00833846593049081
-0.00902322184147408
0.0146403430206643
-0.00872898462969651
0.0137910247721713
0.0213070369579871
-0.0076592501582482
0.00575564006152973
-0.00103025001483559
0.00727924522274037
-0.0138776144947421
-0.0136281227503066
-0.0111014263018028
7.70447174627265e-05
-0.0208889250527253
-0.0271551947108684
-0.0163470007878921
-0.00610923770767613
-0.0183615705254105
0.00312099732628468
0.00199697078064709
-0.00681188823810253
-0.0223390442310638
0.00301241824647036
-0.00594000351407686
-0.00251119677573541
-0.00470002044466789
-0.000945271106299828
-0.0199827756575761
0.0075693011526301
0.0194305213156039
0.0180529319705514
-0.0013763533484461
0.00618774182393977
-0.00060593311055257
-0.00746072951433696
-0.00127962134553172
-0.00842096802468006
-0.00708207592862387
0.0013856332983071
-0.00114606143335649
0.0160054632946807
-0.00581750353600086
0.0140415126650257
-0.0138906991954606
0.00410449733705143
-0.00347134777182134
-0.00150832295600978
0.00851479066046146
0.0171206518626796
-0.0114091080481238
-0.00126201125102199
-0.0139412443998523
0.00478428917625351
-0.001835762743017
0.0192897862159622
-0.006026953210025
0.00952463940663684
-0.0148821481339336
-0.00234554512195118
0.00738464443434594
0.0166264283229154
-0.0179349011594407
-0.0323247172902708
0.0228825819461207
-0.001566176578784
0.0105937839228272
-0.00537527489401057
0.0256391791283246
-0.00226191177094748
0.00474679468056571
0.00184530881759137
0.0102550043424472
-0.00317827167914864
-0.00268649816936062
-0.0158234910909947
-0.00448824509367185
-0.0212869003915657
0.00599652930975658
-0.015945852225963
-0.00425711075653723
0.00616909589211723
0.0242100324284902
9.83089147226224e-05
-0.00374617310063208
0.00706639652547203
-0.00423379444561611
-0.024780477358922
0.0277730851871141
-0.00743476730353265
0.0172352937628286
0.0104763257714531
0.00511061790077605
0.0403283845395936
0.0115203688469343
-0.0173179138572657
0.0197649951133059
0.00507790795043661
0.00386507141437775
0.00871542958214455
0.00893738159110313
-0.0167207267520979
0.00977511921708718
0.00680099715654414
0.0200065756151879
-0.0154828013146986
0.0224381197072443
-0.00857400023228294
-0.00268389766077881
-0.0151506643505659
-0.00510979178803694
-0.000627890747777471
-0.000696244249988709
-0.0215366128957726
0.0038900930025445
-0.00934938898331694
0.0179195636006497
0.000683552715054603
-0.0127313310582071
0.00586392498743571
-0.000569406865203348
-0.00682281576239241
-0.000151501722800873
0.00112585095370221
0.0133103117455455
0.00427383657042846
0.0210626367968736
0.000657199989532842
0.0050334833835084
0.0232061053806181
-0.00428478398158028
-0.0213740805188873
0.000855154084963061
-0.00586029451748438
0.011619349387562
-0.00293521996226076
0.00830102872981087
0.00234270729263741
0.021319821721022
0.00488726764035974
-0.0100883053456791
0.00467179919908745
0.0126114970827622
-0.0276692987232785
-0.00297429357182288
-0.00432637160907845
0.000419247614438234
-0.0110031457941275
-0.0118486579718731
-0.00103147138525017
-0.00577961613161371
-0.0119220451520246
0.000167679004267285
-0.0150592463607424
0.00159715961432916
-0.0173669995161436
0.0013840727485217
-0.00501377460623154
-0.00383897728763749
-0.0062644755764687
-0.0104081375331369
0.0173184820683598
-0.0289162172496464
-0.0153287970829794
-0.030806923970804
-0.0178318715324899
0.0126200884304808
0.000316137925748805
-0.00423750177291993
-0.0156702327383282
0.0073786442484991
-0.00237526760895435
-0.0148691032010948
-0.0016514021397338
0.0133036460415124
0.0217915447096395
0.0153135275627196
0.0175833918672925
-0.0133135291535353
0.00416307354123902
0.00238438758045945
-0.00146240174416512
0.0126706522401658
0.00214757902408635
-0.0188078227534056
-0.00234611631089088
-0.0156850858256963
0.000775504792700943
0.00423994016117035
-0.00511535537724761
0.0188985318082349
-0.0108891033456189
0.0101238039441593
-0.000138067695516497
-0.00780013102322918
0.00921316846620357
0.0194762419859504
0.0119247837422165
0.00860636969273543
0.00906585573398999
-0.00785800354631938
-0.00160244562818335
-0.00519228353954126
-0.0151831001768734
0.0235468596180883
-0.00161882517943646
0.00996890681207496
0.00854753393898022
-0.0136482625913654
0.012683331042858
0.00292391350109966
-0.00253453798142367
0.00283037948182496
-0.00531401037876655
-0.00826893531725403
-0.0145098371797019
-0.0042283290001901
-0.0112765397863406
-0.0107616012634271
0.0138053587654507
-0.0235496915871121
0.00614344918120402
-0.014574566984459
-0.00786699369426458
-0.00133904661938899
0.0373601079082722
-0.00426749120612513
-0.00134986986436658
0.000477189395454047
0.000389204570584667
0.00921683923186123
-0.0124453602345351
0.00749871565261273
-0.0136815974976656
-0.0256993342891452
-0.00168709568673542
0.00807663509425183
0.00182610187212262
0.00700963843239322
-0.0496835340222628
0.0250848011531009
0.00825196140405993
-0.00365934108276633
-0.00171423422333028
0.0159807645845618
0.000788782462041837
0.00610417051845857
-0.0059518416930846
-0.0126531189115635
0.0154839770942683
0.0145742001847289
-0.0197860770884368
0.0083326949270397
-0.000893292861595896
0.00513481443315378
-0.00823697189259853
-0.0132834251479608
-0.00368689283710566
-0.00264065130463464
0.0118099087571704
-0.0106442430088158
0.00219439316855663
-0.000277575943234964
-0.0164359334324011
-0.0186346900598071
0.0155787652007842
-0.00946165705440905
0.00401603359594027
0.0123041934604018
-0.01539084827143
-0.00677388027093784
-0.0108327018651178
0.00449397309843214
-0.0047422549130296
0.00139485483110846
0.000620659717032623
0.00383333015498799
0.00626517436480434
0.0119044616607802
0.0181526388740423
-0.00234459742350168
-0.0164924953826091
0.0186577862490296
0.00753217483230628
0.0113445274348134
-0.00915089152343285
0.0115407450321161
0.0117901068090536
0.0116076370077973
0.0117071940056963
0.00655319443092495
-0.0110559345100683
0.0154016938770329
-0.00425760786773388
-0.0152241566240789
-0.00569834526086943
-0.0122867930019304
0.00510014739100662
-0.0109194064979654
-0.0060231054997697
-0.0320023058476657
-0.0183068664879453
-0.00659792528001368
-0.0163264244530215
-0.00358923838424019
-0.00709192225866495
0.00726517352799938
-0.0028537341546766
-0.0100397020806717
0.00155283479203305
0.00478035062729809
0.0138822385508099
0.00418094144318815
-0.00176677629106514
-0.00227983996012071
0.0287055069327202
0.0112922720799382
0.0119602306424067
0.015886676680724
-0.027045844884471
0.00701269912204516
0.0200635516488497
0.00903663520979237
-0.0123601911581055
0.0175949543546068
0.0235494952766206
-0.00596970080605708
-0.0238843577413661
-0.0106976872043916
-0.0112406942218346
-0.0148077299069342
0.002140536285129
0.00992204883890935
0.00211588314985178
0.0321613684371993
-0.00602743048312249
-0.0127796369228115
-0.0214310426386213
0.0246989599997214
0.0141201978519412
0.00152350514409072
-8.12942436212438e-06
0.0153180185830006
-0.00466587686565667
0.00664230252896303
0.00665949771287977
-0.00943484290327312
0.0103423008904073
0.013875670844925
-0.000408887709635763
0.00625155433808899
1.02165930666587e-05
0.0109102287965577
0.0263500605790483
0.0189453583449737
-0.00378344902375183
0.0106094863477999
0.000847919691089771
0.000456648696832929
0.00928063040673166
0.00221510994283314
0.0145869100506655
-0.00321655967797341
-0.0131359300837932
0.00424241010092352
-0.00965573464601555
0.0106558010134936
0.00170415217584541
-0.0042572295509018
0.0214935309750413
0.0308884951422606
-0.013410609109906
-0.0263117413347711
-0.0226918675118988
0.00547489374775623
-0.000954966459334017
-0.00792062496840629
0.00499928160589391
-0.0191807928130174
0.00341474433634481
0.00124310862740096
-0.00189740105635039
0.00203456210586239
0.0128348593540384
0.0005430072405197
-0.0217412532575398
0.0400861002764685
-0.0191974644188946
-0.009153582720689
0.00846765794691962
-0.00190146441288519
0.00653004895117881
0.00252769929586982
-0.0112100912602653
0.0133651967650152
0.0271385186491866
0.0248746000532254
-0.00442969621105682
0.0320561054575563
0.00164558455331587
-0.0118690090285938
0.000889038414836563
0.00321343091703774
0.00481800586584491
0.0046723395648165
0.00775467812888841
-0.000950830680015002
-0.00644842160552983
-0.000580199262630643
-0.00775100532870354
-0.00961133021885097
0.0105280211298062
-0.00987400607094102
-0.0177849075305971
-0.0105481643254279
-0.0200949171987777
-0.00668499943061462
0.00464587691951301
0.00769600627366174
-0.0164232855978561
0.00647127167881578
0.00608674153851929
0.00223693419689752
0.0216521547427035
-0.0130336135574058
0.0139212584188755
0.00171832708465658
-0.00523704139065728
0.0135455177819352
-0.00284765545942278
-0.0129331680149463
0.000229438268958049
-0.0276877217080393
0.00109762602245311
0.000791791853950841
-0.0197382334470237
-0.0293003840376258
0.00300084085297847
-0.00707326765697047
0.00608628166645886
-0.00769594764352455
0.0162826901754016
-0.00468331611144102
0.0257410274376006
-0.005382469951698
-0.00450847829610446
-0.0112619539979715
0.00260088747880971
0.00751845251292238
-0.0231093806041773
0.00921987547764758
-0.00629114153242938
0.00642922304667337
-0.00628989988099349
-0.00780696640113199
-0.00910540239541824
-0.0185450353405905
0.00594066653042802
0.00212104053245099
0.000149668453328644
0.0121004716505126
-0.0304844538306011
-0.00355552418454508
-0.00524399274826415
0.00864993762860955
0.00417937791337586
0.00961554808187159
-0.00952955333282546
0.00836675404510601
-0.00837006413441976
0.00102835876343299
0.00359990185551773
0.00921254812935857
-0.00449679862782304
-0.0113300943439434
-0.000150113108453809
0.0145251817898036
0.0318740126229571
0.00223445464029837
0.00598645935022901
-0.00251739116475314
0.00786057574186572
-0.00417506398164136
-0.00245787923597618
-0.015912708876936
-0.00796311824530882
-0.00152337929153923
0.0102086184265175
0.00479537621787784
-0.0105302006837764
0.00344670628653354
-0.0271401850628621
-0.0153395984498541
-0.00291959544277454
0.000936915084166046
-0.00295845048698062
-0.00144995184176366
0.0163753152439607
-0.00779699547258872
-0.0173331308190274
0.0115221713167752
-0.0175528500028257
0.00173794741993838
-0.00827185152821386
-0.00391312655182396
0.00533811488612557
0.00421776253030615
0.0156736195784184
0.0182268089873023
0.00560775997888463
0.00677484294108233
-0.0134298121812559
-0.0114400157153245
0.0131296995321133
-0.0222435662792186
-0.0042080454339164
0.00401652206377534
-0.00977068206506537
0.0122367498171396
-0.0132624668720478
-0.0204724212631824
0.00336890949312263
0.0202767649680879
0.0130553924679386
-0.00637744175606159
-0.00886600823589134
0.00158412995476631
-0.00173670596232611
0.024338471385061
0.0335913347121028
0.0264564362240876
-0.0185986553452544
0.00951454047172184
0.00496582288309
-0.00292550794417856
0.00913046697992392
-0.0140419700300889
0.00642107911580148
0.0168973872567459
0.00527147671045292
0.00227435755998862
-0.00537542415741044
0.0239657407135265
0.0223544947100898
0.00987582827392153
-0.0105202301579475
-0.00471366333964518
-0.0162938039346283
0.00312042572738847
0.00238332880495129
-0.00683005096476741
0.00476083260578264
0.0158431803114745
-0.00422599162456372
0.00405942753343247
0.00264877493546045
-0.0315824959661608
-0.00729008075760262
-0.0346184617298579
0.00653736133915572
0.00154960992547259
-0.012672950843438
-0.00820685123330733
-0.00638123099051846
0.00466330756630562
0.016804643013467
0.00862584142965694
0.0290418946332522
0.0072410548216979
0.012687904475742
-0.0264975398955318
0.000285731997996308
-0.0119229414362376
-0.000450606422836231
0.00883162820001004
-0.00648116208274985
-0.00735022565573473
0.0319689779777867
-0.00432258509813721
-0.0105510167963772
0.0101974674103502
0.0071908769865896
0.0188703424422982
-0.0103277234559407
-0.00183227878236636
-0.01485169311478
0.0117221275440151
-0.00107579102071753
-0.0187496443204811
-0.0151019125863883
0.00523184236113572
0.0204692107261248
7.74113728123638e-05
-0.0166807983577648
0.0200318036750478
-0.0120761764512558
0.00762076404929779
0.00497829749064493
-0.0161527178995797
0.00903273893664824
-0.00218062349481407
9.49138977102137e-05
0.00902670821760942
0.00152951532934154
-0.01141804873658
-0.00202100311975428
-0.0166530558063975
-0.0118967756239066
-0.000927317690333496
0.0020848537165552
0.00564917506838292
0.0180147869244554
0.00706773296855445
-0.00412741747948786
0.0240503562711254
-0.00105832442951304
-0.000164765983118542
0.00562710233563024
-0.0120330097175323
-0.0136199622190745
-0.0288330661820204
0.0236896337512782
-0.00231078950720232
0.0188449260158201
0.00239263348188956
-0.00487305875020461
-9.16990292143538e-05
0.00729718610328511
0.000913738202720893
-0.00048775069065421
-0.011601087530801
-0.00460192272316462
0.00411269426397176
-0.00654964438361461
-0.00221953326855839
-0.003279003967668
-0.00275718720535068
-0.0106376255732243
-0.0155283820440069
0.00897981466739317
-0.01119468424152
0.0204217183797368
-0.00162085840813653
0.00143402140066762
0.00427732274616766
-0.00759131082422115
-0.0039522766860145
0.00719046353906094
-0.0113115825349102
0.0197022523663488
0.00119631126144526
0.00260396809535202
-0.00168073202952179
0.00821494615433949
-0.00496598858480901
-0.004194068844253
-0.0171924782958008
0.0119212675680238
0.00878423892646296
-0.00372400729732192
0.00950181499307234
-0.00127873420553115
-0.00065096574253154
0.00960956260053081
-0.00637098396505742
-0.00665261121053717
0.00154815494965632
-0.000234629977143186
-0.00918370811702474
-0.00581147596436438
-0.00613780659529617
0.00822245118406251
-0.0185141067678867
0.00270526277139105
0.0143034281146353
-0.00344278144375743
-0.00670937398565208
-0.003366827858164
-0.00660318881388555
0.0122755807756469
-0.00224397908905694
-0.0105012455690208
0.0176796776930495
0.00826972818745197
-0.0235446717413001
-0.0178212309941497
0.00310497548307609
-0.0220757228450648
-0.0124881123484908
0.00197953374255988
-0.0116380930209115
-0.0192124884625198
-0.00217226006173732
-0.00533379925476041
0.000131426346534624
0.00903586695458181
0.026483642904493
0.0137242896365706
0.0133035065307556
-0.0184087674304099
-0.0109591282538233
-0.0161627986986765
-0.00879679130999023
-0.0267174866363415
0.00556118763461733
0.00518269647035474
0.0428032561162492
-0.0197117468393166
-0.0152559756479498
-0.0140113344121726
-0.0218671592147093
-0.00989197799191999
0.00315504367618225
-0.00608548079993021
0.00134156157041687
0.0159178510470728
0.00556072621627202
-0.00305992086308926
-0.0348396147815837
-0.00167978818385173
-0.00706140195311811
-0.0147640600106858
-0.0155361075002372
-0.0139035590185852
0.00583543629171501
-0.00863326811074216
0.00919458710072618
0.00154344247306959
-0.0105408436466128
0.00010731438575462
0.00112844352547015
-0.00180288602143541
-0.00733575245880225
-0.00486503004734296
-0.000827269198685698
0.00679935550725475
0.0180355516877491
-0.00850047213502769
0.00290850969248702
0.0105215053279473
-0.0171821610262182
-0.0124653850978582
-0.0211994489417986
-0.00662676257157457
0.00167652588597988
0.0206928346806254
0.0061545529364615
0.00587700883036035
0.0142760078451598
0.00859128929246822
0.0027027459823401
0.0122977316322253
0.00933625916806236
0.00438908973361762
0.000364380535328834
0.0105030200913347
0.0174915021084452
-0.0217069416936511
-0.00590647966214064
-0.0107242602344328
4.73880675055938e-05
0.028976760800175
0.00255700974877904
-0.0423380536130491
-0.0094367388153298
-0.00103797087286672
-0.0137582243616112
0.000613997626430773
-0.0114337773358653
0.0176439070567209
0.00682064694735196
0.00302824454264439
-0.0134005630587364
0.0283818797101993
0.00733752933603249
0.00914588625741963
-0.00969019277241756
-0.0192754329385885
-0.00733114178138905
0.0220394844435017
-0.0022031305921022
0.0132418935055245
0.00534885331151358
-0.00647981649426299
0.0319695933244493
0.0193297817596179
0.0105411149561458
0.00653937610062094
0.0123572036220292
-0.00415651702189912
-0.00407166804401093
0.0297474602827901
0.0342793846615681
0.00539328068479072
-0.00508546143984034
-0.0183146769867513
-0.00135494059371943
-0.0118646937294855
-0.0203128107172255
0.0069480004645861
-0.000337852265088756
0.0131464747189032
-0.00280467343024782
0.00390802229008713
0.00212599152474269
7.36192457875262e-05
-0.00955871937732233
0.0035948264454273
0.00825823652398761
0.00936784671842084
0.00628821801019797
0.0182852617114602
0.0174669369029736
0.0227101895830089
-0.00241955354708701
-0.0200601313772069
-0.00540839074835731
0.0119481225916918
0.00495195124769765
0.0131986005366596
0.0181304042288986
-0.0201284206659178
0.000133526236561821
0.000520295272828264
0.00204884119540161
-0.0325327618788123
0.00582092046321314
0.00753136995571246
-0.00905848804694287
-0.00204531315234924
-0.00330034451902073
-0.0220636623711048
0.000731887123412989
0.00792007270143102
0.00570413908010892
-0.0257929833648056
-0.00214594984558225
-0.00992464562298778
-0.0107721636946714
0.0125116440050412
-0.0228921912166378
0.00690030817021992
-0.000371760580549108
0.012926268999621
-0.0105744116519073
-0.00509108560669524
0.000971251297952946
-0.00301745383666763
0.0143573780329049
-0.0162172271341454
0.0267832846744902
-0.015217002590509
-0.00717805814321615
0.000810769343232209
-0.00313606513337916
-0.0114090200679335
0.00382547434183778
0.00527121363715111
0.0220964714611114
0.0112360167065493
-0.0350052301619481
0.0194899821877534
-0.00519186440307351
-0.00880825181560674
0.00331705300609819
-0.00460395342649811
-0.00413548706947608
-0.0210860601071339
-0.0126415515974383
-0.00345821150507319
-0.00897933708519183
-0.000119376297799789
0.0144979381556709
-0.0252195653746305
0.0139949934190113
0.00154493152303026
-0.00858087668132335
0.00567320671673777
-0.0485443982726643
-0.0062851863249449
-0.0203430299649465
0.0130266818727414
-0.0011668699698415
-0.033818514232987
-0.00942865485374078
0.00130773542010942
-0.00700834970400699
-0.00606369060404433
0.00488463203048894
-0.0057084948444146
0.00791525499166568
-0.00658223913917588
0.0291822802034076
-0.00158197998319487
0.00191557733001346
0.00293780122539822
0.00537285308067048
0.0171893156577738
-0.0246709432086618
0.0273570510045058
0.0131826257610257
0.00852759832752703
0.00368542995058263
-0.00554979210577855
0.0288686773665567
0.0115532650183283
0.0203459879617984
0.0132900504732181
0.00505536448905985
-0.00162779762225362
0.01826869732378
0.0122614101096126
-0.0140858785579159
-0.00141239213072453
-0.023033632141777
0.0177974851960787
0.00370180985316182
-0.0177349921950949
0.00119454206947189
-0.00465049525389816
-0.016244596602732
0.00290885294330323
0.00620970214522742
0.00368669038116742
-0.00394269969229377
0.00674973975909055
-0.00928556664129943
0.0233353146417343
0.00559105447822184
-0.0199378382932807
-0.0180263292129403
-0.000344398118295786
0.0168620423382091
0.0149143855902594
-0.00148209628336993
0.00224046713115555
-0.00756784784370446
-0.00616458484437565
0.00589174089138567
0.00143083155941071
0.00485562001864537
-0.00766591051070264
-0.012388611516382
-0.0292068387049849
0.0105983620345356
-0.0071335607105194
0.0180305871500206
0.00356456114931269
0.00850983444412634
0.00984560556429592
0.00793650212389707
0.0021233157730709
-0.0063379942465609
-0.00507583477604001
-0.0141134863302312
-0.000639791808035639
-0.0063937596728767
-0.0146053006371822
-0.00670797955439184
0.00880035832543768
0.00924746104084484
-0.00872852796581292
0.00256202657934246
-0.0110997418857224
0.00977247060932029
-0.000672182910468777
-0.0165029554303402
0.00949640696249432
-0.0054285292386318
0.00482351954054749
-0.0168073862234071
-0.0152807635778913
0.00253330707327493
-0.0233947937031722
-0.0113312283003442
0.00520951764929123
-0.0157309232408416
-0.0100740696853379
0.0113294563348774
-0.0164040203537645
0.0381447400556834
0.0134703039826451
-0.0255037569625092
-0.0100203956838385
-0.00841978185233394
-1.21018575480747e-05
0.00625639820817803
0.01968022314216
0.00556548970236115
0.0194142081069515
0.0143894343490896
0.00899027789167661
0.00517838205305488
0.0127920291640784
0.0212292891767145
-0.00234834028973552
0.00637792065607279
0.011240879308442
0.011761619333047
0.00288149445613683
0.00593323732439899
0.00033547760610908
-0.0083892559840919
0.00613765320074044
-0.0109468577406719
-0.0155058088876334
-0.00214865736014858
0.011042717172943
0.0135894196328259
0.00683402666287591
-0.0161052728368958
-0.00071537921877507
0.0181959203471944
0.000955932482369803
0.00473277252212867
-0.00469555423877921
0.00942398542374079
-0.00605039481064473
-0.0131657898197428
0.00375646827153986
0.00671657223348276
-0.0286854051172014
0.0215987487074223
0.0106248062482397
0.012236567438249
-0.00402622662055663
0.00425784523775974
0.00592103813417033
0.00571569902043834
0.0109221805750366
-0.00812151484562484
-0.00797421951477872
-0.00109877522934454
0.00232441310215137
-0.0123384014208447
-0.0174607652220828
-0.0273510756778013
-0.0122518364831752
0.0138899136920276
-0.0256514986792418
0.0143907360704816
0.00208756706093993
-0.019280030209277
0.00420943219044112
-0.00778865900402614
0.0168019506176247
-0.0151094121182869
-0.0127355235688782
-0.0270933301401062
-0.0103045089835412
0.0145653356912501
0.00217727746327334
-0.00329412411724128
-0.00826469894144566
0.0256979600731171
-0.0152647078968471
0.0134780472141074
0.00376155960221247
-0.0210204745433078
0.00390850365765338
0.00786431543447819
-0.00331104135235272
0.00295347009768854
-0.0254065146385987
0.0179156164914396
0.0169886477352783
-0.0104165735977073
0.0079349399371349
0.0150599209619173
-0.0122036743301912
0.0069015269455317
-0.0224809228983283
-0.00227255240719693
0.0136719549652167
0.0234166085194456
-0.00921955665692842
0.00933343284761357
-0.0130820183273386
0.00765285337406851
0.0157575574638216
0.00131239372517555
-0.0178800624232274
0.00346484766935795
-0.00569803231555355
0.0149621269109446
0.00832750554995343
-0.00158745748834477
-0.0148945347386533
0.00291070762896695
0.0205191502375843
0.000320832191174958
0.00255850432339066
-0.0149758963490285
0.00457440713033996
-0.00572427817495935
-0.0110188931748585
-0.00804057922278112
-0.0252070557630457
-0.00395806627003736
0.0126086788391362
-0.00913440298555912
0.00990416244328252
0.00122831421388092
0.00646775696253599
0.00362976143452265
-0.0137240885176091
-0.0182631669307263
0.0159966942829506
-0.0039134227038442
0.000698597908247223
-0.00148148367181911
-0.0137981129797868
-0.0198598042771199
-0.0330803602086132
0.00707574589924498
-0.0119172262583831
0.00319047688252105
0.005001038230942
0.0121123162385164
0.00176524903197084
-0.0086622679659687
-0.0182441998356442
0.0521773831591226
0.0292391575657351
0.0168526281052621
0.00868817956198242
-0.00273325645131983
0.00265608587161559
-0.00688424069525162
0.00391895078117699
-0.0107267373207627
-0.00054457215651027
0.0100813562857098
-0.0115347931154837
0.00823884328264057
-0.00858502938637429
0.0199265943107338
-0.00155873485891611
-0.0115070679716993
0.00902908783719347
0.0166766550873625
0.0246814219212901
-0.00176474137960803
0.0251488036161103
0.00309391010509863
0.00525082075038874
-0.0089939301136539
0.0160400042560074
-0.00100375189946256
0.01038429588003
0.00507658392005617
0.00187447731088675
-0.0133993310429954
0.019711679730074
-0.0135174494429862
0.00226572434372585
0.00335047734216509
-0.00573806602891125
0.00145987153640448
0.0121893395827879
-0.0127025961004907
-0.00571261384763311
0.0196480886154031
-0.0119926835918864
-0.0109263787787395
0.00670396855890765
0.000105516665664496
-0.000255746545365199
-0.0120214428675673
-0.00353355231790076
0.00716989246723188
0.0122147835877602
-0.00730307873768865
0.00110138917467495
-0.00518441439261252
0.00591597686949008
0.00436411678699145
0.00269791864955948
0.011632788643908
-0.00370512718331106
-0.0148541513135871
0.00395054745127865
-0.00739659042545782
0.00378658279846178
0.000540186845045199
0.00278469838090523
-0.00975895004556548
-0.00557757044702889
-0.012673624391736
-0.00749957339251672
0.0180458657949654
0.0056858423962467
-0.00584081783290102
0.0033754341701453
-0.0207687464754134
0.0141862472354308
0.00469025227785558
-0.0111047922965728
0.0116291553521979
-0.0141036845393536
0.00494289488198518
0.0195553049070778
-0.00790035395640842
-0.0115393362945682
-0.00472444713543219
0.0173179710371194
0.00700264181564414
-0.00236325706834783
-0.00326752062183822
0.0106836036288964
0.0378710467332741
0.0081531605733236
0.00652265722440148
0.00597510014243596
-0.0137775283314774
0.00289392879273898
-0.0107977868851457
-0.00632209192905187
-0.00893909164889983
-0.0133525647068922
-0.0162295814268525
-0.0202344815526416
-0.0036238860330986
0.000849727782817666
0.011206595811128
-0.0115167759072001
0.00076350284766491
0.0025454464438841
0.0209397388449428
0.0117442917709187
0.00870978307956172
0.0059489601357896
0.00149193785242474
0.0465015523840488
0.00330218675135718
-0.0170743673164484
0.00571064618718431
0.0117988432731178
0.0119333731508657
0.00360921622884547
-0.00781602066517628
-0.0078418377543592
0.00991518764561405
-0.00980309314169858
0.0322736363810296
0.0164876863157719
-0.00266626830336847
-0.0121557657064226
0.00241255573960331
-0.0129249122165156
-0.0129165606503676
0.0107318470682891
0.0122669602465724
-0.00718934222096301
0.00615705529738975
0.00597689974175353
0.0179086591547986
0.0233031682235261
-0.00562378679763853
-0.0176229895319064
-0.0113834054985436
-0.0101205395949631
0.00113355323448161
0.00282728223082884
0.00813054207136155
0.00825154299563025
-0.00455154747616149
-0.00560395640905931
0.0122323252396956
0.0028439336569086
0.0206290092669743
-0.00722920540526495
0.0186954111756368
0.0215226532996589
-0.0155870867261001
-0.00342734015405277
-0.00753364046914662
-0.0108040037049122
0.00863814488497461
-0.0073935521198365
0.0157714406111591
0.0115004953207531
-0.0321129096865729
-0.0187988858857402
-0.0144267464511927
0.00195528688938218
0.00310482301939174
-0.00666495075368978
0.00491885426582073
0.0151446682875758
-0.00200063171078924
0.00400183591789194
0.0103734988268211
-0.00167940633217079
0.0183903652019346
-0.00330118736745
0.0239293061355728
-0.0104585910934141
-0.0110190577062319
-0.0124243831460742
-0.00191710914219101
-0.00248522793283179
0.0246110117148781
0.0123553161719663
0.00778145168052724
0.0170249691920539
0.000373862017230664
0.00694928198292644
-0.00224949797286378
0.0105188419891409
0.0149887656500134
-0.0055124830666422
0.0146650624067295
-0.011302975193793
0.0370218451108464
0.0115187232402878
-0.0231437794306242
-0.00541569383891627
-0.0212708510319359
0.0118146551453133
0.00685002446345528
0.00515397445251331
0.00397671159531754
0.00757083664905167
-0.0103328199205812
0.00361610705133053
-0.00723127290655867
0.00836473003342952
-0.00603525827535911
-0.0168573079882872
0.0145599425196608
-0.0156884278739842
0.0123047652248776
0.00667435655642734
-0.00484839039130947
0.00696630852453062
-0.000536804707230942
0.0245298325006882
-0.0206301456312996
0.0148479108755808
-0.00729167527394026
-0.000264819913011749
-0.00220117568514056
0.00505519086706663
-0.00126425932890228
-0.00974713303009445
0.012732768618898
-0.000329805529197813
-0.0105672697575194
0.00941203391085921
0.00288358635867425
0.00351081580620694
0.00946160735147394
0.00813897317500789
-0.000273824423960178
0.00806693548057602
-0.00503788139388917
-0.0123611895482973
-0.00575238565865988
-0.00154063130938376
-0.0260562786018408
0.0189967849165846
0.0163395997062388
-0.0102972228591298
0.0261306945210666
-0.00289687072895184
-0.0101841773031968
-0.00932250588802219
0.0155191529027441
0.0210423076977424
-0.000639184107642521
-0.00787101308561233
-0.00313830905066581
0.00409612173459273
-0.0104667392543032
0.015808317839749
-0.0158694768971408
-0.000683871281699666
-0.0118121659124419
-0.01502402182299
-0.00466461867868517
-0.00892325853782516
0.0312491289101722
-0.00604727662663151
0.000216729735397436
-0.00185340860216954
0.00990886903463384
-0.00853501723865691
0.00104057501256705
0.00123421402631863
-0.000734216012096667
-0.00115982441365681
-0.00319392310187716
0.0407970631369476
0.00821323164259624
-0.00114842621919209
0.0103383386840257
-0.0100557080640389
-0.00455695702606995
-0.0153375840856285
0.0173901338327784
0.00599508635339774
-0.0112985087489683
-0.00316993577847491
-0.00410727862507976
-0.0109005474063579
0.00431978726525983
0.00711530204731048
-0.0238634669541451
0.0103466866197159
0.00559089143306402
-0.00701041368303201
-0.0155544466212287
0.00502877756582087
0.00813963678285035
-0.00692766262842959
0.00623676458959643
0.00153836406899366
0.000878729034013759
-0.0118887070750038
0.00655197047827727
-0.0188265158411589
-0.000393869472098629
0.00478444760812557
-0.0106291335072015
0.0132622736038517
0.0185297119846108
0.00743557366882008
-0.0156318974557923
-0.0163087313401284
-0.00469744729890387
0.00318661934090336
0.0123221888444949
0.00894890638562629
0.00323104635329052
-0.00895042054736628
0.0171280347319165
-0.017642070601827
0.0078762450658072
0.00148395972692228
0.00550071201952917
0.00841918973870115
0.0189747478346796
-0.00313359825420356
0.00204157869438859
-0.0063786418492775
0.00767583823760454
-0.00696698087860526
-0.00207737697990673
-0.0128388366591192
-0.0192657027762682
0.00173457614437922
-0.00668469768270263
-0.0132715181655811
0.0127036650768488
0.0152273540007268
-0.0113603716179735
0.0137661155403848
-0.0165555380492091
-0.0168441096514371
0.0198077737732358
-0.0090901800918477
0.0195934568698739
0.0138562841820864
-0.0227833274173292
-0.0275875322235706
-0.00623666112244514
-0.0079434252135453
0.0164459076519439
-0.0231947816288969
-0.0167576133281244
0.0077500147859606
-0.00463032492331905
-0.00121815746909881
0.0125565935368392
0.00110658443037082
0.0240918477572567
0.0156371994730993
0.0142982633182278
0.00965782638420265
0.00210118445895802
0.0168912815945657
-0.00734238187360425
0.01735126788315
0.0132521172256492
0.00207056752248569
-0.0199499616393055
0.00648938605728588
-0.00871671588276257
0.00726362083810983
-0.022091459500448
-0.0116756520230403
-0.0253798504885694
-0.00221912570063054
-0.0331744727699661
0.0113884825085755
