0.00110764214091041
-0.0167401065549466
-0.0144279863487409
-0.00989052587570072
0.00406224311911885
-0.0110073476834209
0.0048929953896284
0.000432475817357059
-0.0176377005825348
0.0117891840918816
-0.0056458381939386
0.0152526446980374
0.00875286451248769
-0.00570510866964113
0.013576406696135
0.0167159256590779
0.00769907283948612
0.00943719201889159
-0.010010427532043
-0.00261654656525323
0.00673214988255033
-0.00535189461589169
-0.00838363177380685
0.00149760517214048
0.0207750072982407
-0.00278183998001147
0.014673207763293
0.000247710896552178
-0.0131808286172159
0.0052891453181072
-0.00438802875898503
-0.0318013889355235
0.0230751856162623
-0.00574299934494782
-0.0151539227751591
-0.00365765601640788
-0.00405242774295544
0.00586135455525394
-0.00760652081801894
0.0176743674656148
-0.0101464164857532
0.00345707979785814
-0.0187740563745429
0.00670752211591541
0.00192465628474103
0.00367141159100726
-0.00366235043681051
0.0108510310592891
0.00167268757309813
0.0170639888636366
0.00486084721571878
0.012536356127594
0.0106322802005927
0.00756954431232515
0.00549693661991846
0.00360114072716122
-0.0240228689240212
-0.00471961840715629
0.00652289017225272
-0.00636840786803283
0.0112646912896359
-0.0170647753004918
-0.00824083338104131
-0.00133378337836909
0.00226477130904357
0.011141425314948
0.00887990288535434
-0.00339534216434778
-0.00385632682003134
0.0080451386900986
0.0129389245228761
-0.00745241863410406
-0.0155020842029909
-0.0161542028205925
-0.0100110075478419
0.00495130456603121
0.00833727752287317
-0.00590358550369174
0.00639318025931424
-0.00834034879547829
0.00481962061437535
-0.0206135956029314
0.0143342418816594
-0.0157284422185402
-0.00123232013406671
-0.00541040077161803
-0.00229275028292264
-0.000610076146513094
0.00499186446065281
0.00847037986925159
0.00244116147934648
-0.00996578664513414
-0.0166798119774896
0.0161128010973748
0.0292383115705306
-0.0127010021287628
0.0147493142804755
-0.000421984040638534
-0.000888303994058148
0.0057981960506126
0.0129200017899933
-0.0240453580821161
-0.00884213097740982
-0.000286064279144682
0.0105668398434577
0.00856437217403538
-0.0185437242757978
-0.00430682379720793
-0.00577583249368807
0.00971692336513996
0.0375952080730908
-0.0013974001244712
-0.00635674858325253
0.00476241442786751
0.0277491404592638
-0.0196214265683299
0.0085471928079901
-0.0011114948281481
-0.00362522151572975
-0.0159661688915111
0.00414039727582782
-0.00621394542864273
-0.00703467403073965
0.00337256504575301
0.0164652282442326
0.00889236359697954
0.00336542660077299
0.00128226903269102
-0.00700177369165189
-0.0031501557770941
-0.00830070788858706
0.0138989727720418
-0.0212532750428078
0.0101270451585513
0.00545668551236567
0.00271799562620778
0.014914498859099
0.000971279190418173
-0.0273191390093039
-0.0137938617261675
0.00653671015912138
-0.00559038723506866
0.0289170347282628
0.0314544105265995
0.014859887678579
-0.02117914133661
-0.00339390229336445
-0.00430519563907872
0.0135301406797641
0.0061794157194015
-0.0181467101895816
-0.00161207628388738
0.0121394284914427
0.0105520268276393
-0.00749573498665868
-0.00520868398657015
0.00320736201658711
0.0145630842563893
0.000201471767031336
0.00238255817667898
-0.000296516918112388
-0.0142488088986585
-0.00292386541544865
0.0118702575766054
0.0124163400197705
0.00992033559176342
-0.00197011750073273
0.0175920459013259
-0.00381018468198491
-0.00454662285667951
-0.00776366574822696
0.0146537098201751
0.00282092292632363
0.0123692649492195
-0.00412776830175154
-0.00388474904374903
-0.0157133582703128
-0.00587065030538625
-0.00755638448341323
-0.00521724473595775
0.00715822989704584
-0.00135080659782538
0.00322759684041252
0.00582376165327148
0.00141740528752976
-0.00741557993694286
-0.00282095004638805
0.0126012484143825
0.0131015629899878
0.0170325497117734
0.0302413634850396
0.0172893916817909
-0.00515065947849003
-0.0279100360524538
0.0122483928650254
0.010999902890271
-0.0287796699091061
0.00793027855620743
0.00123372347230166
0.0183998911384098
-0.0267163368378132
-0.0403201470325971
-0.0201125414238064
0.00750442231895576
0.0135514062541962
-0.00223585010783722
-0.0137756369617605
0.000512264184468592
0.00804916345112261
0.00658665331253339
-0.00514182110097039
-0.00355796893070881
0.00138646781161
-0.0105555313925247
-0.00321357287374369
-0.00131338250655766
0.00576668217609999
0.0169101950968962
-0.0186101493835498
-0.000498440703056602
0.00248492319958693
0.0018370256726854
0.00484335212991027
-0.0122647277585379
0.00147888954808195
-0.0158651249746633
0.000123430605022179
-0.014472763457972
-0.0135619862678933
0.0115739443002489
0.00153511447127208
-0.00789530681048767
-0.0170134090066671
0.0143343648312282
-0.00588583704537271
0.00158819895605689
-0.0047685002450244
0.00128446913710789
-0.00714801304153667
0.00561803388873017
0.00487037339437002
-0.00415103219846991
0.0128044078025127
0.0198010586967392
0.00374756315613922
-0.00476498637052458
-0.00348828783660871
0.00393384281426101
0.00423089839260804
0.0116710240437676
-0.0402700596739347
0.0220818957187081
0.00285857157711966
-0.0114849460799622
0.0117664359851144
-0.000967123735774678
0.0168491148648595
0.00298126570679536
-0.00651163426157808
0.00606041589106709
0.0354487507604784
0.0044102347869579
0.0087806065607019
-0.00597699066530666
0.00699540890597028
0.0143701196646298
0.00657104398716157
-0.000236208526386505
-0.0011213518879778
0.00250485154384528
0.0059250934917312
0.00865048426411263
-0.00103144730713467
0.00127504717444538
-0.0139512594746343
-0.00460782404574545
0.00338962277822574
-0.0187058225888226
0.00238357694437319
0.0115031708698243
0.0131059750204852
-0.00946350086466552
-0.00283966926214774
-0.00636390601093773
0.0108910480033071
0.00569942373717858
-0.00497318991046036
-0.00698372293310889
-0.0114287653121874
0.00646391290498194
0.00211122084565574
0.00330164374664044
-0.00427174691508547
0.00126829305686726
-0.00551064111251698
0.0228876946304677
0.00549886197803495
-0.00823386445417462
-0.00193357713490983
0.0178836561009845
0.00380496054096291
0.00518800947528142
0.00466583985791402
0.00877419118281964
0.0168833363569139
-0.00454610831542368
0.0240927889609299
0.0104897129773143
-0.0297735168705575
0.00153863471979854
0.00241066782378496
-0.00576930658166219
0.000608147974375584
-0.00406613872498873
0.00163554469936322
0.00333669740088283
0.00723823309163762
-0.0125927446842908
-0.00213659285331147
-0.0450364508587597
0.0121264626361821
-0.0192875584595704
0.00502179779807399
-0.00176643166550328
-0.00642960407027893
0.00123817011067473
-4.51244622556857e-05
-0.00191476233495891
-0.00659339257980918
0.00562437434003549
-0.000225605280723684
0.0163725027727697
0.00441115879165288
0.000882061118659294
-0.0101267974924948
0.00504244071044901
-0.0169280944688168
-0.00242303212533379
-0.00943781009782718
0.00709043269446319
0.00369048288955476
-0.0183882380311484
0.00520246356571086
0.0152293488362787
0.00222722630895866
-0.0114972918542708
0.00534859729217629
0.0230214177768637
0.000109941451094997
-0.0056069285446938
0.00812832780500905
0.0290388628341525
0.00130900474530193
-0.0216669332631323
0.00189105725263694
-0.017565331338055
-0.00865413494784661
-0.00230336685524968
0.000547344364647984
0.00613035150674435
-0.00197457632442344
-0.0278015462632677
0.00958854894297723
-0.00205668242508672
-0.00738048085528575
0.0145216822332515
-0.0129036785612655
0.00275335425376078
-0.0137057082020924
-0.0110319429028909
-0.0319401893391742
0.0197164794139493
-0.00334299501832724
0.0149997783578701
0.00916323278632092
0.0352921496121237
0.00596063566105087
0.00706554130216475
0.00114832570526779
-0.00703694333796889
0.00957977931000187
-0.0123709794148059
-0.00392271914968845
-0.000728898393075994
-0.0179281731943579
-0.0108412443007264
0.013224630798895
0.00510880813109971
-0.00613424566162379
0.00734181784361354
0.00677980098771336
0.00442093489667705
-0.0170197408719375
0.00580497715210626
-0.0117808350170137
0.00295788587791002
-0.0125749809521984
-0.000756546266043046
-0.00238767704472309
-0.0238285502957982
0.00506340548581719
0.00915209927206817
0.0098892586490944
0.00828956194536445
-0.00347440894607409
0.00291311751472811
0.00192520974422017
-0.0110646361494755
-0.00443736162516117
-0.00808550443080591
0.0171439624139964
-0.0152741072657303
-0.00313385085837403
-0.000828757864692165
-0.00652916745936238
-0.0198353137267659
0.0142938894591378
-0.0229294260029764
0.0116185995802862
0.0129111570637246
-0.013808391749901
-0.00478337586545585
0.000888067945037818
0.00912189719736567
0.000580683110797509
-0.00227373635311068
-0.00165141640849775
-0.00118626286933754
0.0176414017409012
-0.0205930489840007
0.00949547207000379
-0.0170204333218322
0.0169440024550287
-0.0087509355757156
0.0135968671034128
0.00909717143902
0.00291638404010541
-0.00345948371731275
-0.0187623160619914
-0.00719493815244476
-0.0227584637117371
-0.0146823937923237
-0.0214127549842207
-0.00276571623759914
-0.0023729935805985
-0.00655689624143108
-0.00196022696942855
0.00468518220931635
0.00263757424973932
-0.0109293570478268
-0.0186950518524771
-0.00112023935733063
-0.0119593919943508
0.00285763382375137
0.010707670076247
0.00427792233833379
-0.010225363391859
-0.011336769360323
-0.0217779674566305
0.00263238818039468
-0.00408115597238812
0.00388495932748434
-0.00291945656929116
-0.0238223928219359
-0.00881070036498066
0.0164529540076739
0.00018226726281334
0.00861673698883614
0.000565214545650505
-0.0185560870339625
-0.0106526276303285
-0.0231125624192963
0.0118545965154127
0.00063456113559468
-0.0019392447237081
0.00201660425353722
0.000438266214750627
-0.0169718700496801
-0.0201494008135583
-0.0116851401767057
0.00124003535259476
-0.00141301377274416
0.00175984121800354
-0.00360137822225859
0.0118937735484792
0.00306830521285306
0.0209037873302567
0.00204013748447096
0.00406083702686288
0.0105367714926139
0.00266910176354429
-0.00107304073416969
-0.00342307831157385
-0.0185470190776424
0.0204687911962207
0.0115906908769059
-0.00277569573807135
-0.00795432810441987
-0.0179588559516013
-0.0037940119217037
-0.00565303015012653
0.0117670884484777
-0.0155414117817685
0.0098317289850911
-0.00593614481522309
-0.0134490999940464
0.000151809296541572
0.00985462510342749
-0.00605812615095225
0.00318907224223608
0.00952137824626575
-0.00461660518785578
0.00726748082143835
0.0118694488944371
-0.0140390456800805
-0.00052923143352146
-0.00669608412852618
0.00624767455343722
0.0182845522688737
0.0248838102016453
-0.00776541108587558
-0.0112000932571963
-0.0232935458272685
-0.0005784304626264
0.00518757046983787
0.00446470340227201
0.0171277464725428
0.00477883342755092
-0.0260395719022437
0.00431480075706681
-0.0122409975185285
0.00454632653230291
-0.0168962049743655
-0.00706843296337212
0.0102964552460172
-0.00826679501416194
0.00187065842249723
0.010117760384686
0.00415737383909942
-0.0057118784323702
0.0195927595625527
0.0109267676242748
-0.0145418654567973
0.00281961019987698
0.0220431798662446
0.0184563576184971
0.0134590475712351
0.0119842174580231
0.00308366440729202
0.0108366126796451
0.0150666211322577
-0.00428627007202742
-0.0191801038366251
0.0420299374375936
0.00932590720419846
-0.00890663965897076
0.0139986196234698
0.014892505644589
-0.000833339464319849
0.00416380130942429
-0.0202949754784143
0.0294897677418362
-0.00857834188424533
-0.019149572367505
0.00510399129154138
-0.00891005125418332
0.00312559303049653
-0.00687666083681115
0.00357081112804281
-0.00557805202644879
-0.00160150726632935
0.0129345966063212
-0.00823325887875015
0.0032598433076263
0.0271832855238152
0.0234847284247088
-0.00795675818959296
-0.0039703755093452
0.000644778363975362
-0.00336810942663135
-0.00898280736531021
-0.0103756983210967
0.00948218179181382
0.014079038476309
-0.000473148386280542
-0.00182205879800179
0.00196669426865981
-0.00154776604408369
-0.00329351746944972
0.0138870619573623
0.036670916383553
-0.0162920337289396
-0.00664437744676505
-0.00814795277928226
-0.00300011369102293
-0.00204694271838868
0.0259292884539413
0.00243180383191444
-0.00863614181537109
-0.00602833972490124
-0.0148235861191068
0.000988076529699455
-0.00597358674212956
-0.00229580998309764
0.0106028508078815
-0.0100601196714702
0.00981996733535517
-4.107237659845e-05
-0.0035601176921336
-0.00771195514409584
0.00644849905967071
-0.0020582562074658
0.00571857565657474
0.00108747781916207
-0.00561238785339313
0.0315395938020639
0.0142422322544906
0.00592291927015864
0.00893078757431276
0.0181961054282223
-0.0178214415917175
0.00669083960902306
0.00137409033158953
-0.0165823261431619
-0.0114794675796723
0.0178419331266912
0.0177809902068802
0.00281173861039896
-0.012274718341386
-0.00397654317382923
-0.0273488443056902
0.0104090933984455
0.00655354451055423
0.0149080149876912
-0.0016575605457394
-0.0107904575686888
-0.00135787784936525
-0.00423290105035434
0.00208623643239569
0.00704886966586571
-0.0113328653337135
-0.0190259135929356
-0.00930742742344925
-0.00533662179909378
0.0194322524381274
0.000264589928377745
-0.00757400592560131
-0.00250754237388762
-0.00945448305319196
0.0208971785721381
-0.0132921739921503
-0.0258375814878118
0.0165068164839415
0.00023068510825297
-0.00358065246474837
-0.00109922252672412
-0.0171001493925864
0.00990074203216373
-0.0102525505477864
-0.00269400761164285
-0.0172490640709757
-0.00130183973946885
0.00149391233463092
-0.00342681394468691
-0.00128806373905732
0.0186199687124713
0.00411554847419993
0.0156693899247404
-0.0142815642471241
-0.00517080922027446
0.000277672810959473
0.000299342435912564
-0.000451011385571576
0.0190480874420729
-0.0160313484962717
-0.00798404108805073
-0.00181897475103376
0.0202794164066411
-0.00300736411565161
0.00934313490265026
0.00377924667683693
-0.010333825912209
-0.0051649770566371
-0.0300301336351581
0.000358648726042077
0.0117759661490791
-0.00904866915115221
0.018746874497829
-0.0199808267858579
-0.017426326000388
0.00662778595995128
-0.000355973006310961
-0.00414086289314675
-0.0058204159770785
-0.00852978570934049
0.0103917372967999
0.0132072420554614
-0.0233402733444166
0.0106252154777557
-0.00170678635280552
-0.00822714006046432
-0.0204849168524728
0.000626378442913023
0.0157647183773566
0.0510731039831906
-0.0221234248837323
0.00460524262813067
-0.00844478491945999
0.0166489498971583
-0.000559428477668433
-0.00161581057260385
-0.0086353233844445
0.00087893651568649
-0.0204322342180525
-0.0151787150415057
-0.0156229519074618
-0.0139371599768996
-0.01090303484545
0.0178331171209667
0.00256754934044245
-0.0266125453217274
-0.00949105567347708
-7.46816007985984e-05
-0.00386891909057141
-0.0110287720487232
0.0151840767087936
0.00707010594953772
-0.0153436009918266
-0.00637197584665117
-0.0123089594642654
-0.00827279438140849
0.00934821525197194
-0.0074349857338678
0.00674350855157968
-0.00905770835760578
-0.0173726731315966
-0.0106233765801473
0.00584630806169351
0.0142614969481407
0.00326508638212353
-0.00946764610119288
-0.0113738161540198
-0.00507797353497175
0.00580864502708067
-0.0112703583513092
0.0180393608053766
-0.00179463510558087
0.018215069575545
-0.00986726546650019
-0.0207680331914091
-0.00420238704230336
0.0130480548046492
-0.00132262027053365
0.0112267842912015
0.0107810160538815
-0.020668688711579
0.0136298408746924
0.00312548937895052
0.0154607852496795
0.0103679891329893
-0.0165996272425968
0.00101103293407157
-0.00543575111863781
0.00824584938031947
-0.000447173824928981
-0.00377548120431648
0.00231459118590216
0.00216107539402799
-0.00383333208674586
-0.00287853847935438
-0.0287374808406415
0.032903446502246
-0.0239926178677461
0.0161703361112071
0.00113514390297276
-0.0204786514298156
0.0141538440489519
-0.00347442048353486
-0.0156438845871527
-0.00848458196485424
-0.00501962326271865
-0.00652800071034854
0.00243607242689947
0.00543207727916517
0.00545357280620884
-0.0107157899091934
0.000198634963851418
0.0105153435783265
-0.0508711070657402
0.0090526177196022
0.00452302711389407
0.0057496007375466
0.00807449661744641
0.0155935676199288
-0.0108680840493793
0.00608476952638348
-0.0060480200926154
0.0185390538106276
0.0057735676861661
0.0096461612741443
0.00050187706708904
0.0154326664187927
0.00606852216630749
0.00462280167171158
0.000568417662679011
-0.00351161713699888
0.00913473083110006
-0.0123805608601923
0.00836472855437265
-0.00644416010663029
0.00252445542441926
0.000378733049693381
0.0114286551357363
-0.0111892178805988
-0.00448528012835503
0.0127517154280596
0.00451045474460088
-0.00781837233881433
-0.0115999373051157
0.0046439802058682
-0.0147673094501535
0.00951853073918763
-0.0241151250134735
-0.00847404404493801
-0.000521532376311029
0.000235017676885718
-0.000574940042135097
0.0109925038141494
-0.01102059983047
0.00524167244320495
0.00722772558054885
-0.000436102948190964
0.00289138944299516
-0.000822477535560751
-0.00769206761258268
0.0103866879312573
-0.0125334381021975
0.00660099688210813
-0.0137768952443427
0.00640093146252241
0.00283773439573487
-0.00251097300198921
-0.0122655769960218
-0.0114042013418167
0.00773825902762582
0.0134802455644696
-0.00563512303603275
0.00288552778209805
-0.00300682517493733
-0.00183175465478946
-0.00287774950242614
-0.00660195774451644
-0.00702732098850944
-0.012134075707527
-0.00158010416513221
0.0218307201719909
0.0181506104145921
-0.00634729846966664
-0.0175897943580114
0.0086242412700468
-0.00746400993821794
0.0167674774014728
-0.00224961558043546
0.0155884155608881
0.0121344900293767
0.00287931503334526
0.0151321274891973
0.00235824356332337
-0.0173407697833685
0.0110662965043673
0.0126836024671917
0.004041766452481
0.0138515539383217
0.00446721866393318
0.000630449608376438
0.00803430346178224
-0.168806680222769
0.007410964489587
0.0354586344700447
0.0197182310937034
-0.00871473962531866
-0.00856221729005568
-0.00465424317436103
-0.0265890745619455
-0.0027472219890381
0.0315630414991706
0.00467189926120248
0.0142899627940416
-0.0113650101622191
-0.00526546056855182
0.00287595382384254
-0.000498764235418392
0.00209257554070597
0.0128927528546559
0.00982153169634614
-0.00249569939672334
-0.0164559317186797
-0.00818424075944257
0.00343311551962699
0.00953841835072566
0.0103564703324555
0.027646814971316
0.0203341053933954
-0.00926221029495444
-0.000736825537188679
0.0201144662508153
0.020183269553506
0.0078721922288878
-0.0010377616024293
-0.0125388443240961
0.00932276844945434
0.00966380515180276
-0.000386583484674574
-0.0169213433717115
0.00220832322205666
-0.00406386191198038
0.0154493799033784
-0.00674237999847449
-0.0263380116789023
-0.00158877553270642
-0.0023378216294283
-0.0180370613879859
0.0050064516281445
-0.00114541754804343
-0.0148498077101102
-0.0197364476315975
-0.0215785959912314
0.00165662895786767
0.00500439436002864
0.0192713814021381
-0.030367067287683
0.0220954160565086
-0.0115524771858322
0.00742507563991346
0.016064697222232
-0.0144405700147239
0.00206176403868241
0.0046606277449861
0.00433998690805737
-0.0246773485021077
-0.00368118337787493
0.0110080455733055
0.0142545556187059
-0.024356102117487
-0.00616020875698808
0.00414938693327649
-0.0158083304842389
-0.0202517562775117
-0.00839464560083414
0.008822651517022
-0.0263356479170902
-0.000251766142557841
-0.0048076137446742
-0.0221343684423854
0.0111723622438511
-0.00447913686050683
0.00101324476033682
-0.00492232147659877
-0.000446722894874796
0.0076075683336132
0.0179908709531897
0.000361367897667719
0.0198054888922972
0.00116057552829929
-0.00735194726662769
-0.00250025086288908
0.00152222275555758
0.00878844813474089
-0.00609742887781373
0.000375638161941083
0.00509703543799844
0.00264936165042684
-0.0118869607510241
0.0210141388009699
-0.0274091866826804
-0.00307407721752462
0.00293748152133944
-0.00526480092815085
-5.32611577419573e-06
0.00223657268294808
-0.00296328128389867
-0.0161737163361888
-0.0174654361328859
0.00755871384078333
-0.0148967590336841
0.00975482701938368
0.00382625571137574
-0.0100093637435492
-0.00645811873084412
-0.019941828507207
-0.00354076121827518
-0.011741245242618
0.00438074739418326
9.19530734364571e-05
0.0109288130783494
0.00144510886658544
-0.00894634387978499
0.00802009183398589
-0.017365262689875
-0.00855869435803314
-0.0148474564202701
0.0147521139640823
0.0133492217116622
0.00666300722871505
-0.00454041850032638
4.57569732343899e-05
0.0167752060864697
0.0113404604566973
0.0119230397676127
0.00494405151741262
0.00153216059496586
-0.00656044889613838
-0.00106624624136309
0.00157042212041425
0.0051074355189531
-0.0182832583796664
0.00694472396776824
0.0120513231443962
0.0111115918161264
-0.00576475318631076
-0.0101489163233559
-0.000578579908051324
0.0103126630331332
0.00334027717112484
-0.00343253728695991
-0.00231783989037382
0.00023594371173985
0.0195366605028262
-0.00722790402995166
0.0102451992464871
0.00235169155313386
-0.00927342617705307
-0.0111122077728272
0.00290368671808849
-0.00767954862671338
-0.013893497941206
-0.00428818581205981
0.0169771971926309
-0.018313323240255
0.0021625580987088
0.0211145930113119
0.00281926937092258
-0.00157292270697518
0.00171827908384792
0.0100433280853345
-0.0246158348032708
-0.0145054718714501
-0.0112457566384059
-0.000874307165222632
0.011216944960978
0.0171734952637301
-0.00207340696615077
-0.00603972210127424
-0.0116096725240489
-0.00103566432915692
-0.00196989945340675
-0.00650456113140407
-0.0160727753267569
0.00265946668848116
-0.0255555678454424
0.0136606026124113
-0.00510315212531154
-0.0213062325806828
0.0221154072562246
0.0162146064306192
-0.0265835768307205
0.00515936734656641
0.000449990903376829
-0.000682421988072335
0.0159520220320655
-0.000543970343574784
0.00426510884090447
-0.00459766166916431
0.00965469933176166
0.000806957201765712
-0.0158510320679408
-0.0114449330168238
-0.00152938439198813
0.00853656735297115
-0.00216231072599271
0.0122078426254149
-0.000302204548173535
-0.00625030810062199
-0.0262699551221974
-0.0151222089507588
0.00855967776686306
0.00847030248375447
-0.021250102839856
0.003038977738969
-0.00739553502075019
-0.0150335231465171
0.00662564106641383
0.00110522410977509
-0.00186597734124305
0.0152191914123421
-0.00212555277108883
-0.0125546677165556
0.0063725256588949
-0.00252794083731978
0.0137646669412437
-0.0109217150623415
0.0096939120715831
-0.0120446423642431
-4.82510248165369e-05
0.00613129551681268
0.000144102619254127
-0.00088927623571422
-0.00505616887622828
-4.91564823690283e-06
0.00137404640865668
-0.0158525475954647
-0.00788164552357884
-0.00927289783516194
-0.0117933200800184
0.000263234123101697
-0.00640356553439148
0.000683250971958316
-0.0221989623144694
0.000429223569724968
-0.00332448090607151
0.00518510935691374
-0.00256370942842921
-0.00231022200562059
0.00972636736706001
-0.00393502493874642
-0.0194503765085727
0.0072842268789568
0.00509814020721144
-0.0161877899418226
0.00137131662615531
-0.00796156118582125
0.00664889146951531
-0.000990853366308997
0.0127099654442233
-0.0073251052511214
0.00937130677636233
0.00516120243330676
0.00915905202359468
-0.00653118854938306
0.0138158334324103
0.00269092763310397
-0.00204621939535343
-0.0106059855357508
-0.0164526189561762
-0.00612347370892152
-0.00370909961887556
-0.00996581578331757
-0.0125130860262104
0.00665702412421432
0.00856307950973267
-0.00245606341027305
-0.0120224002024241
-0.00243202770387185
0.0034328803577246
-0.00840323565545553
-0.00485655933146489
-0.00966329428733559
0.0115834275412539
-0.0142320711533444
0.00223109535026822
0.00422428536972497
-0.00495532851472902
0.00116295980183345
-0.0187585673515649
0.0085014460348507
-0.0232753978763789
0.00260142176539269
0.0130114970846495
0.00921683977467502
-0.00279313870772491
0.00472175523512952
-0.00730465451441376
-0.00674887953528369
0.033615061376933
0.0181237823195062
-0.00142337387822877
0.015246986440987
0.00105435824096212
-0.0186681811148262
-0.0037158036379541
0.00793690156317695
0.0119950817581458
0.0117703316887781
0.00722585386878727
0.00246094945845066
0.017279767855495
-0.00383338495040064
0.00207262264403951
-0.00101498396974087
0.00294890288008709
-0.00267954154533356
0.0224548165674499
-0.00923310351046247
-0.0208091648872379
-0.0096739230522509
-0.00314713382076803
0.0049398823615654
0.000637328384826219
0.000716393822834505
-0.0172025949530212
0.00756150002409051
0.0216594041030103
-0.00697881479636386
0.0031017404233129
0.0170245320542293
0.00709711658507572
0.00375906226543421
0.0312360231679687
0.00657372065497341
0.00535635368616383
0.019932955766377
0.00828134339871944
-0.0126246407846153
-0.0228461871340127
-0.00402183676388645
0.0184711979531418
0.0189845314985657
0.00779833425252185
-0.00569843015255422
0.00741092386402542
0.00545329843874853
-0.0100650879535262
0.0120029455955226
-0.00738890083954757
0.0151165997666052
-0.00232725621544994
0.0117285255508204
-0.00859979551155732
0.0116229702243018
-0.00545058359523942
0.021579030424304
0.00575502062524968
0.012094614445969
0.00402462091363454
-0.0184297300354785
-0.00321325238967418
-0.00285840043193275
0.00271384280149256
-0.00215138302497664
0.0018594617010077
-0.0176876078796422
0.00442102370692155
0.0100068006017207
-0.0148366234901687
0.000693491576999605
0.0207605466508554
0.0163347807234206
0.0221020837723191
0.00632379163558561
-0.00600145739575986
0.00463425562524122
0.0170656127813515
0.0161333535074402
-0.027193598737659
0.000852788312650787
-0.0141453989146019
0.0188753831934108
-0.0108281371619263
0.0075024738231555
-0.00281283992099723
0.00903480028937231
0.00355135120775252
-0.0128601492854052
-0.0043163031716773
0.0102782947228217
0.0039020379238206
0.0190479658086531
-0.00615347013315493
-0.00818114902403266
0.00850508459279276
3.28334504118288e-06
0.015354581627669
-0.0164024659897972
-0.0105856655346219
-0.0142001332582673
0.00125361541471136
-0.00218600682847558
0.00133451851797517
0.0256746226840594
-0.00538659008753228
0.031731917013456
-0.00165857421136018
-0.0143980689587249
-0.00119840014159678
0.010820140311333
-0.00895278840682678
0.00183187446150512
-0.00574388463455477
-0.0125328672354925
0.00511696956317564
0.00905955481638721
0.00148656016025761
-0.00713011039509936
-0.00370235458417412
-0.00393618035212917
-6.86339201738662e-05
0.00441966000417793
0.0045405698653429
-0.0097453913977219
-0.00468912835238378
0.00127540738804477
0.00662650021717326
-0.00744103868267132
0.00159476149111271
-0.00782888263450054
-0.0085978527553614
0.0243869243651957
0.0060762217634327
-0.000947658662948214
-0.00355208320621436
-0.000835237270058187
0.00454282434796127
-0.0136551869632839
-0.00411311471659559
-0.0205995447240159
0.00637904097979813
-0.0192799568389646
-0.0144000716097139
0.0112882757558914
0.0107484733889258
0.000363069259904591
-0.00404372436698708
0.00745549495775144
0.00754984368091449
-0.0318852150841913
-0.0272590921614952
-0.000904815887604826
-0.0108614429955658
0.000730290037839865
0.003166564872501
-0.00717587205838832
-0.00658483395020504
0.0111979816660011
-0.0112786495753383
0.00252566267236354
-0.00281335615205691
0.00693626997942864
0.00447761106785372
-0.0116380092986965
0.0238264324171293
-0.00325385117351473
0.0162893785877962
0.0135467346467824
-0.000813850411022443
0.0074639544990589
-0.00253130267374679
0.00225266000466817
0.00637799134557859
0.0103059907833494
-0.00265357641843522
-0.00117053052229288
0.0205511096004063
-0.00419288055930522
-0.0160373665643849
-0.012564517039225
0.0204798610259331
0.0184638134870916
0.0285539092286875
-0.0159427081712966
0.0186338280008105
0.000268444623348074
-0.0029731525104193
-0.00575129250453799
-0.01188050220901
-0.00888920862776033
-0.00306246908320063
-0.00833421001199852
-0.00180912305136438
-0.00349692533650448
0.0179516000746567
-0.00273870236559404
-0.00851354635874735
-0.0122369930268409
0.0141464969773377
0.0102820299013722
0.0166688612962851
0.0100385362639273
-0.0104053516241969
-0.0190923556361007
0.00739456112035697
0.009003213360538
-3.73826064254956e-05
-0.0130807154303767
-0.00523519281151685
0.0139229998621513
0.00264520772322463
0.0190526165329139
-0.0122616165332747
-0.0013515847063772
-0.00207466988753779
-0.0177982738168403
0.0263650546057228
0.00190079516866781
0.00806544510545315
0.00945168851279199
-0.0074400017011147
0.00471438029478932
-0.00156639453211405
-0.00586329551124187
-0.00290452161574173
-0.0100297878959985
-0.0165897207570076
-0.00464430833814156
0.0193435358710126
-0.0199119806568415
-0.0147707565466586
-0.00271884525563948
0.00655778643529636
-0.0081471573669667
0.011513329275612
-0.00409716504424473
0.0214903862670024
0.00457084714231826
-0.0182981710119545
-0.015782808095004
-0.0117461831686665
0.000633820169827715
-0.0042200622319406
-0.00515861758917957
0.00936414547319764
0.00493271615852287
0.0139329340638579
0.00952712224129115
-0.00837952437153255
0.0130958364112104
0.00110666825732331
0.00360260257695444
0.00112398738418484
-0.0141303065121487
-0.00683504725970074
-0.0117177562033461
-0.0125943848450749
0.00243820973508768
0.00788420836995485
-0.0109997878675436
0.00480156689089384
0.00780224392608098
-0.00565342301225868
-0.00767601154820419
-0.00547809862344373
0.008987451201385
-0.00219326232395289
-0.00379956130444725
0.0019120671904016
0.0120372593300928
-0.00325227004561768
-0.00814924195569233
-0.00189068843396889
0.0262828149449827
0.00816754399331288
0.021691588654452
0.0096272862448572
-0.00682238062369223
0.0155799272021113
-0.00625511966749315
-0.0119682153513452
-0.00874220245919943
-0.00199511952336628
-0.00712572319794091
-0.00696647551311358
0.0170837436024609
0.01129924290486
-0.0128657328121964
0.000350417018305293
0.00901820228691363
-0.00218176803969783
-0.00583934502999917
-0.00699668971983947
-0.0122531738863874
-0.00710445735534293
-0.0131971911985538
0.0039244385173447
0.010341780618937
-0.00991623351784199
-0.012532507350663
-0.00410801432097685
-0.00755768926274847
0.0134103574767757
0.0173282716655496
0.0168628200062741
-0.0207882591612716
-0.00918731898573277
-0.0122172106861136
-0.0144404675327969
0.0124170259900538
-0.0126191867026648
0.00936855723739782
-0.0220739390117188
-0.0121066534124896
0.0234599666544906
-0.00652219445796476
0.00258358502236611
-0.0135977061858821
0.00820132496663994
-0.0263773421140439
0.000252032671934188
0.030480410548984
-0.0148941282490949
-0.0184059332864575
0.00726659226578441
-0.00669384310371157
-0.00343281730025602
-0.00982210994276933
-0.00360699447534607
-0.0163989054142544
0.00352769022825505
-0.0241722755778593
0.00315788568187081
-0.00514426634033072
-0.0121600414118923
-0.00291908425167975
-0.0165585329598255
0.0135212024971132
-0.0222624611529163
0.014889251618925
-0.0219880682164622
-0.0153299081441389
0.0091900687520905
-0.0199460181396542
-0.00859608978836413
0.0205336195448034
-0.00762330418412027
-0.00259971831886219
-0.00731064964017136
0.00264105039714657
-0.0238834264547378
0.00138315828610125
-0.0106833034466547
0.00791176182989339
-0.0160797087023887
-0.00124151432890685
0.0048590377889024
-0.0102174269191018
-0.000270820603104127
0.0138123826553453
0.0180932539438565
0.00207950040771543
-0.00811383830203738
-0.0106665854835288
-0.0122414426149966
-0.0223346186369398
0.0150638329259358
-0.00883687004580125
-0.00937850143853503
0.0191937303500982
-0.000595579802924462
-0.000950829375193862
0.000408898743019748
0.00466019018845998
-0.016333125698841
0.00385905360588445
0.0315491624370843
-0.00958110049584526
0.00788403032293417
-0.00111889915900321
-0.00176937344543937
-0.00283301373734446
0.00611944256915642
-0.00259322838514819
0.00155883650019994
0.00172294954451679
-0.0205935210907349
0.00480792534578001
-0.0209970970051661
0.00606339350789575
-0.0133836648104353
-0.0105059976732829
-0.00714466325135632
0.00981782150311794
-0.0126997787927952
0.00406466662185245
0.00691848175811671
0.00997697033601774
-0.00280104384813029
0.00528711023980222
-0.00578356374767885
-0.00410110755783144
0.0167026175121681
-0.00518561166505727
0.0174726011961432
-0.0186272027715688
0.00141986551849982
0.0057917611923326
-0.0133744524084136
-0.019304317589782
-0.00617788670409247
-0.00401836213685591
0.00140213039307646
0.0123874534326927
-0.0173567950009623
0.0235676026952909
0.00155184635556616
-0.00736465750172677
-0.01060703711466
-0.00940563144835771
0.0091520355530843
0.0155258654613846
-0.0149090421308333
-0.00369816519748944
0.0139264078572587
-0.00597557242521418
0.00536275860003954
-0.0060967475520961
-0.00471633693815754
0.00566523599745672
0.0068909936856798
-0.000582495168128361
0.0157223251274239
-0.0010654306301987
0.000136062698228301
0.00674843438848605
0.0188782614633549
-0.000466761386967107
0.00153155118468007
0.0309662632251442
0.000594037812918558
0.00794727394446149
0.018336202874714
0.0235521627252702
-0.0284838101090692
0.00915665835197643
-0.0135688095933073
0.00275842931954884
-0.00716705676203055
0.00252429678580057
-0.022271232871077
0.0104475119577856
-0.00731066320321005
-0.00868561852105998
-0.00561949849939936
0.000240455679975327
-0.00399221124360771
0.0135747371915738
-0.0018947102325555
-0.00582553326196411
0.00658270989147169
-0.00274254433733745
0.00155405264859887
-0.0240158098536689
0.0181289824402544
0.0139230624821014
-0.00320204643492161
-0.0173426245327537
0.0145807179536437
0.00504423328978021
-0.00353266857718815
-0.00862615679640477
0.0271223087921761
-0.0170792983593557
0.0120877086961322
-0.00162672859993762
0.00268122549852734
-0.00808963580855249
-0.00645584283866363
0.0134344658297358
-0.0122964489751851
-0.00458911177470078
-0.003254390967113
0.0227419009170706
-0.0149065344841066
-0.00166414305373408
0.000744345912956135
-0.00449272755005303
-0.00318718632420278
0.00357160386810484
0.00389620946452141
0.00404928093984935
-0.0104368468011629
-0.0164917924626522
0.0044907464661712
0.00557439058359499
0.0142222958249469
0.00681637438413318
0.0012184198684988
-0.00613944751593287
0.00211950439040365
0.00900749217137076
-0.00520760257844266
0.0083677645288649
0.00432992433726831
0.0123635036040728
0.0192549210203765
0.00617737431371701
-0.00376947654386584
-0.008140054515966
-0.024749090273831
-0.0101931519327696
0.0106100654024175
0.0102074917037474
-0.00145763940257027
-0.0110908017466045
0.0158907135283535
0.00611377446543493
0.0125991709018969
0.0192733186642311
0.0129681917824733
-0.0137390221070763
-0.00127992323767856
0.00657208220665417
0.0151958676838824
-0.0480101127348043
0.0201442746929459
-0.0106826627516945
-0.018538647519831
-0.0176100850652912
-0.0108665131909103
-0.0211584590288076
0.0191856954225127
0.0068146471762649
-0.0144536448279311
-0.00782960566535174
0.00296413241018456
-0.00485421361010907
0.0168440654991624
-0.00185262920684792
-0.00313749339420966
-0.0081412178388387
-0.0133983980810228
-0.00676665718691716
-0.0116403676335342
-0.0132095768284159
0.00945480494421602
-0.0240924978288533
0.00714474332558979
-0.0295441315038705
0.00160373893235821
0.00160036282796305
-0.00379570373638316
-0.00546967705907342
-0.000382862651932214
0.00746825256323902
-0.0131874572988089
0.00288281689803327
0.00134979860371232
0.00808992603838199
0.00198270036641723
0.00348402961232352
0.0126892028302841
0.015540232782012
-0.00323927880220687
0.0342368148129104
-0.0059771600911489
-0.0261700062523786
-0.00675565021061786
-0.00300863224923908
-0.000571330044026652
-0.0208043281518027
0.0206780389163903
0.0225715685221619
-0.00143180904337115
-0.00418479307779229
-0.0123612148634535
-0.00247857826633435
-0.0154752282896471
0.00686716730063175
0.00277071806889495
0.00418348885205333
0.00707034572089071
0.018177839958744
-0.0130956550285841
0.0110547322493275
-0.017084121973534
0.00253888177979178
-0.00310044164861978
0.00104479635015409
-0.000924535265271587
0.0112181087325673
-0.0352618637866016
0.0225997411209526
-0.00451677066453726
0.00165046531190072
-0.0224870843588203
-0.00396740401046181
-0.00211293854257733
-0.0136243964099503
-0.00516129437773216
-0.00789983548342654
-0.0359556951087523
0.0182494621966338
-0.00490346840791211
0.0150011599387732
-0.0166621362215409
0.0141784829033611
-0.0203267729387289
-0.00385738272433755
-0.0201154667482601
-0.00493304640173164
0.00490893082887567
0.0130063501304907
0.00834609556938659
0.00731679273597763
0.0123741779182964
0.00379318275383156
-0.00689412172209813
-0.00572246496215634
-0.0111726888747885
0.00450617617562976
-0.0143274836929805
-0.00165556319874405
-0.00767879548138417
0.00793687033775292
-0.00573092375373818
0.0151748891117833
-0.00634548424691594
0.00737434469422915
-0.00720908153838806
0.00934970283329228
-0.0104505693935337
-0.00880936619108041
0.0102145823098496
-0.00130587792201808
-0.00576227102139626
0.00511159332363853
-0.0277623545240218
-0.00700025866570542
0.0188326656195752
-0.00498458182729067
0.00564189390211922
0.0037937388120497
0.00292591432688205
0.0118887460626276
0.0023746818229462
-0.00310214393824459
-0.0132715941490389
-0.0158872979694351
-0.000869508640985117
-0.0214581721295346
-0.0146701740438857
0.00990899981828086
0.00444809140011415
0.0179153129601772
0.0193444324588814
0.0179211513880801
-0.0100096654777069
-0.000950394793211018
0.00210704308846665
0.00641800485914779
-0.00527176308926514
0.00225837583640143
0.0126880771011511
0.0204309172570021
-0.0032109502725568
-0.000866334171139016
0.00096639056632597
0.0059780422281257
0.00913250022763989
-0.0114669844633219
-0.00272224501662421
0.0129474049715785
0.0108314573760087
0.00692759600737602
0.0130669429954811
-0.00947518936938252
0.0146465680295016
-0.0028906985035313
-0.0020004566497196
-0.0151629857147988
0.0071209880677845
0.0011930912259448
-0.00421747977483555
0.00104570369434676
-0.0126693888832055
0.0125463455848891
-0.0100826739864388
0.0183371307293783
0.00166056071793008
0.00675899371266553
-0.00408443144033122
-0.0370380167783484
-0.000999146608474888
0.0162195698269052
-0.00235506270244024
0.0066170381079651
-0.0100030625366365
0.00570209992859994
0.0110155373787268
0.00803772742430731
-0.0109202593457134
0.0158999124120278
0.00781899465389557
-0.00392222386136964
0.00864336857680925
-0.0173963833902988
-0.000120719269164127
0.00665842002801575
0.00621850797257828
0.0296349015887873
0.0182467805629081
0.00907762195522643
-0.0246325067115603
-0.0220304364940631
-0.00608595700465386
0.00792785200425605
-0.0375815617688637
0.0229144053538288
0.00871430713185539
-0.0117333725125039
0.0049663417859378
0.0100463436648326
-0.000520675241347135
-0.0144574952730387
0.00243715868556116
0.00220955787142429
-0.00450042682262719
-0.0211444758514894
0.0228253764462014
0.00415478041741402
0.00570643447891861
-0.0104501085526714
0.00112899054741256
0.0119920416370363
-0.00330462043366175
-0.00715451670863665
-0.00566982736795119
-0.0120426108742944
0.00573626013861706
-0.00043125528213217
-0.000414758544694749
-0.00224696279942194
0.0119598751183254
0.0165159291481025
0.00366254867279459
0.00168974050763993
-0.0141440425076027
0.0091212598217183
-0.0170200595898358
-0.00506891330695858
0.0123254323733981
-0.0154844444124915
0.00590931330824063
0.00545096712091819
-0.0293621637011068
-0.0115755349881788
-0.000525927859534647
0.00162499609575839
0.00406909704785541
-0.0098139362586771
-0.0127296216126354
-0.00377180517158315
0.000292660144621593
-0.00415978426227603
0.00673585172708258
0.00218383131432276
0.00575907628258854
0.0102145469472816
-0.0140718142041436
0.00362397654014757
-0.00593096895113909
-0.0080751367849885
0.00294672182561584
0.00593021775647173
0.0131536362831302
0.000786510982230482
-0.0130337771766129
0.00222339204049327
0.0171756307283069
-0.0181212380096181
-0.0195994756118267
-0.00729852266804087
-0.00239141724441971
0.00388356523050071
-0.00479016978116675
0.0048911002437233
0.000665403562164713
-0.0231634340334654
-0.00118155704704925
0.0189951676139017
0.00813543850430065
-0.0116823086303786
0.010237243953048
-6.25923920622995e-05
-0.00612092737289416
-0.00233602114572662
-0.0109521211790486
-0.0122036426493377
-0.0270531128392513
-0.0108086509224243
0.0125962089274783
-0.00791415522385464
-0.00894064613688528
0.0232563845273006
-0.00313527882168252
0.00838438995317325
0.00350658390458314
0.0132857899541445
-0.000852395081162527
-0.00406498023112967
0.00529726531322794
-0.019959731240224
0.010686717522729
-0.00273357099168514
-0.000936415541383795
-0.00333882777239403
0.00776631156285923
-0.00738284819020585
-0.0259596122711141
-0.0117605338347708
-0.00294907761487551
-0.0187366634272799
-0.00704367087976365
0.00921683405140605
-0.00714895495886836
-0.00545051359699045
0.00762043549277003
0.00810485505665071
-0.0244058552128674
0.0129413023395202
0.0121765490087107
-0.0147721246906993
0.00016962359503303
-0.00263697094535154
-0.0193617519484217
0.000114787842006692
-0.0106901763780733
0.00299780705374886
0.0138073133003367
0.0050594385825935
-0.0143573987259451
0.00627480523488977
-0.0145377230759181
-0.00318953305249181
0.00938526952933216
-0.00913758924515484
-0.0265377957527093
0.019700890809613
0.00646519592129202
0.0137804467341454
-0.00809773860827434
0.0148004338912209
-0.015501956581339
0.0122841263026849
0.00532229621838631
-0.0114629293770072
-0.0108785043310036
0.00683786528644426
0.0134420534741277
0.00948202145286636
-0.00211308882516192
0.0191730383466542
0.0299272474798364
-0.00227888637876994
0.0043785599695898
0.0426926917385462
0.016158145450623
-0.0114884701612148
-0.0125652442764626
-0.00737251266020067
-0.00241560978779098
-0.0267122505319541
-0.00232366615493618
0.0071051100011541
0.00634684946622599
-0.0343803953149333
0.00144044768055274
-0.0201254130869817
0.0164747696807765
-0.0126869011509001
0.0103201300184423
-0.000970573343620273
0.00548992943528148
0.0272840191863377
0.00338640797885503
0.0095418348481644
-0.00409930648586254
-0.0184556949090773
0.0177541804675752
0.00230138651321887
-0.015750662760766
-0.00337191442198481
0.0107659117807675
0.0119670314099416
-0.00392615108729899
-0.0053991998449181
-0.00175847476551816
0.00223560511803811
-0.000601263625302551
-0.0248002820494921
0.00819574577674587
0.00460240302729353
0.0196984854804345
-0.00286403679847247
0.00404243914091573
-0.000973400746145714
-0.00508157326595615
0.0178864780717216
0.00327309916920626
-0.00742127294381234
0.0236572668618713
-0.0179943716719198
-0.0289375256917932
0.0207546389095654
-0.00701826783719639
-0.012627351298363
-0.00662591635391863
0.00427385177911255
-0.00908083817646244
-0.00207894586967861
-0.00785135061872211
0.0111236355293443
-0.00705405518139024
0.0215716312702661
0.00640936767363698
-0.0146944858311127
-0.0126780604449301
-0.00703740543272069
0.00854685736471339
0.00408896787765656
0.0162742415164203
-0.0134277780723142
0.000817925814665443
0.0184340437051063
-0.00409874871784233
-0.00307970888361453
0.00714723950594909
0.0112278591748627
0.0151845533045396
-0.018755025057823
0.019113902977649
-0.00173921800715071
0.0111926987180837
-0.0039700101571345
0.0123689115731622
0.0143408942670078
0.0137960189804751
-0.00158542120010274
-0.000801252560167498
-0.0180427752829591
0.0011772514688726
0.0114828149091064
-0.0317583986661205
-0.0237864873346378
-0.00622017765436667
-0.0183385304293129
-0.0123159632931831
-0.00320623966039868
0.00598587488027746
0.0120837804313432
-0.0232944080749125
-0.00815338118747277
-4.56473596432971e-05
-0.000157460281922539
0.000457535566120271
-0.0119047394579681
0.00884505786640055
-3.79101356084988e-05
-0.00659287177293244
0.00923622238194355
-0.0160051409404396
0.00492426674158608
0.0242804110532333
-0.00696102759150818
-0.0110644718644242
0.00231460790606697
0.00974596298682151
-0.0047463825607803
0.00415359113830149
0.0246129334130547
-0.00758050005607025
-0.0020617184226257
0.0140947692483238
0.00490865386298367
0.0117433704541146
-0.00745934707399698
0.00233808928709145
-0.00458701694161512
0.00304652454796894
-0.00378003035466357
0.0153178767808857
0.00502323212158018
-0.00691582482759578
0.0540908369182294
-0.0297168075673611
0.00109519940458824
-0.00252408989771347
0.0186078374514267
0.00337083938183724
-0.00526789025290952
-0.0054825289567404
-0.00929293141656551
0.00454090267056984
0.00488227012292342
0.00752978039281693
0.0248223980387454
-0.00522779163303433
0.010951032638955
-0.00494198118519762
0.00322414053949416
-0.0193620438497
-0.00271752506444756
-0.00306664455770012
0.00378192484340723
0.01156925580697
0.000412590655463063
-0.010895320386668
0.00570095523705838
0.00346026711955361
0.0135494241623579
0.000761177898818133
-0.0175689733726507
-0.0267521937638815
0.0122061545378411
-0.0235564396359642
0.00777363302103318
0.00547322796540151
0.00206112246376478
0.0103999241275776
0.0086506738563692
-0.015610406325596
-0.0087900517817765
0.00366913479394881
0.0080268207944254
-0.00515413398827214
-0.00518994126655059
-0.0110967963213948
-0.00147208598775705
0.0259146855450751
0.00185945373753604
-0.00803971580977958
0.00901187697338734
0.00539940885273538
0.00756911360910806
0.011174699319362
0.0206519666508775
0.00525696223022543
-0.0184234689636433
-0.00117509770148061
0.017978452304197
0.0190415449808548
0.019727598159859
0.00511037485742172
0.0151105783464534
-0.013621500387897
-0.0048961318334495
0.00847677786690326
0.0240402518367944
-0.0127694884540634
0.000156020653797384
-0.00883925282001741
-0.00883454169344233
-0.0181215602113092
0.00132726073536027
0.00248909071698122
-0.00406487251065357
0.0103042021900421
-0.00758017949911327
0.0100048639317016
-0.00212587591440894
0.00397765680160056
0.0014058883362047
0.0126608625787608
0.00852427884163909
0.00677690336208236
0.0199589162987373
0.00772985183070141
0.00391636120070693
0.00890018066249176
-0.00575087603765745
0.00644275412751227
0.021365367543515
-0.0118032836314068
-0.00719874422934019
0.0130585618448951
0.00400203537531318
-0.0135070414053029
-0.00847032090258537
-0.00304522326513634
-0.0130064428794352
0.0183273120451233
-0.0140036044289147
0.000677922258553565
0.00278836621521883
-0.0074230431689859
-0.00672745069480207
0.0149490995798818
-0.000199438565166687
0.00715531047488938
0.0112983988502169
6.07202582330046e-05
-0.00365343761827397
0.010440443602624
0.00125512993394317
-0.00537204029736138
-0.0188168219996498
0.0076956011220517
0.00146825082553548
0.0264390743200948
0.00313268257352384
0.00840623192134693
-0.00299122851687983
0.00174259802947319
0.0130726667678402
-0.0153091796391909
0.00345188435532151
-0.00159140987200246
0.0228440860453709
-0.00312118157966523
-0.0218494580897524
-0.0134380260633833
-0.00774521722503074
-0.00704778076213408
0.000885860830125651
0.0184769812286056
0.00216193947702159
0.0045694478255065
-0.005119623676336
-0.00285961926747724
-0.00623606755324069
-0.00820728459143716
-0.00244544942740532
0.00578532389498854
-0.00775844618084598
0.0023593898937122
0.000737557338277739
-0.00452078238550158
0.00354759057311327
-0.00314574809524082
-0.0275362869337243
0.000161869980976448
-0.0150608062155957
0.0104987345202261
0.0475387726929508
0.0142381542745316
-0.00396652169812661
-0.00815673762970803
-0.0109169939988956
0.00337182690871884
-0.008790986084529
0.00492523002982281
-0.0354294955301881
-0.00492101069775686
0.00713387890048622
-0.00239880586464203
-0.00237200232546719
-0.0147785701060243
0.00258464083944077
0.00985949522873852
-0.00285168041648376
0.00211680170604112
-0.00935941511648508
-0.00725741991764117
-0.0085306044508755
0.0526284283115164
-0.00471140508064671
-0.016744535825552
-4.41235248178629e-05
-0.00375031766879275
0.0110325468866517
0.000590467351628376
-0.00090692506732637
0.0397106183928706
0.00393074957397843
0.00938755789408496
-0.0147641712748463
-0.0101124089303237
0.0211364491258408
0.00304747751130208
-0.0100731361222479
0.00442981422409616
0.0255519041262051
-0.0225844797764054
0.0061258670241493
0.00106317442210369
-0.00868973103622928
-0.00683717819280538
-0.00781782508348883
-0.00227174784243012
0.0155903336273084
