0.0304501692496237
-0.0185806403168716
0.00444039911324401
-0.00469689653475891
0.0192542960423787
0.0080484319016827
-0.00597705403042204
-0.00194863187100047
-0.00887180526948317
0.00129567660864094
0.0208771388448854
0.0090492307437855
-0.025373451201258
-0.0177165255732272
0.00223448811072657
-0.00573566198355513
0.0276124669854103
0.00607562503292414
0.00384218270444192
0.0265977624993763
0.0241654929475581
-0.00998800941034883
-0.0247170330741273
-0.00416389373192239
-0.0252278757726634
-0.00687394224403892
-0.0155019171972368
-0.0151057168319646
-0.0197583019846412
-0.00330126638917561
0.0243499738586452
-0.019807829396284
-0.00988717785794346
0.0201867302689824
0.00164726084588174
-0.011392700973929
0.00967721479634842
0.00545502708071854
0.0167890265538704
-0.0613069188531605
-0.00486446276197094
-0.00561168950055313
0.00732693140612439
-0.0454332260148997
0.0101571267741047
0.0103670462516972
0.00362932840812125
-0.0117607197512699
0.00798645156480182
0.00650362569228347
-0.000691366667811222
0.0126172262649829
-0.00764219712904302
0.0158291202436169
0.00149980911631609
0.0220548954426993
0.0087970529140593
0.0159821901341415
0.00257247509513636
0.00463830318450342
-0.00160375954901815
0.0110123311030872
-0.00932121643210193
-0.00831387267421824
0.0244394000253967
0.00500300467708259
-0.00777963862295561
-0.00549794233786471
0.0151401348302189
-0.0234050567350248
-0.00698517218258332
0.00576883310365139
-0.011418010966332
-0.0171453035932458
0.0104961477336922
-0.00457169731156615
-0.0211950132689984
0.012734251668602
0.0233808802695892
-0.00192491221146529
0.00132914895980196
-0.00266115804330713
0.00848768902016683
0.00392072978078462
0.00797541233746069
0.0215878537513821
0.0170335131864983
0.0042001696841969
0.00283366618447856
-0.00556281145562387
-0.000906888877338918
0.0014926132924733
-0.011531417010423
0.0126899750650367
0.0140974695835032
-0.00192725228829271
-0.00763354970180208
-0.0889142190194046
0.0180741870889527
-0.024093820418422
0.00305851216633801
-0.00688638052908486
-0.0122258420839363
0.00719667438695604
-0.00049472932464667
0.000597122358908297
0.0140845921129831
0.00951669063284655
-0.106985905895325
0.00127565506256233
0.0061057065997554
0.00613844056418911
-0.0272749389745972
0.0195003422415265
-0.0037487570256538
-0.0202421582848222
0.0220683929063226
0.0170683522386119
0.00717810460647872
-0.00257948388871965
0.00632032471389921
-0.0303167501235868
-0.0149360286923725
-0.00108457765675718
0.017465269201788
-0.0254758709195442
-0.0255594385840678
0.00357612557974463
-0.011703801263506
-0.0337258933738873
-0.00307840155525296
0.0150167322321284
0.010894184580938
0.0108559325294539
0.00613558070477804
-9.92986512216021e-05
0.00944653193773748
0.00830748657859459
-0.00441186829575968
0.0155512455306295
-0.014486195427124
-0.0255778507417492
0.0155089267333057
0.0143257327879658
0.00101454547413926
0.0167565095544386
-0.0288625709004904
-0.0150751297895182
0.00887422576013641
0.000647337474985799
0.0111646416233087
-0.00982723399543639
0.00223380497407666
-0.0192927099086972
-0.0137877639240949
0.010265566269902
0.0134213467413655
-0.000988359622258628
-0.00931183400487345
0.0103608659083152
-0.015078546469383
-0.00358949624582849
-0.0112008142811462
0.000540274108059791
-0.0161668056649193
0.00635316756452542
0.0224556766809947
0.010410472835924
0.0145108887896255
-0.00554396974149851
-0.0163795620341722
0.00192938888643446
0.0162305217479541
-0.0266840412723517
-0.000643104779329384
-0.00292699597624901
0.00557071299609513
0.0171655658719532
0.00808986505315046
-0.00213018220792183
-0.00304577481833612
0.0128133181441961
-0.012774509015375
0.00147829051156467
0.000523837101002345
-0.00490581030625603
0.0206537752360356
-0.0234032533725341
0.0109472074538988
-0.0136964357415152
0.0129310242597351
-0.00798193961549876
-0.0124388587725641
-0.00628892889205535
-0.0079727619696639
0.0118460649420036
0.0179688869418539
0.0317895819280216
0.0134893878155544
0.0149440051907033
-0.00308732218446561
0.0294926408868679
-0.00322200734472755
0.00510594852634005
0.0122767545676417
0.011586798825971
-0.00895620972058353
-0.0185048137530899
-0.0269929936058952
-0.000530971665726909
0.00403396420799695
0.00535873339857096
-0.00181469973541892
0.0108648212465345
-0.0186571165625766
-0.0181311945622533
0.000221556581434967
0.0151248359706151
0.00125660658617188
0.00747455279233256
-0.0128831011024604
-0.00245540210399176
0.0138623220518648
0.0383761859498373
0.0068981220375588
0.00189587801620283
0.0276640311897483
-0.00257032612893981
0.00746611294926725
0.00413890063236932
0.00158628733381794
-0.0190376890973489
-0.0256448436900301
-0.000403893189492743
-0.00487399799108812
-0.0112216871439514
-0.0087917804844222
0.0158390722387334
0.00176087353766219
-0.00502357794033648
-0.00547356861785575
0.0105799988492143
-0.00754453707258929
-0.0318980662621047
-0.00912998599907544
0.00918276375456983
-0.00572105920206756
-0.0152147470647084
0.0139739726861405
-0.00585806553805668
0.0129805520334778
0.00982106738317401
-0.0350863689601191
0.0100323677228533
-0.00219021513863105
0.00411520201533166
-0.00705142498304889
-0.0187427658961006
0.0109217045695928
-0.00782326152241586
-0.0247718942866815
-0.00219976872540717
-0.000256689010478262
0.00763696740769859
-0.122422489170793
0.0303297590597946
0.000434311692263378
0.00560435254063307
-0.0132760190964365
-0.0233666737651377
0.00944971714001674
-0.023909924551369
-0.0198770006965918
0.00791929695246019
0.00361286999353672
-0.115178396012267
-0.0137714632661297
1.44000479171957e-05
-0.00737847168603567
0.0106934353880033
0.00676177969534919
0.00705557899028131
-0.0309721394500657
-0.019705024756439
0.0441567005694812
-0.00651942101302816
-0.00408091134121058
0.0033933443912264
-0.00193593304568984
0.00127470470381108
0.015742379615924
0.0117268453266335
-0.0145859273178686
-0.00951868697464664
-0.00324876485285808
0.0177615573684631
0.00878869900327928
-0.00100586790259216
-0.00504385276905905
-0.00254828134642082
0.0110754451142392
-0.0122613024211433
0.00866078882083121
-0.0119981282493669
-0.00873614750270191
0.0167554426176109
-0.0277726518721888
-0.00283584990551944
0.00770692921743166
0.0140748316010519
0.0127607490655481
-0.0213780656900555
-0.00139250676360625
0.0120241187528185
0.000135184040384484
0.000120860245557353
-0.00514329753771081
0.0386080808944131
0.00748142510787497
-0.010804089587489
0.0156783135394805
-0.0262962052977289
0.0158273842780297
0.0131675019171711
-0.00134396844630347
-0.025995362004815
-0.00105581206751038
0.00508287908633154
-0.0112841669618029
-0.0812104052697808
-0.00903747468318317
0.00228525387974399
0.00227711159025423
0.0261463906012902
-0.0174759672632949
0.010950463434831
-0.00228292724257395
-0.0111501354114607
-0.0208737745423031
-0.0416195232078223
0.00151185882413407
0.00768873758247635
-0.00130454188761564
0.013255851625618
0.00457886349856174
-0.00243089659109819
0.00750027077753534
0.0099025547121836
0.00782306435251279
-0.0325321740666689
0.00380289731950856
-0.00577494425578662
0.0169144662419491
-0.0140159903258672
-0.015754118169848
-0.00670015519680911
-0.0226245069402065
-0.00506449101114725
0.00791190918349383
0.010549524939514
0.0142441438499725
-0.0264048985419185
-0.0290055621732181
-0.0136448836197356
-0.0140169738262881
-0.0207217151597638
-0.015218066621137
0.00857884290011235
0.000721715082644847
-0.0366632059216565
0.0311482736975839
-0.00403952200815016
0.0138708527155966
-0.0105016042674593
0.000389984172683988
0.0102350146134591
-0.0101251625454464
0.00702665871253272
-0.00561337185692423
-0.00898269891093939
0.00224326849882717
0.00661151353368861
0.0227005525847863
-0.0452414325566757
-0.0241885174861731
-0.02490629139941
-0.0121698929375218
-0.0113483110831289
0.00667725047082124
-0.00691929215096843
-0.0122287918441095
0.0114727021362013
0.00357659993499837
-0.0115699219110688
-0.0119632663725062
-0.0288151593608328
-0.0147790594393329
-0.00287716014000505
0.00345680752890543
-0.00137129134586145
0.0191561912262492
-0.00469823645497369
-0.000911239497896954
0.00345398577297518
-0.0016786338753827
-0.0137118593550525
0.00618075284750264
-0.00109424083232712
-0.0442601479800298
-0.00578287971418945
-0.0274687118764845
0.00109255264613584
0.00363719647918237
0.000734665779058563
-0.0131032994261191
-0.00417120911018998
0.0179986882014831
0.00350329512495495
0.0137894975367703
-0.00745094399804991
-0.011782731877455
0.00663921604443196
0.000107448511751151
0.00985733258580801
0.00276507610100696
0.00496832333841812
0.0205012891728305
0.00270717560372469
-0.00706352780369057
-0.0100636741391638
-0.0009736804884386
-0.00627241271182077
-0.0196037774018425
-0.00772809658875717
0.00650627658111036
-0.0286222812439001
-0.00332649699695242
0.0175955506822327
0.0134223849092252
-0.00762190894792569
0.00344250941544377
0.0109608613008931
0.00341172381738897
-0.00886383917836975
-0.0220985223850765
-0.00563961457094431
-0.00402701633271452
-0.00604426492756938
-0.00550535670086383
-0.0284380717716055
-0.00407400331314056
-0.013567228327199
0.0102040668930885
-0.0134512338083561
-0.00807252333775921
0.00103533114737653
-0.0115313606068133
-0.0249450115851078
0.00548598585914783
-0.0174093109256732
0.00564349758309435
0.0176438257038791
0.00869282851319042
-0.0315056963214793
0.00688454756386125
0.0120815926409827
0.00872739109957488
-0.00366790910579651
-0.0337795700531458
0.00178223427836444
-0.0056330507250113
0.0220931721492108
-0.00809434656080077
-0.0258241342460268
-0.0045234113226984
-0.0212158150869974
-0.00469544471180727
-0.0394548615072989
0.00121991031892499
0.0244907361002895
-0.0111817145539168
0.0028385623271574
-0.00932607083816239
-0.0105476467600536
-0.00170822669890591
0.00725247516732463
-0.0103010534786174
-0.00924271978925151
-0.00062810249130596
-0.0311693433858933
0.00803114450572817
-0.0018031918523076
0.0147741052108363
0.00124937968351491
-0.00869680506808956
0.00252153265113364
0.0323428523088656
0.00166992882792916
0.00723727156741072
0.00148528185894636
-0.00344016027636407
-0.000784398682349918
-0.0219222552263703
0.00778685330555207
-0.00368194338224548
0.00663990475035625
-0.00626710867886504
-0.00202170888103015
0.0122456001224993
0.0165735933446642
-0.0312625869736789
-0.00366237326956975
0.0314798205756328
0.0186846587975884
0.0111476581723697
-0.0113111339081851
0.0208198040403689
0.0222983776238133
-0.000279544265634923
-0.000929720880802565
0.0109138974238825
0.00053140405429053
-0.00377450348020392
-0.000926720053658681
0.00845137831071829
-0.00754955485473419
0.00679014497744301
0.00615040822196078
0.00854473791297394
0.0084037118564273
-0.00110831328107497
0.0153787630817162
0.000417785830471473
-0.0192118607953515
-0.00764136661322423
-0.00319156713966851
0.00519744954293877
0.0076584248034699
0.0104388614620583
0.00940672457220471
-0.00570119965195248
-0.00311618462024521
0.0050114598758868
0.00413605724834731
-0.00611428228337596
0.0144219569344264
0.0124871293508222
-0.00251664153546871
-0.00128710888780548
0.00255468841644135
-0.00635333924546311
-0.0126296406174831
-0.0201433888407263
0.0136103457093741
0.00337677033608874
-0.0106263909245827
0.000144778733407236
0.00814007983784926
-0.00303287036454769
0.00363514436205192
-0.00720432167006013
-0.0309033303867019
0.0250072054803909
0.00548028034888359
0.00118609874276587
0.0211461326114728
-0.020182041333622
-0.0180741670025213
-0.00243495917459002
-0.00852907594650887
-0.0124638502454162
-0.0103849290903202
0.0149920701673532
0.00117554425813093
0.0124951989532556
0.000971796528704161
0.0194193725642688
-0.0178580761995373
0.00512945145090216
-0.0130611279014525
0.00165958136794764
-0.00497503034598057
-0.00471196914387351
0.00737624591850317
-0.00477059583471773
0.0081743415510831
-0.000996507273205438
-0.0105401638791487
-0.000467719288419044
-0.00165356411894946
0.0271093361798571
-0.000904930272438431
-0.0101737533372794
-0.0372212172440407
0.00860899806747195
-0.0136045337377462
-0.00122137987394377
0.00330714694703405
0.0103912331844231
-0.0376777734911018
0.00999094954732849
0.0142230213890198
0.0150552272047204
-0.0172786774324662
-0.0197246469695247
-0.0262044807139157
0.0112375233675648
0.00269777688023387
0.00100124184258354
0.00653757254350218
-0.00829061224613281
-0.00363906240525269
0.00854355192247169
0.0240836343371513
-0.000329291445415603
0.0212444061395238
0.00731258254078071
0.0204484345473017
0.00484037908278934
0.0131779890191965
0.00588020295070946
-0.0225226813836299
-0.0053933868000553
-0.00216461635675191
-0.0117193365003812
0.0120223360107912
-0.00687084146789085
0.0104194363376309
0.00805793514636877
0.00439586195886399
-0.0139587899423137
0.0344982413052808
0.0159918735190885
0.00314895880650745
0.000992006902831744
0.0111275289109443
0.0178165833231927
-0.0391414022100736
0.0157450762917379
-0.0113067551500041
-0.00645833610002233
0.0172158577873267
0.0131560416139442
-0.0102705942969079
-0.00821051267069417
-0.0016063326073632
-0.0279711577890278
0.00209982591240077
0.032798451575661
0.0124358809111247
0.002615266798214
0.012898524465133
-0.0096127211498036
0.0191824316535003
-0.0120193726260589
-0.00266052678715356
-0.0117104522043912
0.00517842586622086
0.0150571633990968
-0.00731292809835038
0.00267494632247489
0.00870376068265566
0.00357618805966586
0.00366345498614207
-0.00263149439891985
0.0057294210875023
-0.00539485167643949
-0.0272145335961089
0.0338995093038674
0.00502600212390103
0.00990679163706432
-0.051376396161126
-0.0122672308676028
0.000394055794716852
-0.00717501958969846
0.0280391001240954
0.00532742885587689
-0.0914701307778989
0.00529220478013048
0.0182474278411275
-0.000574292832422163
0.0143073679595922
0.0245422922204992
0.00213776362040186
0.0116188200047169
-0.00655107492040496
-0.00933065264253052
0.000701676757207226
0.00846675591324342
0.0134776739164315
0.0165759616427423
-0.00297319528300122
0.00388548284146673
0.00646923278930234
-0.00623522372793639
-0.0409296646222064
0.00998197414543966
-0.00498242400265658
-0.0270093239367428
-0.0114749890996202
-0.00065401531751208
-0.00774085901072574
0.0074423673854489
0.0130742118687412
0.00881062746471262
0.00889730494311247
-0.00521802248264902
0.00414149689296384
0.00956718784682309
-0.0323224309462087
-0.00538798999573098
-0.00648716889436018
0.00550257450057678
-0.0241356406325504
-0.0011550704583918
-0.00684282408706904
0.0263089725100132
-0.139609276243767
-0.0114107038339104
-0.0070322274324377
-0.000455611366689368
0.00808752393557777
-0.0162879706447965
0.00272197776423777
-0.0275633069130716
-0.000439474551356067
0.00212458405927562
-0.00884308633307995
-0.0229597939392114
-0.00583795981783108
-0.024492148148997
-0.000713794489128006
0.0209237746861737
0.00740571535461876
0.0130698630898407
-0.0374283830212465
0.0156809255594719
-0.000485525124311881
0.0051995836167873
0.0087422041026306
0.0267127704429106
-0.0123061875827943
0.000473687395837086
0.00184921485098233
-0.000836143402930256
0.0130438395932795
0.0218304253719581
0.0111368874992379
0.0141009779733086
-0.0101906914616965
0.00356835253518195
0.0055589490243011
0.00710579815674817
0.0111316316319996
-0.0100342121149579
-0.000331252216190236
0.00987025561523391
-0.0208082857008387
0.0127064306652782
-0.00541757214549365
0.00321156450662174
0.00629200624104298
0.00415288113826096
0.0126684049159538
-0.010487041045657
-0.000989978146145987
0.0123305113497389
-0.0183980679092364
0.00913188857529246
-0.0106955441740935
-0.0015652572766498
-0.0183577149517247
-0.00265343654168615
0.0190910491903378
-0.0010932167145612
-0.00246411430803062
0.00539688264285121
-0.00863564813763462
0.011168014069586
-0.0374220386808304
-0.000329846795840805
-0.0167242318604628
0.0226116899177056
0.00335073867758218
-0.0102913867446288
-0.0209176276861873
0.0029584933290665
0.0089301180362682
0.0107225896269247
0.00841523699731983
0.030653682208085
0.015976115950572
-0.00523179199090196
-0.00514370029354283
-0.00220334530155952
0.0121788733328665
0.0109544130950872
-0.0121984313295411
0.00312669897576301
-0.0167594889095888
0.00161970915492526
0.012372209024698
0.0123341820718927
0.000963005809909045
0.0213523816784527
0.00715864078016892
0.000454016593895545
-0.00742349957264432
-0.00107071130877712
-0.0189958179516783
0.0266469838795473
-0.00415559468173443
-0.0218463872070358
-0.026614989282145
0.00833043572854919
0.00283195287559868
0.00330429967608481
-0.00354576636324966
0.0127351381327054
0.00789667925973125
0.00278289532495135
0.00228168152696373
0.00431506833535389
0.00047641029998946
0.00173268850437713
0.00682588691000952
0.0184010382951811
0.014799524432898
0.00760762941711324
0.00664766078489798
0.00106117652607884
0.010798109109365
-0.00993049014964376
0.0055194172892834
0.00153724247937936
0.00341876288587462
0.0112931614126166
0.00662695616270215
0.0086090376372705
-0.0340307272849341
-0.00135069765946705
-0.00289752973279622
0.00859297524574032
0.00392647602101914
-0.0206591985909717
-0.00446022495008513
0.016237103634932
0.0127080495143992
0.0112264165728857
-0.0139580660475787
-0.0032105144805703
0.0186262733881604
-0.0102084530725353
0.00308885194290176
-0.000154438563015002
0.00871457731277858
-0.00395430813953546
-0.000452607846969322
0.00476038740817764
-0.0326853564472129
0.00589083760009546
0.0176368203065744
-0.00686582795453083
-0.042266096480009
-0.0124819613267464
0.00504990560455187
-0.00976894085477431
0.0125512382646993
0.00991671238962799
-0.00630318123155615
-0.0223663476177294
-0.0248921771883963
0.014531161628347
-0.00599496900684482
0.0046184597143113
0.00813468059689049
-0.0228162560313381
0.0074910823679688
0.018940575898871
-0.00950347974112509
-0.00305842423884872
0.00598147496264811
0.00382686589154879
0.0117826249807351
0.00324227060753479
0.00685541637390319
0.0186083800916546
0.0187623633748275
0.000671464236670527
0.000989136058202611
0.0195712674010937
-0.000196046859449517
-0.0161785104395302
0.00796250274094512
-0.00716013634613488
0.00393932542489184
0.00768085114840611
0.00925315796624537
-0.012619755455781
0.005328505322024
0.0309875595534184
-0.0111511506659903
0.0245484008647727
-0.00552290026890012
-0.00122816173660345
-0.00467962626630802
-0.0136375149789112
0.0182558380527837
0.00320528681243903
-0.0232888564690721
-0.0213521036927049
-0.0337796748117007
-0.0124870553941778
0.0243480808313781
0.00714982041311618
0.0137423907293308
0.0196504207924273
-0.00319727850292129
0.0145122160709605
0.0028401129366098
-0.0109148200743809
-0.0343892752179549
-0.00148442652327252
0.0327386183245615
-0.0194576905191588
0.00454879095401983
0.0149709320997762
-0.0058989275787702
-0.0201424682424709
-0.000871563021161759
0.0115185470602903
0.0173574502239999
0.0128350316400163
-0.00349659165113625
-0.00758632296435535
-0.00606663716412026
-0.00687610424573526
-0.0232072602864868
0.0022337359356579
0.0111110898800373
-0.0108301911831938
0.0181806303804506
-0.00447262912343493
-0.00471049457539774
0.00218741770544773
-0.000912375841947588
0.0104412988346629
-0.0108356486035655
-0.000362544777003704
0.00334755156191702
-0.0300668311427188
0.0126406166839539
0.00200876413963957
0.015823248407052
0.0185056716303917
0.00705687495760898
0.0219833941355327
0.0125301529254842
-0.00136399346211902
-0.00769033500828598
0.00778023725909671
-0.000945448046839603
-0.00563729518096667
0.0192893663039486
0.0059889345808708
-0.00380939997364282
0.0174692636768841
0.00442783749114795
0.0311520044729718
0.00385020082261711
0.00449476218568945
0.000361064380042908
-0.0504994182796823
0.00597550994965479
0.00624331032485426
0.000977612093568059
0.0118888261260301
-0.0175030503605997
-0.0066968713209552
0.022759568615133
-0.0324393254472246
0.015230545173109
-0.011483049638956
-0.00164872051025933
0.00630151647079802
0.0179317483744028
0.00362834734584028
-0.012062867587912
0.00172425415529953
-0.0286322710682585
0.00539722422101319
-0.00939781613996593
-0.00218972422504304
0.0058841408858239
-0.0260170534852944
0.0197356046298758
-0.00436811894760103
-0.0194280634765303
0.00210890653057216
-0.00838921771382717
-0.00341318266506074
0.00949184370726464
0.00554900271599434
0.0156362051793841
0.0138669755791687
0.00683540324565124
0.00263799144557297
0.0168215038397155
-0.0840631014241091
0.00572356862890233
-0.00392822640113066
0.00575625831581394
0.0153030815505257
0.00532504735442618
-0.000692378996961285
-0.00243785122732376
-0.00107993218811586
-0.0203512563752253
0.0112734654158038
0.00425585021277231
0.00753545525458565
-0.0253403587287164
0.00626539261249448
0.00303351052936796
0.00428460936836883
0.00369245831356002
0.0170219044300881
-0.00258380393787006
0.00568344646711694
-0.0232940101451109
0.00552801964670069
-0.00320765955530211
-0.0188963268816593
-0.000160295371298691
-0.0124818364994694
-0.0087572183926623
0.0151169482187099
0.00301124820105092
0.0119043529245109
0.00176825795653657
0.0128234735853436
-0.012740317106299
0.00264875244725538
0.0151004434149202
-0.00908834199917763
0.00810788511928839
0.026508914308216
0.00255414705513113
-0.0180011705814982
-0.0087757065242815
0.0018585834728464
0.00533896048617177
-0.0215119915794175
0.0108920196977844
0.00733466623857737
0.0138484654608186
-0.00271782258210118
-0.00166681151701553
-0.041766654338149
0.0054277915601626
-0.00106976497844724
-0.0486035550557733
-0.00135723000781707
-0.14751318768851
0.00640113172632528
0.00424954255850274
0.00626155233102255
-0.0185121249214788
0.037645794505615
-0.00400731443172209
0.0192590087546685
0.0170427626647442
-0.0154732948960312
0.00519360780352329
0.016236070834156
1.92688370983518e-05
-0.00753922785527594
0.00631932860859585
-0.000593257985455065
-0.0159238329264406
0.00293112536376938
-0.0205361329624494
-0.00289716961442354
-9.47416434176063e-05
0.00140913185322922
-0.0102981932784871
0.0191146260111998
0.0221504346630006
0.0074494140708814
-0.00275897530481295
-0.0318420687358172
-0.0023079421786516
-0.00418275087704334
0.0255340409025839
-0.011580154877834
0.00621695505222131
-0.0371376363891172
-0.0144658980976686
0.0126055764542841
-0.00729064426069748
-0.00765661862484812
-0.0173758262105257
0.0119566919723577
0.01901624611616
-0.00404720131399405
0.0120531648376758
-0.00794092614309561
-0.00342844033680212
-0.00925356408728906
0.00225605376449911
-0.00869932726495604
-0.0110119918469167
0.022441138143241
-0.00930354763101238
-0.00269217849040126
0.00785338928101509
0.0103542642033396
0.0142298236148548
-0.00536252507183876
-0.025125017588749
0.00693081482789037
0.0170695407164181
0.00856134963358191
0.00976767926053346
-0.000792491000099149
-0.024650508913173
0.000755581857216248
0.000862489192546168
-0.0138946549383301
-0.00697402923034995
0.00392979976078855
0.00562274106270655
-0.0331970405232096
0.00680117792275814
0.00236775967204172
-0.0240488200002975
0.00451301281859884
0.00659280804619344
-0.0114176678181321
-0.00257277656513111
0.0138378861674679
-0.00937645386529784
-0.0039486773446602
-0.00262249267524428
0.0116942834591769
-0.00882532309272621
-0.0529352720579053
0.0111822927667375
-0.00402696536217939
-0.0329322753653094
0.0133593270235652
-0.00431526381461023
-0.0150301143734912
0.00704808373735633
0.0154033704460828
0.0188319379397668
0.00809708654713193
-0.0217842953814498
-0.00476575549669267
0.0108124466312489
-0.0187312226417431
-0.00622135424496961
-0.0260718236308188
0.0162281168561604
0.0024231975712854
-0.0164994088776047
0.00317222285287366
-0.0333681222090096
-0.0200224930437121
0.000565985822154724
0.0089215261198512
-0.00650807015488963
-0.0335865311883934
0.00555483655572875
0.0241053834854674
0.0023173484860215
0.00443685107712044
-0.00881748619334699
0.0008283163880487
0.00945512819400385
-0.0122868114669816
-0.0121324492572734
0.00511313825155879
-0.00177214002709158
-0.0222877164977735
-0.00187963612063102
0.00322777221380499
0.0175422496389088
-0.0112733410708294
-0.0297124001104225
-0.00311995042260182
0.00239079578681256
0.0210716681667178
-0.0160943563130698
-0.018484354152716
-0.00591957242891583
-0.0352855571253774
0.00389910044521891
0.00564524545559619
-0.035417409480579
0.000863644540702424
0.00970804919220747
0.00978849950782035
-0.0116263897464406
0.00859131188288087
-0.00555361217235317
-0.0409719615997699
0.00318544048339975
-0.00994671709001937
0.0122037842163933
-0.00804907419460532
0.00955698628052204
-0.00726727378615144
-0.00564246480983055
0.00448165208142459
0.00911436740368265
0.000464627360948544
-0.00852527694677896
-0.0156658291915959
-0.00565174891531761
0.0177635885393372
-0.0156382237896295
-0.0387908462062407
-0.159408460055773
-0.00201426354269296
-0.00308070074306799
-0.000445313733445696
0.00710207587263567
0.00444650032342819
-0.0236101326688078
0.0166175267536448
0.00770145710085535
0.0015916206117681
0.00402177786430347
-0.0154829372642795
-0.00845917649222727
-0.00368035709190906
-0.0113516577141657
-0.0068016208709798
0.0042211843353952
0.0061669012797867
0.00307562977438725
0.00541292778228231
-0.0253191808077868
0.019880144042526
-0.00984795028698704
-0.00837278212677228
0.00981610588131998
-0.00673614782632082
-0.0253672885836242
0.000202330523677796
0.00799374286003429
0.00801655622690278
-0.0212977209590308
0.00317364900010952
0.000933442679759589
0.00641990514852742
0.0154040531173221
-0.00297377978496116
0.00535291942999527
-0.00686166505096208
-0.0228539325474648
0.021190379578492
-0.0153567944136936
0.00544119229920037
0.00533754366226091
-0.00406586257721986
-0.00135392661536304
0.0196312835181147
-0.00144938573185538
-0.00696999916121221
-0.0179299594048081
-0.00585462217677657
0.00278656582354131
1.31660419526725e-05
-0.0188883856613336
0.00380082500740864
-0.00795569314466404
-0.00647190427811006
0.0102699490428426
-0.020629461498936
0.00566528208613715
0.0010381158674817
-0.00723937790357665
-0.00345419310307737
-0.00873066902977193
0.00268509837919284
0.0311008984686325
0.0219394266887409
0.0201603281954008
-0.0265896072190395
-0.00606934497896106
-0.025026313873705
-0.016893896596339
-0.00537302372938253
0.0210974739989911
0.000863031987256901
0.00104812316971969
-0.0152389333375658
-0.0155147815644516
0.00970357387596632
-0.00637303303357806
0.0104948372540932
-0.00526165250845279
0.00231358771037726
-0.00586558786243674
0.00755576698820537
-0.00839439282195853
0.0117705476242387
-0.0139440574164138
0.0105222579848765
0.0013915687030126
-0.0011897233435616
-0.0460444452403275
-0.00154442898636153
-0.00172959319691901
0.0146621663354307
-0.0418718329753118
-0.00110249379302507
-0.00392522848992383
-0.00210037348990033
0.0139384408831815
-0.00245192885297429
-0.0193907943656562
-0.00954708810257832
0.00786042176603496
-0.00634737709455635
-0.00373714979700557
0.00316418108019123
0.00589618394076585
0.00650281099847083
-0.0240223563509079
-0.0118275432771664
-0.00594092128027768
-0.00563419448072855
-0.00247449793537102
0.0148574297344948
0.0250332084321578
-0.00107227239892871
0.00647280358800129
0.00555393796986303
-0.0321924556109892
-0.0334124000968625
0.0142193730638849
-0.00456931539324312
-0.00814670440279563
0.017303508366131
0.0125131998536572
-0.038391965315935
-0.0251318440659447
0.00196212590410916
-0.00729623061772866
0.00874012450737593
0.00326144965312025
0.00982091321926504
0.00156516017532438
-0.0254275373046071
0.00520014112382849
0.00628475239985749
0.010959689822994
0.00716379246632792
0.025364626370558
0.0210261229319197
-0.0204211366709268
0.000739818242423418
-0.0187833806640501
-0.0127326347017411
-0.0175211903757271
-0.00277486557075401
0.000982438927293661
-0.0382206080630332
-0.00786355832136199
-0.00556603160304059
-0.0158165816668736
-0.00950785012336874
-0.0172854324496683
-0.00606526896648463
-0.00877315945239499
-0.00844100273262494
-0.00381160569759542
0.0165114798494517
0.0131581759787693
0.0154442212169956
-0.0118607601313032
-0.0343742565763603
0.0146226342779014
-0.0249386680435322
0.00873725786115154
0.0342191443216184
0.0219271133871874
0.00649764657405782
-0.0288344980192439
-0.0055369951350519
0.00959474843620267
-2.15762918673867e-05
0.00919303242830649
0.00838307598626464
0.00357598026416062
0.00920815009649978
-0.0223385359059121
0.010946668814436
-0.00812107757030578
0.00572697054582916
-0.0259220529835977
0.00317400317473115
0.0169143996977943
0.00466355299436305
-0.0291097635708462
-0.0148432270651124
0.0218808591774078
0.00475261852669684
-0.00654932989939416
-0.00806510174176411
0.0120433172682652
0.014749407125306
-0.0011098042695159
0.00393952549298837
-0.00876298436684708
0.00884298254147087
-0.0117850055061044
0.0015785994867954
-0.0184374896842878
0.00247522859746052
0.0164625127429812
-0.00369969728949648
0.00463616619710905
0.0297260005851774
0.00926217981832345
-0.00136765898585289
0.000868670290583351
-0.00419728011591913
0.0093228090186912
-0.0111265211477414
-0.00541490795194099
-0.00236598389766129
0.00954183290811095
-0.00100935152942494
-0.00167352337610716
-0.0134069223117754
-0.0103193431039166
0.00286761902824706
0.00256727112459809
-0.0220058619084158
0.00394129356694517
0.00908820032325641
-0.00335860767571883
0.00369776715742853
0.00117076134747407
-0.0162160630586601
0.00039887360177282
-0.00656647707306091
-0.0188179818749825
-0.0827385548058448
0.00203340003994423
-0.0312213788849285
-0.0150869060901377
-0.00298651043997866
0.00599474675066003
0.00500831751083353
0.00152398246422991
-0.000573198432478828
-0.0151142026707056
0.00945150782256565
-0.0256163176316941
0.00293685580495096
-0.0187825238407808
0.00328344766443789
-0.00633591006634493
0.0192619879954297
-0.00235805833350877
-0.000983422523237465
-0.000875315602254734
-0.014870351801169
-0.0244390602786626
-0.00706004420468265
-0.00553085456956337
0.0215367762233554
-0.0110259095988496
0.00497422359564625
-0.00891873562159984
0.00133691349759069
0.00116107274322319
-0.00885913593122667
0.00574630217971062
-0.00157778053289492
-0.00621183135291559
-0.00162305496718984
0.000187150625224008
0.00410709051365288
0.00124210692657045
0.0198855235382667
-0.0102172863565615
-0.00372808340814479
-0.00188791932706911
-4.68723671682714e-05
-0.0223656659795857
0.00651681811311144
0.028728767420835
0.0107867163495468
0.00814572869273222
-0.00742890198371238
0.0140994060631794
0.00237004417645004
0.00356926731647111
0.00691446344498825
-0.0083626357563733
0.00740678647275717
-0.0081544338936772
0.0168133222391185
0.0123269749784569
-0.0387314647085559
0.0253137121807998
-0.00195974151122202
-0.022057832703624
0.016892617216175
-0.0370917288510997
-0.00986868737174484
-0.0134587391060945
0.0303133725151181
0.0125442681087327
0.000463421090182159
-0.0271527555180959
0.0194034055654166
0.00244716009314483
-0.00350569413123791
-0.0130049726556509
0.0213134523851719
-0.000545039470061237
0.00250357185380867
0.00385251373693141
0.00921979483699609
0.000801705007961839
-0.00259336708575875
0.0164948737747712
-0.0207025617494951
0.00317211641635495
0.0081825799043036
0.0185356941245076
-0.0118094609766004
0.0127281807877915
-0.000688824607954164
0.00285522456506149
0.0166377405185947
-0.0144559839155134
-0.00198661233093711
0.00941147732880609
-0.0192335829406587
-0.00333637452773528
0.0112269723526537
-0.000188774905973021
-0.0110853241166124
-0.0018885423697339
-0.0319265049697823
0.00843647813889792
0.0133864514980289
-0.00557588093482786
-0.027680536524247
0.0171368362883859
-0.00804698008792415
0.00489161964382401
0.000358974469990336
0.0140570713850237
0.0153960709391774
0.00333638085312704
-0.0151833834947701
0.00737497033187906
-0.0189172693249182
0.00226650356921865
0.00993029758273511
0.00607682815376176
-0.00291729592694034
-0.00476581671351872
0.00265374023002662
0.0317839297867328
0.00551283956952964
0.0060913148252566
0.00745364269423288
0.0115675829300081
0.00141687759246079
-0.0139189529802484
0.00515474911656044
-0.00465180223292916
0.00268434278585916
-0.00577241091226544
-0.0466132454332113
0.0150764092300997
0.00834035588834015
0.00311350804507771
0.0189422217460304
0.00177194059729957
0.0225616375502855
-0.00496673228756839
0.0149130213416448
-0.0131149194154028
0.00591644033298122
-0.00616281780961492
-0.0154718534127605
0.0137754481324768
0.0245414491380451
0.00939860498864986
0.0172828957582589
0.00740254470237067
-0.00190315962705223
0.0212115590047692
0.00858876448185653
0.000626239872817624
-0.00982315024249214
-0.015908601566831
0.00901890037098019
-0.0189494272547042
0.00035727286422671
-0.00825095525327457
-0.0260293896346333
0.0144814277270573
0.0125325724309169
0.0157065978591917
0.00111712955785048
0.00491361751682873
-0.00559341484514619
0.0132753470820162
0.00153327233654466
0.0111815600125791
-0.0132512914365486
0.00946950517774603
0.00702719794041684
-0.0234467184047165
0.0140744806098905
0.0181024495978059
0.00245322269224335
-0.0179271246671706
0.0107833408063511
0.0213678573266529
-0.00230350119802614
-0.00488161874744941
0.00366482066337026
-0.0130915182225302
0.00377943449178542
0.0180410214009008
0.00891092787356085
0.00800608645730216
0.0142979600507245
0.00476301112220634
0.00251470870475323
0.010080120603714
-0.00988897488677454
0.00257260842010565
0.0111059420165645
-0.0181765297615986
0.0158030392746289
0.0101315238928255
0.0163076746340505
0.0184451620339818
0.0168087766643987
0.00492192108160694
0.00808433703832723
-0.0118632512379224
0.00252847361002262
0.00639645197053884
-0.0112622362109258
0.00591774185224203
-0.00156733153569055
-0.0110070838538798
-0.023536869626688
-0.027803709197187
-0.0131946963219947
0.0133979117392278
-0.0155058293014299
0.00939653729488255
-0.00159076280122372
0.00557531354778873
-0.0033496674836837
-0.00233578518178579
-0.00194446191791986
-0.0102669633262751
0.0161448883030739
-0.026608077722567
-0.01181071658982
0.00918253586404849
0.0038084169548791
-0.00670347403059379
-0.0105263565506042
-0.0360976190485998
0.00252091867384774
-0.0107349378450785
-0.0204554686805092
0.0217135366383188
-0.311533570404952
-0.00411821361490428
0.00878999413593529
-0.000752985571658815
0.0185733260701515
0.00285121400559807
0.0127931624968718
-0.014880524750835
-0.00185379103745698
-0.0394543271179337
-0.0501787948512047
-0.0310998861393847
0.0102961978002067
0.00907225738514272
0.00796564802900734
-0.038896205226872
-0.0177757824723717
0.0107374701049916
0.00263776676406358
0.0240989833025447
0.0136456121877124
0.0032085321341957
0.00237372559082383
-0.013158492133164
0.0184148341782016
0.000617546542403646
-0.00590337520195616
0.020519843576801
-0.00195404793940712
-0.0543133519208014
-0.000351970515991784
-0.0032535458214884
-0.0063779599022793
-0.0065810584515531
0.00870854526792986
-0.00541676040938133
-0.0335938264300282
0.0115033664431547
0.0038201922292953
0.00258178252499475
0.0101075932719898
0.000731739035633172
0.00251118979477738
-0.0118120392067049
-0.0106146486801617
0.0123817203752083
0.014161086187533
0.00718849269188038
-0.0016882962490814
0.0184971634811117
0.0116859285400919
0.0126063159903209
0.0120152208872084
0.00750927995057182
0.00694034146574274
0.000697397307239944
0.0137629091363616
-0.0259046141853951
0.00808432497657074
0.0132233591010862
-0.0130422239642587
0.00882122922391249
0.00758608160634067
0.00590069956352268
0.00724733841517811
0.0177139031274063
-0.0315715162893309
-0.0194137191320185
0.0201952017699081
-0.0239946326066478
0.00236403307529898
-0.0364880765952846
0.0105019199677732
0.00186492976255304
-0.0014754117647795
0.0043174475865615
0.00952049125677368
0.0183563335951085
0.00157378567627164
0.00786087328083207
0.017098376804038
-0.00420713772203696
0.00682436369154305
-0.022470677270775
-0.00328824734480815
-0.0170470683917183
-0.000504985937971547
-0.00838588599772905
-0.00366430942180918
0.00724685232657807
0.00904210144075446
0.0141489110584403
0.0163754432511554
0.00566002264220744
-0.00890446785807475
0.0110241774245967
-0.0168665144362921
0.00837437079333014
0.011750091309283
0.00799893969953702
0.00199546387704252
-0.00493990272430489
0.0142667486527079
0.0021911922605593
0.000530595652328714
-0.00271324924455918
0.00676068198399937
-0.0248596036731867
0.00735768900448663
0.0135650435209889
0.0234682141720808
0.00873848546169276
-0.00412740275167689
-0.00763758099380807
-0.00500386561606581
0.0117747081848911
-0.0023495548405259
0.0053775625866026
-0.010852774614718
0.0191877675584831
0.0170936021229577
0.0160304362889825
0.0054373000051684
-0.00522442231106846
-0.00181578365079149
-0.0260516766033749
0.0100703893969305
-0.0115400536582313
0.00422858000216131
-0.000741837600372719
0.00979784860614608
-0.00382682646161836
-0.000949127527402727
0.00458879014506297
-0.00396395406125505
0.0181155243391631
0.0062760253055405
-0.0168807780195275
0.0177596056041294
-0.0235536399902201
-0.00976487338113929
-0.0288095292880306
0.00640253397816481
-0.0217306208049501
-0.0546725512249502
0.00920884855708404
0.0164220262700963
-0.0210278333806717
0.00813674627528904
-0.0210697112284968
-0.0035618404156903
0.00554021041274821
-0.00375075172592387
-0.00349356851074001
0.0123121223146456
0.00427986786473444
-0.0362198794176052
0.0186829545647966
-0.0154504304503749
-0.0189248910292803
0.00149633165997276
0.00774054602020091
-0.00757532524198057
0.00228993380839615
0.0274849540801791
-0.00361152617428484
-3.55522660426821e-05
-0.0198212895807877
0.00274687541675989
-0.0364580204518239
-0.0202833508438904
-0.00428642577909777
0.0074726857579468
0.04417822539643
-0.00361808526390472
0.00159228471069506
0.00832994679446974
0.0279323444080708
-0.00190277798116378
-0.0293299151462714
-0.000942460544324009
-0.00170295120748865
-0.000484949277531843
-0.000125602450444351
-0.00385204370380832
-0.0148131291752083
0.0115059226415646
-0.0182592322474795
-0.00917586895537603
0.0074935153152671
-0.00293209391803506
-0.000682998746814434
0.0172126119669516
-0.0022134461997636
0.0102329312095417
0.00898021680716088
-0.0149367441680885
0.0181455008671483
0.00561164957120219
0.0199265151854768
0.0109768806469797
0.00386846587852729
-0.0157616552160089
0.0199177984291887
-0.0187253518411796
-0.00212832017013453
0.0123542487247243
-0.00180406419125245
-0.00771578125781236
0.0154939075356144
0.014240058653789
-0.0149507780505793
0.00602260194943804
0.00225529530141855
-0.00267355198311714
-0.0195365207995928
-0.00269933741704231
-0.031235544550301
0.00404727579202246
0.0232634902783917
0.0137118057844123
0.00178079853668267
0.0050527142124579
-0.00202270210975741
0.0238605544600139
-0.0152181824032316
-0.00129179229456255
0.00444687327642468
-0.0203107587090012
0.00831022809507687
-0.00970676780500979
0.0256161333580498
0.0105692983693464
0.00456323110915235
0.0096112893936835
0.0113606696803936
-0.000792012245863116
-0.000464476157033378
-0.0122899735609263
-0.00368960531401141
0.0105186222815357
-0.00882024887353183
-0.00678175551337779
0.0177134539528707
-0.026667301926147
-0.00609613083034466
-0.018476660165047
0.0143871314024115
0.0125399420804262
0.0112188729224965
0.000983710152651973
-0.00734053156507963
0.00388277547659177
-0.0442654979653185
0.00184090629416178
0.00281534015722418
-0.00943614731790232
0.00485186385957492
0.00823240136026859
0.0152006712687909
0.00475602386743157
-0.00157290588888248
-0.00427238505358152
0.00881287767145356
0.00251532623436423
-0.0151832108122032
0.00636949860492786
-0.000488232809788602
-0.00677375763853383
-0.00261126525320576
-0.0168421951153477
0.00561415834420842
0.0134771925884714
-0.00922778455433071
0.00512450053766589
0.0150406420528761
-0.00320061149088446
-0.00284373910530489
-0.0245809746595795
0.00902242558767741
-0.00187911685515374
0.0168397123547164
-0.0187341788364781
0.00654085398804716
0.00127446608418746
0.0139446743198421
0.0071311856619567
0.00865583240102286
0.0148839152978715
0.00839964933770698
-0.0137416623664564
0.0175952420667065
0.000507618243196895
0.0154793465156262
0.0105368202258549
0.00920411231662666
-0.0125463072349954
-0.00420359390495539
-0.0036288178437478
-0.0121208546454012
-0.00131538354442307
-0.00548028582722626
-0.0115702433526237
0.0132746993319599
-0.0101553233040157
-0.0262446125705922
-0.0189930421747748
-0.0430101431887424
-0.0372503261748887
0.0126434142775218
0.018004061378853
0.00103164978295611
-0.00116998678013869
-0.00213360335504209
0.00124526419430726
-0.0109417535016503
0.0154388205462341
-0.00556863441291555
-0.0147296808701167
-0.0175909009540445
0.00332149526130054
-0.00146631754315441
-0.00128421899202502
-0.00592679219503855
-0.00289087978419933
0.00223634637241199
-0.00578816853540021
0.000909253532533238
-0.00343399967549174
-0.0117108801785486
-0.0136705888436957
-0.0125446120853496
0.00697097450020401
-0.0324641739689531
-0.00441973291535036
-0.00420801787323555
-0.00452579339283909
0.0188348189341152
0.00179563723676934
-0.00758280740663775
-0.00532056779099666
0.00216415367456491
0.0105724214562626
0.0280945036962126
-0.0106624172647518
0.00337040644543762
-0.000790197171775642
0.010569171357135
0.00334298216937379
0.0116022547692709
0.00738164852281686
0.00842935513432819
0.0152544277816791
-0.00244094518912785
0.0365761758059759
-0.0146374329411101
-0.00642518686989124
0.00909072651174947
0.0149294287164525
-0.0120765284675306
0.00525485820251603
0.0120084818211581
0.012708112479376
-0.0182381335656168
0.00245549195161221
0.00345754725127279
-0.0148496427614866
-0.00136709375224742
-0.00518159553904685
-0.00104909879768211
-0.00124478967721786
-0.0411037532803609
0.00455179724660892
0.0137081531484116
0.00680281002775729
-0.0270237780048661
-0.00700165400126074
0.00555611634112085
0.00889375811069781
-0.0094870987235236
-0.00743157894711222
-0.00765496560180412
-0.0116372737758017
0.0353588028575227
-0.000369428911784819
-0.0220547307715742
0.0166642643386645
0.00396216484410505
0.000152731590632893
0.0333439497976027
0.0103238686224345
0.0267998433778645
-0.00305991616613843
0.00455855019515461
0.0265290903779865
-0.00531424748161946
0.0173817244441079
-0.00339826671203136
0.00301514195702968
0.000109500024181308
0.00296840865207493
0.00167225198490595
0.00233341790288311
0.0184254153288594
0.00213655415513658
-0.00359406979355592
0.0090682941750484
-0.00979500305792835
0.0208719472099324
0.00712906348490527
-0.00422187695230791
-0.0116950288914568
0.00710050039188936
-5.17831645330258e-05
-0.036394388238933
0.0105542924059883
-0.0173310779564864
0.00670405521066364
0.0150093515262428
0.00129002712603121
0.0109114613123376
0.000770954628948939
0.0134598833922701
-0.022659611526137
-0.0180444581550847
0.00645518276911372
-0.0101316944878567
0.0175601485856229
0.00101921941157035
-0.00526792119772224
-0.000300819116130224
-0.0167659989239093
0.0109146831278175
-0.00246024809804779
0.00147403853038286
0.0136220517772081
-0.0194362565994837
-0.00190664635914928
0.0118846291268295
0.00526649841513738
-0.00658379044471991
-0.00315053459451553
-0.00667849878282367
-0.0436763205042832
0.0147677287195163
-0.00911583937517424
0.000420682560093644
-0.0746007476642281
-0.00491631620054767
-0.0273299947156187
-0.00248957237888936
0.00138659999771695
-0.0223471975625591
0.0169900151259541
0.00655874251614508
-0.0344241793817464
-0.00826007936696715
0.0058548547396613
-0.00115768662867666
-0.0354933435814608
0.00127812145837991
0.00259933345275232
-0.058543672735196
-0.0299880573139912
0.00589554639698964
-0.0111880635145605
0.0174888086619696
-0.00629362296122249
0.00208971857423901
0.00988507211347112
0.00066316163603708
0.00258945634474328
0.0169745364666101
0.000875448945482749
0.00099727476077649
0.00584204423782975
-0.0329110801215338
0.00890950768046617
0.00493204976701023
0.00660598344317109
-0.000118548045378919
-0.00737493898415775
-0.000414516787011099
0.00636376399543392
-0.0012163930620237
-0.00260702388916423
-0.0102010875864602
0.0177069840940032
-0.000922985036276636
0.00145543680429538
0.00711495418418817
-0.0207662485622224
0.0229636189777929
0.0146176590395442
-0.00519572633632093
0.0130844791173272
0.0209011563518502
0.00870967472059769
-0.0054181012738348
0.00969028450460896
-0.0217548381674537
0.0123341774185821
0.00710700339627324
0.0114850498816796
-0.0118313780396759
-0.0330803379597369
-0.00852718384915008
0.0124135653799431
0.00207022009018232
0.0264730035564436
-0.005310273989513
-0.00829237918192893
0.0121418004598028
0.0115711499750646
-0.00620780950053534
0.010028572692975
-0.0134253974051868
-0.00560568527774152
-0.013715524910187
0.0273499098985592
-0.0030193985703999
0.010620914874349
-0.0179069420995468
-0.00437060457227578
0.0175433536336755
-0.00200459682144505
-0.0073935276055952
-0.00665163633640242
0.0117372196054235
-0.00221582197760384
-0.0339844524367781
-0.00597816763425829
-0.0134517080065213
0.00392447690823738
0.0121114843339627
-0.0702976246651641
0.00980328248635898
0.00257574103247138
0.00313361551137814
0.00517058378701707
-0.00500021040860599
-0.00550227374895607
-0.0247972925272029
0.00315455483712768
-0.0069810151762375
0.00759690268928592
-0.0034740796976398
0.0284967484048739
0.0221960199790869
-0.0142259973411365
-0.0349225603805219
0.0238007483782523
0.00852309244590788
-0.0106162883462546
-0.0189226463067329
-0.00374580823402404
0.00431894196703908
-0.00156309941698285
-0.0352975709527965
-0.0341993243893757
-0.0285101193931314
-0.02588571899856
-0.0239775102038311
0.00410840860232686
0.00320246505203592
0.0043459261516503
-0.150208507454211
-0.00393680133728225
0.00286458186498173
-0.0130754023536097
0.00802196004567546
-0.0321700871326285
0.0117038910988898
-0.00280457768040798
0.0108255882138852
-0.0104220424325399
-0.00366954277472864
-0.0344135018017986
0.00977323488418458
-0.00060343185709133
0.0136414301428944
0.00511221349878377
-0.00775508479568709
-0.00415704322515875
0.0152517068750833
0.00579339438557991
0.000309688252094098
0.00553273130534526
0.000134408448975165
0.0274904193218031
0.00208197574965752
-0.00443435697556094
-0.0101813360723222
-0.00820958056436316
0.000729084191951834
0.000259528605977444
-0.0260427499608409
-0.00306436846043212
-0.021493784878257
-0.0246859453725927
-0.0225006284151825
0.0071225055572568
0.0126837388990941
0.0090448131820644
0.00505014903396894
0.0035914508853101
0.00535800460971236
-0.00514567542391475
-0.0301875610192734
-0.0144049547127771
0.0154068519338724
-0.02947698120383
0.0171601823470762
-0.0192439697641174
0.00193309312566226
-0.0168277942193824
-0.0434708112035715
-0.00841584347000923
0.00834674929084622
-0.00258836672568497
-0.0258339923161084
0.00178580670362916
-0.000645270282599419
-0.0173697942961879
-0.0228179448960701
0.00805168004926138
-0.0105575701511333
-0.00586296778832773
-0.0253209446870046
0.0157304228668538
-0.00234149150646434
0.00932878217662525
-0.00571208644263477
-0.0025508927992679
0.0131287182425583
0.0191759783099725
-0.0105285950027083
-0.00730349278095099
-0.00355101229383892
0.00452485376186962
0.0178060218441249
-0.00897666246405437
0.00224529245177463
0.00666664008858975
0.00528697454026883
-0.00855209839221782
-0.00951006989148251
-0.0222681021178843
0.000269026088432378
-0.00117530973087954
0.00554372802824088
0.00511716793854289
-0.0320060789689161
0.0103767899876566
0.00258365124265292
-0.0453162247480954
0.00190741052051857
-0.0147135483790723
0.00422267617867123
0.00947109361005616
-0.00760548635835567
0.00848960266479737
-0.00546205271874856
-0.0195231108194216
-0.00227572265256626
-0.00458286026433008
0.000313146335108705
0.0153042112947355
-0.0385275268615943
-0.0159693808693357
0.00176839643791826
0.0110353082732686
-0.0238193482645968
0.0174997168698532
-0.0205848407650571
-0.000675893548544249
-0.00498996831069798
0.0133138314763097
-0.0102606037923678
0.0130350343441177
0.0129528252740219
