-0.0104411810353021
-0.0334171221509031
-0.00685089022293439
0.0116753102621334
-0.0156507149059073
-0.0488678123634758
0.0193136390870638
-0.00565169513020325
0.0124713496482245
0.0046223518077898
0.0136133848469487
-0.012149356405924
0.0124447340924538
-0.0130242757546426
0.0269585865923369
-0.0232144695616674
-0.00149582493160327
-0.00168911381436887
0.0262305172564367
-0.00810995836973505
0.000721226650400753
0.0239261893549176
0.0121687341921891
-0.0192076709799405
-0.00891680990207866
-0.00401297605979811
-0.0171887513717635
0.00563161006414714
0.0361733049721195
0.0132053886726406
0.0196950056154775
0.00779186983966129
0.00955354757940996
-0.026843730243852
0.0138550421753266
0.00989525882432241
0.00678584597132836
-0.00787985358897858
0.0126389814024739
0.00680003941775509
0.00280530784445521
0.00517231717855871
-0.00531409729751797
-0.00454123728437383
0.0236129558430371
-0.0165409857867344
0.0238818904496577
0.00100794227328838
-0.0167854349408973
0.00902445076295
0.0275330481377408
-0.0124082915897296
-0.0317010405200087
-0.0254563430400661
-0.0203961339588102
-0.0181725066037501
-0.0313337184621461
0.000873732520888071
0.0396657727965473
0.00554987705943899
0.015584096925663
0.0231293956010172
0.0153265422867865
-0.0309670604738252
-0.00560234149690464
-0.00170299588046818
-0.0385588145344802
0.0210885562609099
-0.00252212587731682
-0.00812739728707423
-0.00186244819412773
-0.00312197382952273
0.00406824381534854
-0.00151447684125794
0.000813929501616073
-0.00732018107238186
0.0103419560344962
-0.0286022111496111
-0.000151540802131644
-0.0104699368563045
0.0303847423977026
-0.00501084799754881
-0.0100152032590075
0.0014390682518548
0.00287076822810028
-0.0082266569939482
-0.0181078204784106
-0.0442842061484631
-0.00986698787042917
-0.00150509245248931
0.0242574236943703
0.00952395014634233
-0.0404180740481088
0.00572985763991263
-0.0253155977619588
0.0259633333041944
0.0403286169913811
-0.0112131106809956
0.0135278446591438
0.0204562932325786
-0.026882355739269
0.0192218507262277
-0.00957037396621052
0.0103070257570401
-0.020810369199454
0.0128129923797726
0.0107214793065425
-0.0154313120973705
-0.00775471108949022
0.000161257917790203
0.0234502362552647
-0.0228897438597588
-0.109780765498501
-0.0196526038034112
-0.0363332836930244
0.0021263248546356
0.0127576035931278
0.0287288165134081
0.0293559319644149
-0.00560731624049549
-0.00262628109574325
-0.00518279563308921
0.0136045916754096
-0.0207769175842673
0.0209744517254362
-0.00537426050947198
0.0159168878663487
-0.0194015312611442
0.0170853152077992
-0.00627495180230764
0.0189454831919529
0.0341125371424087
-0.0120314107077447
0.0225499939752619
0.0146028189842182
0.0426087860567925
-0.0401959585477394
0.0030587767137068
0.0193171726815728
0.00175968581325381
-0.00671306431705621
0.0140103717291455
-0.00231168934279413
-0.0149233264938833
0.000608212784797502
0.00489381606510308
-0.00582831400898509
-0.00982747753236601
0.0218400268065698
-0.00759897226157036
0.00403201036990575
0.00964468243462113
0.00518758270740904
-0.0123227417213153
0.00161110668336872
0.00167263129841999
0.022364934697723
-0.00750874161711423
-0.0049347646779494
-0.00302135656666958
-0.0247637565828307
0.00633816677306009
-0.0141350645551217
0.0196975116505802
0.026583584379696
0.0339584237507458
-0.00370290481131708
-0.00273936770863614
0.00132983580853774
-0.037992973226426
-0.00898464508883379
0.00480156781630625
-0.0152503106206636
0.0357515463037659
0.0168259472531332
0.0238231218811114
0.019067467218351
-0.0209093018755352
0.00747490241578264
0.0122067618599218
0.0154279463059575
0.0133204744141029
-0.0277322346267447
-0.00521354521116901
-0.0206444591769062
-0.00255655921305031
0.0411576181629969
-0.029287886559124
-0.00280883540785482
-0.00679429466477943
0.0237210833983018
0.000492241667834792
0.0091390781783095
-0.021220172451629
0.00341101897273111
-0.0327851380898091
0.00438733823675186
0.00753938629107576
0.0136078552302447
-0.00227285085743134
-0.00127559619964224
0.0212457965098701
-0.00310662701170039
0.0124349965820276
-0.0226529369501566
0.0283522273881819
0.0192259337942449
0.0068741014430056
-0.00931729754220201
0.0054271640102671
0.00258095234363953
-0.0459976067058021
0.032536686086315
-0.016453667522197
-0.0289202870499505
-0.0116970495127643
-0.00920535174432024
0.00596038165645763
0.0103257522429391
-0.0590602290185828
-0.0255738660100263
0.0119698022143833
0.00267307113983339
0.0165717337323431
0.045135416753695
-0.0132562922944988
-0.0210935758925963
-0.0191103400003291
0.000342066233927851
-0.00346271168634793
-0.0246053612227214
-0.00176390188942832
0.00634103098339112
-0.00328374893717942
0.00958450411330269
0.0218423201498834
0.0307676527973522
0.0466247651048346
-0.0168379035615801
-0.00307867532735873
-0.0302289992776691
-0.0198460034921559
-2.19716074086884e-05
-0.0193695594975037
-0.028699572967902
-0.00579751999544731
0.0303653302353837
0.00297078263745765
0.0100154056284079
-0.0264500331544155
-0.0191994180164758
-0.0142550198997724
0.0193601490710322
-0.0400337681318156
0.0015121697319016
0.019899923359639
0.0287390648733343
0.0296824939848399
-0.0116956839099437
-0.00329320900350893
-0.00362021722245986
-0.000399837214771104
0.0152137502604168
-0.00543542032918953
-0.0294111746048069
-0.00972296653080473
-0.00273243017505187
-0.0252520066629204
0.00412183894452145
-0.0271919131302041
0.0229579378031084
0.0545506079499833
-0.00904138854545866
-0.0283374884005247
0.00653704887887241
0.0102932831873369
-0.0176942807910572
-0.0336537170470105
0.00217972346511874
0.0123704634315381
-0.0129773155952599
0.00481268910651256
0.0117296302267347
-0.0227241004459986
-0.0122296470401968
0.00371210713459746
0.00925199318774872
0.0220536626686638
0.0200489074204462
0.0108602466659675
0.00375550259126567
0.0249085705573782
-0.0287402750558174
-0.010796299949515
0.0229645720390651
-0.0106148111614923
-0.00334479592624115
-0.000840935284772248
-0.0151182783875523
-0.00345510467761545
0.0130229614665791
-0.0152299954547359
0.0303358515058392
-0.0348210099579001
-0.0153870932478266
0.048873254980153
0.0144035249728693
-0.00264090206178691
-0.056091132353848
0.0238020851355829
0.000602982892975557
-0.00292461014667222
0.0237512527259647
0.0146177554410514
-0.0193207537761415
0.0115104315617821
-0.0245676133278003
9.04851908889448e-05
0.00943101070085106
0.0534115696431285
-0.0333722230826371
0.0274058995141602
0.00545002403978923
-0.00700341838736629
0.0104101981466722
0.0347112820097657
0.00312059199154002
0.0102381860543656
-0.0234873164690126
0.00541755057216076
-0.007320173072351
-0.0204360349942262
-0.0062367906801083
-0.00453989032251645
-0.00613111576816983
0.0200781234986277
-0.00895451775725464
-0.0228709460991361
-0.0224445256801442
-0.0140684372768016
-0.0305026691761556
0.0069202191573039
0.00812508404224599
-0.00278290533037417
-0.00923854799201485
-0.0125638272783297
-0.00352721141712486
-0.00429619468219089
0.013418148932383
0.000834544198060061
0.0169207345928394
0.0425199540905162
-0.0207392360373704
0.0592057698476004
0.00419307928208323
0.0106029587346956
-0.0128705265450542
0.00438230011985852
-0.0145540520371389
-0.000735265140336727
-0.00643567975857839
0.00782938339011541
-0.0551880803061215
-0.0134143531691652
-0.0370839089962447
0.0031292345329994
-0.0222425487333953
-0.0175663020752809
-0.0171675372391662
-0.00635384898136604
0.00558130433519477
-0.0119185171490176
-0.0100494827290514
0.0274581420212594
-0.0275822837925472
-0.00552224285669423
-0.013608468091961
-0.00606950292109076
-0.00398579254003029
-0.00300416119411795
0.00118776029795753
-0.00826655515242991
-0.00121023547461885
0.00855057559444206
-0.019542514340009
-0.0227249197982429
-0.026604148014252
-0.0169784965637222
-0.0102967125070536
-0.0301152478924935
0.0153766928798735
-0.0159912696414704
-0.00700386019792387
0.0150937783765177
0.0177752474565073
-0.0114666157830252
-0.00870283714292064
-0.00379871331778003
-0.0212551704877446
-0.0241050281816839
-0.0203370924795396
-0.00629940918442773
-0.00949815851234381
0.00981304411234341
-0.0329481872272105
0.012743288499619
0.0295733645184142
-0.00685088481327334
-0.0234125656558752
0.0195448473754857
0.0644895555543239
0.00695359958868935
0.00854560424336925
0.0380476603570159
-0.00456761977542708
0.0324665123853336
0.0182439109432885
-0.00224468429482994
-0.0178685712817508
-0.0186730060404976
-0.015011088475907
-0.0109758592010524
-0.00488189893463553
0.0116093946043351
0.0129475625235902
0.0306393313346321
-0.0075849029182532
0.0100817707753349
-0.0141818981387917
-0.0116104466169848
-0.0019869581034736
-0.00485828421494239
-0.0304902086155149
-0.0380025910810271
-0.00827434802575799
0.000844405474872634
-0.0114410796137503
0.00115804021259225
0.00502405312744825
0.00330252989983848
0.00646640008181321
0.00198104967642931
0.0269645063624701
-0.000875153400973994
-0.0136893372114971
-0.0227569797592873
0.00529775196516491
0.00535674172136635
-0.00185996855669701
0.0597583079269264
-0.00277485111627351
-0.0117641201381538
0.00718705534508945
0.00202972542401869
-0.00162809299484112
0.0260407679614456
-0.00600836605021116
-0.0249503602349377
-0.0223595370035922
-0.00485184110908099
0.000542598587902843
0.00318609373702483
-0.0255661378735466
0.00812888579464921
0.0281781460148481
9.15404461444558e-05
0.00113905836983896
0.00372697525478205
0.0070732896719351
-0.00368105814128405
0.0258118778563394
-0.114349538957609
0.0174127153740475
0.0270819615904897
-0.0114907976765573
-0.00358770678244469
-0.023614102107798
-0.0176615131594823
-0.00804424197655174
0.00985407258783721
0.0276215361807582
-0.0151616318028638
0.0358617847740496
-0.00307135056243901
-0.00518874644243161
-0.0100747523926268
-0.00668094460923352
-0.0259731592779131
-0.0121282817645604
0.0371588408992028
0.0184928023363797
0.0206367709250783
-0.0365492835766392
0.00979231491831367
0.0116901999188649
-0.00741929831434163
-0.0136325055608142
-0.017084528135652
0.00694876732924321
-0.0176364599996268
0.0174657018359712
0.000488456253763592
0.0211900544813201
0.0289349680562434
0.00462472269421166
0.0188801923649198
-0.00558003884483482
-0.0124139921478972
0.00964815451528833
0.0145219240301496
-0.00107187469014614
-0.00480747608978105
0.000440306448623806
-0.00440217395827358
-0.0324949863305148
-0.023778970583976
-0.0106192701149534
-0.0137729669195359
-0.0138704566638466
0.0312726504821222
-0.0118354740321108
0.00395962844906161
0.0159634055751912
-0.0104494851602807
-0.0140649739606541
-0.0133912927819686
-0.0134415953802196
0.014263201041695
0.00586096759524724
-0.0249060380148836
0.0349194712466886
-0.00522730092955337
-0.00215542401441371
-0.0138381005789441
0.00277174444317152
-0.01808509281765
0.0149132539042106
0.000402385640152381
0.0126076975663433
0.00569316446804735
-0.0267152166887574
-0.0158562081942932
-0.000112552438622293
-7.26643595723164e-05
0.000557860219443818
0.00016218887573094
-0.0141502157247527
0.0144876930422841
0.00757841667041936
0.0173122645584384
-0.00716765415131582
0.0130144742111774
-0.0229596864698435
-0.00322558390077432
0.025977726624279
0.00880327777104495
-0.0244961405793951
-0.00270392234590056
0.027429428682152
0.00134535547784753
-0.0213144718930742
-0.00813441334148135
0.0419264862392326
-0.00268767178564788
-0.0298067247937037
-0.0562072998106686
-0.0108187981150509
-0.0130430758218949
-0.0179108213346288
0.0385965112581914
-0.021205941675253
0.0122335518446853
-0.0115157079277813
-0.0186410358719855
0.0553488587892929
0.0145039193658331
0.00873708343483692
-0.0125286411959931
0.00264405739558971
0.0251494438725339
0.0362626856451538
-0.00681018979298176
-0.00137158456990583
0.0204986876067246
0.014511543196106
-0.0420806075381059
0.00839891838843743
0.00301563583726805
0.00731879828249404
0.00540806594597365
0.0079696257343872
0.0177887760313309
0.00294711134117009
0.0271689366080353
0.00165615849302903
0.0411724259717624
-0.0539798709066682
0.000803618236441705
-0.0175617358356043
-0.0097044123582436
-0.0198253386752614
0.0112047992100242
-0.0105973432618713
0.0142486119623511
0.0248213389150793
-0.0264233645041705
0.0362239481448456
-0.00201443168705739
0.019100595180895
0.0267208339571211
-0.0065674565125432
0.0140599149048513
-0.0128147596056509
-0.0113583910404106
0.00262420022562948
0.00425008740820221
0.00906798335627346
-0.00468897057606299
0.00115690214230302
0.0424934845823972
-0.00957859782876791
-0.00830501933761696
0.0136489331673417
0.0352181666222529
0.00285126385047418
-0.0259606824291209
-0.00193338594233428
-0.0116069057242054
0.00755786811331649
-0.028035862586381
0.0434599871976881
0.0100737854843682
0.00080776712345243
-0.0194525693812183
-0.00635505079429355
-0.015863480583269
-0.0200157293834301
0.0181624877328321
-0.0206141112175183
0.0318271296479611
0.00713390106139655
0.00956472820243615
0.00763644744792369
-0.0261275756786664
-0.0439118066049086
-0.0194110551748531
0.0128197101721307
-0.0132314324709123
-0.0183489175647816
-0.0454615783032232
-0.00191406232154923
-0.0268596810266889
-0.0402106365964757
0.00840062050459345
0.00476624134687031
-0.0215520477764768
0.00618179839535438
-0.0157892407715059
-0.0119743869324437
-0.0266707568243563
0.0196370905432337
-0.0210733651814325
-0.0297675392385776
-0.021313639317924
0.0260521886875976
-0.0148706253932755
-0.032786766540572
0.015198069945855
-0.0192426690747871
-0.00828750252479349
-0.0103499124308367
-0.00994706435337023
0.00335276006247631
0.00617490892557493
0.00706002000654027
0.0169046292698017
-0.000126486698873718
0.00764261942471633
0.0023479465656866
0.0260890351026873
-0.0137197930594303
-0.0378878296011695
0.0212382233172651
0.0108739207586058
-0.0301660362914019
-0.0374373467852404
-0.0372361934864147
-0.00821333462942697
-0.0378372983098894
-0.0320430630067305
-0.0119995688948009
0.0403907071188601
0.0525884959724634
-0.0258969772402158
0.0281557625328853
-0.0311056105318558
0.0390501523225686
-0.0042432756139954
0.00644053788259147
0.0297960477655285
-0.0182935390722895
-0.0059723667874706
-0.000141863993222135
-0.00327236840439493
-0.00193970542115984
0.0242368725173292
-0.0279673958247673
-0.0181664784354651
0.0266617845085829
0.0213297098880733
-0.0482425572947486
-0.0239207238471454
0.0102209166291427
0.00117947328973145
0.00157812544577407
-0.00600274011694024
0.00273010428032194
-0.00979278448739407
0.0321281760889104
0.0415353234665167
-0.00870536851406045
-0.0127860509754716
0.00254965017871889
-0.0118595282981625
0.0122900597763896
-0.00135407744302241
0.0309347988245263
0.0222534147039547
-0.037736490012178
-0.00829177986841001
0.00645786100475565
-0.00732229512837745
0.000729147972996502
0.0303569863362486
-0.0354653759410123
-0.0294454604220372
0.0162811339849949
-0.00594778507329241
0.0168694759643665
-0.00739788461896818
0.00897433991920216
0.00145319291622825
0.0190225090550556
0.0472358012776677
0.0463527947719239
0.00225560022364535
-0.0163805753159572
0.0180125499091045
-0.0129706605002086
-0.015272629642094
0.00254271253937732
0.0306734438700275
-0.00130680979285946
0.00367691896736
0.0142361227854748
0.120960256617175
0.0196658964760156
-0.00325429913745756
-0.0152141866766902
0.0395075328965265
0.0187961131522533
0.000440763377576814
-0.0153990780192796
-0.000769018935604882
0.0161760748206864
-0.00813139161761312
0.00941292163455887
0.0265950271861765
-0.0227634015938593
0.0114987905419756
0.00363445856903288
0.00869906004003185
-0.0297485717139085
0.00111962415492139
-0.0147818140398178
-0.00437281027277447
-0.0138857620643764
-0.00940383298397496
-0.0041013423016677
0.032034687792137
-0.0277693539339392
-0.00229834862866074
0.00771958342991186
-0.0124615246675842
-0.0160750198023047
-0.0054735977883611
-0.000643322901595966
0.0182034904842695
-0.0101251164894491
0.0224139705846461
-0.0243987631219658
0.0336934453028834
0.0213427366940052
0.00802912880253503
0.00589791984915855
0.00361813978512815
0.0204596513225648
0.0207813548453633
0.0201944205944693
-0.00528362427751561
0.000685577251289704
-0.0097584417405997
0.00172004813576876
0.00887819375702348
0.00371363296479554
-0.026419680381263
-0.00901447852368409
0.000511671244921574
0.0103665011092463
-0.00613029170953605
0.020388551141832
-0.0119660731518673
-0.00434680866929837
0.0220220080102032
-0.022286330711228
0.00103132046973931
0.0443265711272279
-0.0244987918259474
-0.0135884262268247
0.0299990019675707
0.0236427111585011
-0.0218862947909628
-0.0102251938566817
0.014716674091984
0.0269515182458187
0.0220070596011331
-0.0485270337558495
0.0257968844657669
0.00992392691220134
-0.0302641184155319
0.0202906590736391
-0.00543466655948899
-0.000481846311042533
-0.0366113478751054
0.026582509038968
0.0264942314318044
0.0105829159811172
0.0157861236662997
-0.0240178002400983
0.0054094019096308
-0.0291506553880859
0.00335052545982795
-0.058908347551603
-0.0124280264157509
0.034161306693773
0.0233723265246314
0.0288474310584331
-0.00291350334508123
-0.0166380158074425
-0.00641538482850101
-0.0131121745660223
-0.0315990992268256
-0.0164008425939124
0.00602703679601069
-0.0283554696472506
-0.0168981539214033
-0.0227981342542884
-0.0544092421881879
0.0151805414183718
0.0320401577175574
-0.0423332546147928
0.034640569002712
0.00370344988191751
0.013334730390966
-0.00490272793069169
-0.0313863628084534
0.00351304370422456
-0.0124957253943212
-0.0048869433047265
-0.0387101469916162
-0.00137648629433129
0.00787782707558993
0.0540630367067819
0.00793984767711675
0.0514173503458009
0.0205223341093159
-0.014653923806606
0.00218448067102439
-0.0128701546435473
-0.0117313577198734
-0.0152773180162351
-0.0294945083570697
0.0066908074049542
0.00450210404876716
0.00577117249341619
-0.0126505683322029
-0.00261988074904951
-0.0383478805543658
0.0310991095215893
0.00990984538586615
-0.0144943706555571
0.00620590595303938
0.0537375147284345
0.00473162153212059
-0.0287136710487731
0.00307425127555794
0.0614043644188648
0.0052373578228575
0.0263381390791489
0.00860917582288878
0.0465214829139625
0.0428746374411708
0.0344638990210222
-0.00721035987963714
-0.016274145856235
0.025176598785031
0.0607688445921504
-0.00165375674605095
-0.0252815810263458
-0.0416630350001846
0.00254667174346446
0.00408654194963776
-0.00303650075942075
0.00365936110481291
0.0321240292182042
-0.0100393088204187
-0.00469189669330139
0.00250894487901721
0.00972645507472369
-0.0360636968690365
-0.00754570967901991
-0.0137143241760028
0.0319549570041752
0.0347540099993481
0.0374177774551447
-0.0018251752112215
-0.00385668211519485
0.0206018001624467
-0.00484276719144561
0.00538418335178625
0.0108333306947546
0.00358596905965236
-0.015284752614515
0.0185335780078126
0.00052130584547827
-0.0286390512691423
0.0269557879676739
0.000905581107658371
-0.00755423071841721
-0.0143818808536614
0.0210093138747458
-0.0359010096790428
0.0127351888043384
-0.0244570100773037
0.020816303700596
-0.0130264858621677
0.00767832715310779
-0.00648434215906002
-0.0120016183353584
-0.00241380459465579
-0.00607367370901846
0.00618696675384522
-0.0232496900407462
0.00990043642074112
-0.000760698691664619
0.00963021443145373
-0.0166417495146808
0.0272355935877389
0.0306650400724806
-0.00532881278370267
0.0255878328084708
0.00473743335038579
0.0163482625344218
0.02884631755119
0.023781181790671
-0.0243636639110638
0.0166177726833209
-0.00228731092028789
-0.00971743564051097
0.0241731117081927
0.0233284003083167
0.0243510423830875
0.0128741306824337
-0.00169727334479342
0.0202030760997507
-0.00872860100123884
-0.0427077316688428
0.026969060554644
-0.0163442607484966
0.00613117508578398
-0.0257374252030428
-0.0174730639394425
-0.000719641430138029
0.00217480712410068
0.0165193305464046
-0.0104605985486388
0.0302073771545361
0.0107722289417278
-0.0319273123749441
0.0215950871629205
0.00685293646404173
0.0543750833178729
-0.0191459028630728
0.00922329159918056
0.0178202402661136
-0.00642543737779488
0.0062648296595047
0.0302562199737246
0.00354161656986718
0.00946891426530716
0.0516211877053975
0.0140692388009211
0.0162162034975157
0.0496918052312151
-0.0350890827962462
-0.0180759987506368
-0.0222632333420099
-0.0159885027837389
0.0120973120237285
-0.0130153454804873
0.0146639353735266
-0.00983513581856599
-0.0399818024398078
0.0529935963173999
0.00535581211867553
-0.0492163249434396
0.000698083808886807
-0.00531798548345241
-0.0245619286197406
-0.015239450134364
-0.00238281625124936
-0.0136918795105042
-0.0235590282580653
0.0315628509349034
0.00511341059854276
0.0205278253611403
0.0165286835397491
0.0252793911847367
0.00386152017210761
-0.0150278786380188
-0.00323902542577625
0.0101371512420522
-0.0166564964112246
-0.0309247856807584
-0.00998956364081194
0.00924141000651058
0.0122660219225098
-0.00217284224263392
0.0114538168203889
-0.0176638481482185
0.0345531232731118
-0.000708978293318396
0.0273194072161381
0.0301501950514484
0.0184333682892071
0.0170034534836965
-0.0252063774588038
0.0130297337274224
0.000151555913932011
0.0205276005303578
0.0673270146864764
-0.0221306140710252
-0.0307898695030866
0.0294278241984263
-0.027047559754797
0.00472164538010056
0.000582181681235916
-0.00826742204803355
-0.0010503198319638
0.0132778085160395
0.0139761635504067
-0.0377042154898886
0.0458022106251492
-0.0150431316696089
0.0173876925585488
-0.0289562100576281
0.0229230488207488
0.0365600978454739
0.00820301746376551
0.00414516373530893
-0.0122846596462692
0.0121866815444466
0.0368466939786882
-0.0136986452273741
0.0435085146745302
-0.00740925247083601
-0.0248621865189581
-0.0209835963171959
-0.0313944217213785
0.0260049521645294
-0.00645939223728842
-0.0522058297283842
-0.0263008528722549
0.00343245135445469
-0.00487653726098103
0.0100976106316132
0.0397040213952913
-0.00754119989890745
-0.00560825893977235
-0.00441133693579976
-0.0187790323609714
0.0107656557765387
-0.0302600370360185
-0.00641176362519869
0.0147562403115572
0.0413869841462272
0.0126216150828404
-0.00595405454835729
-0.00564047794302147
0.0216443125886968
0.0156815047712472
0.0144026537407697
-0.0168139912040443
0.00580536001732768
-0.0247581043789394
0.0429887604963333
0.00253834086240179
-0.00586578389611103
-0.00817043883623481
-0.0264511248885015
-0.00594400141925155
-0.00365120466752655
0.00958279387653294
-0.00181194640624027
-0.00782215356793547
-0.0106520021932475
0.0161696787405476
-0.00660780330749244
-0.00426224255297636
-0.0163650056729265
-0.00473591451863986
0.00586697218317023
0.000985619434289764
0.00196543041626385
0.00712200973977239
0.00821440471404833
0.00126916221975726
-0.0236888127082453
-0.0139171557036426
-0.011547462333274
-0.0281184128426162
-0.0139793188286313
-0.00823127447569094
-0.0155585011279582
-0.0136016979817535
-0.0170554212466369
-0.0212619146199102
-0.0142127290520855
0.00984569531019897
0.00670377038489711
0.00779387402472975
-0.00619438912018222
0.00865944871185853
0.0194852312053736
0.000502607301268054
0.017077351921039
-0.00437222906751078
0.0129834329702873
-0.0117675579414714
0.00259447911362276
0.00550277823005918
-0.0199960201755138
0.00570586989724364
-0.00888899168890878
0.0105622427970947
-0.00990156597863268
0.0315770153937555
0.0205973122854918
-0.0156460837909451
-0.000190191950681373
-0.00482784809749437
-0.015478137389905
-0.0202511815942655
0.0342926055126263
-0.00300678874536453
-0.0232345415097273
-0.0122707891403175
0.0103527000197613
-0.0108761168721964
-0.0257015851861148
-0.0205419506711225
0.018839072223275
0.102739822845089
-0.00820084960992062
0.005221085736413
-0.0206345584138923
-0.03622620653955
0.00106543983457852
-0.0400805689061587
-0.00936258429249026
-0.0745189762058701
0.0325881282350176
-0.00496178533556846
-0.018623038217514
-0.0112894693895559
0.11253947343542
-0.00427209284916197
-0.00333042019502094
-0.0442151520960729
0.0284843645047819
0.00248225569728455
-0.0167048481115162
0.0235250954542778
0.0164894780871054
0.0101388333238739
0.00944185076425708
-0.00217620785870809
-0.00670662702770009
0.0462836614160244
0.0220437865074127
-0.000710953118195468
-0.00510869063794372
-0.00736312058214195
0.0217589689637203
0.0047311546276334
-0.00897636800419122
0.0135464179801728
-0.00910576776380312
0.0191890732404622
0.00708984709323213
0.00876659018423809
0.00268616430504298
0.010046187071388
-0.021137843514171
-0.0169610935450668
0.0204880698505235
-0.00253067911747928
0.0110059641081757
0.0176186141502161
-0.0118535546553432
-0.0187103408640827
0.00330918316079509
0.0440193455168568
-0.0307643699203604
0.00432905876144685
0.0101434394425365
-0.0234893353712727
0.0164825180941034
-0.00729092057139413
-0.0244791300526529
-0.00795608909434942
0.0151318807078061
-0.00402077032510628
7.10537109603893e-05
-0.0162070310000678
-0.00577949178454318
-0.00466093306136695
0.0184606262320814
-0.00690049028243145
-0.0102753817843976
0.0114052962040347
0.0196414245247993
-0.0410431568985422
-0.0021334581494501
0.0154284372977131
-0.0215236150080693
0.0105280611782864
0.0344691943844618
-0.0104949706082909
0.0235675464207599
0.0266815381602312
-0.00390269506934549
-0.000950032655641753
0.00255275065116989
0.0226235683408608
-0.0497795853367544
-0.0299897467073312
-0.019722755371506
0.00578165155806865
0.0183384227163187
0.00552318696885945
0.0460730146422376
0.0374740326475659
0.0278417872120118
0.000417028234857897
0.000233845138821631
-0.00209690607106816
0.00538681287661513
-0.00666469081624255
0.0198105941549621
-0.00247750193054008
0.0152206794186784
-0.0188653041268559
-0.00433393426968121
0.00181307723819313
0.00734137317517691
0.0230897025972955
-0.00338794692556343
-0.0324449327226463
0.0277351822583057
-0.00724916196259617
0.0557701465519607
-0.0128759263067657
-0.0114890010997377
0.00669055596369883
0.0471059649456214
-0.0408215324301788
0.00087949420533151
-0.00102036822595508
-0.00298634492272543
0.0143100016243768
0.00819443497273342
-0.00836833197711284
-0.00916520680870125
0.00382655240285956
0.0026328132350657
-0.00111758155444408
0.00827972158971724
0.0137539284680858
-0.0161078458751815
-0.00107243985598737
0.0131226958604517
-0.00204515784648152
0.0197195430964758
0.0297760262229175
-0.00293854957384754
0.0160283914906809
-0.00294814640918573
0.0427629782295355
-0.0241013186843849
-0.0157806223119171
-0.00323623590595645
0.0120901907935285
0.00852615550847757
0.0207806561591972
-0.0143509650270197
0.00137866396286557
0.00349013437035139
-0.0128464688273593
-0.00725542344590979
0.0041942555314286
0.00955957448760802
0.012945843542569
0.00518191794753886
-0.00239888220829998
0.0168763228048749
-0.00460898457583836
0.0228364634987251
0.00156175352105836
-0.0229604053708677
-0.010725970457526
0.0119321420811586
0.0136959650498423
-0.019125580586221
-0.0339553659679358
0.00586408746721834
-0.00493777403239026
0.00153394544237495
-0.00758948105849366
0.0300659769803101
-0.000106333842601614
-0.0102172168811984
-0.0140892155477161
0.0102606931037627
0.0141642889197104
-0.000634670011614213
-0.00366393383572516
0.01309485602453
-0.00771109241521173
-0.0186528860202357
0.00688919759444673
0.0260809243316195
-0.0122704520492065
-0.00241636538590806
0.0182542090965828
-0.0138497143457446
0.0470001041714214
-0.0100998812617852
0.00747872033696895
0.0265185300785163
-0.000190438705592544
-0.0254784590288063
0.00997928232299339
0.00736033148944992
-0.0044646903082477
-0.00841392733838753
0.0113467836576193
-0.0269662626406123
0.0305847785208806
0.0201082875843975
0.00648849788858608
0.00540694493233751
-0.00333813198943189
0.0371650812093058
-0.0384503587469933
-0.0281821636790666
0.0048244523237726
-0.0289526849292772
0.00585433328287022
-0.000900632529313494
-0.00877592601984467
0.043407425943839
0.028689780906612
-0.00726218502474951
-0.0108194463907605
-0.0169505403212199
-0.00214450097031438
-0.0227531057808114
0.0196228452544578
0.00030363679431078
0.00430348367416178
-0.0285112133324716
0.0169575842729809
-0.0192915519309067
-0.00359294400137189
0.00168727008678049
-0.0380169893557214
0.0123334704724061
0.00919867954442377
0.0322187643186299
0.0443285059140673
-0.0252145785904644
-0.0154519463960292
0.0218635387150752
-0.00306224021077284
-0.0086476440458173
-0.00804117313204333
0.00197913927147864
-0.0137427224872958
-0.00518564503825469
0.0118708874734959
-0.0470042780063659
-0.0594730040520414
0.0250460444868077
0.0114493123002961
-0.00662688549145962
-0.0434118305539671
0.000798853635139318
0.0294459169609306
-0.0025956991738314
-0.0398502585340061
-0.00791337665621528
-0.00661566180602069
-0.0121134475890307
0.0120941072240219
-0.0218120921622403
-0.00764479533446227
0.0167094286254773
-0.00151160875497003
0.00649371895352835
0.0342307119062979
-0.034908935560082
0.00344557624967468
-0.0376576641722552
0.0107031824423768
0.0131715038941611
0.0137905359157864
-0.000334116252875827
0.00150253025853431
-0.00927644763727453
0.043487768273572
0.0366796008279501
-0.0375779070796908
0.0166622089222879
0.0360080347368386
-0.0151653776812909
0.0319513982396601
0.0280042046454013
-0.0303061616830571
-0.00533200914996201
-0.0114853280880436
-0.0158226841134503
0.00873920623840396
-0.0396371199154064
-0.0276360910908934
-0.0376802729695841
-0.023533380003803
-0.024359877614383
0.00946706808691755
0.00264313717049625
-0.0187802148116609
0.0302155799141148
0.0120648901380487
-0.0720032159929366
0.014486170953707
-0.0113096014215339
0.000104029224595181
-0.0191928802695686
-0.0101269953772286
-0.00502523385582754
-0.0187534375608723
-0.0231447772278423
-0.00623086220677438
-0.0143865397194008
0.000817909139830264
0.0373713864797884
0.00494350701269586
-0.0185362792704092
0.0368872443348136
-0.00216701823791043
0.00233469255951424
-0.0289781715803409
0.0159111739916854
-0.0111080494209971
0.0567085487126058
-0.0344579581745962
0.00476956310082211
0.00930684265625936
-0.0339605235939755
-0.018991242720798
0.0146647969527887
0.0092208356606388
-0.0373939843544964
-0.0232455463426908
0.0136642682437532
0.00553999097649804
-0.0195619928967509
0.0317481007916098
-0.00958720493763243
0.00778903120582652
0.0170973302038017
0.0349059587544058
-0.00291848894118563
0.00330422564086263
-0.0026396654048767
0.0357656180582877
0.000689801243441091
-0.0100412759723016
0.00561329026700408
0.0184739623329131
-0.0201938231082289
-0.0544689209322003
0.0176338956612474
0.00296062059287228
0.0167891761275663
0.0216475471323729
-0.00963418268785121
0.0150774124598003
0.0341475466416351
-0.00848377873966344
0.010015404486168
0.00385287269617762
0.00523042652658667
-0.0241453391874482
0.0379596884830053
-0.0015398559317914
0.00115319350891663
0.031479657490234
-0.00949865039628595
-0.0246027923696335
-0.0337290909119862
-0.0143406669226283
0.0318762209034932
0.00108552891307601
-0.05522766742899
-0.0425804873453619
0.0109449748015908
0.0182135609093312
-0.006707071046125
0.00254491206709784
0.018219552820816
-0.0264116503826187
0.0161020566763829
-0.00943463537732048
0.00360866563180129
-0.00272953100567042
0.00834889814277429
0.00414445852031653
0.00812483066804803
-0.0254494469608398
-0.0014081767652373
0.00504481370947096
0.0206189960173614
-0.0216633981477599
-0.0169373243783758
-0.00687071864269195
0.00304380157491735
0.00900474531490103
0.0206158509000509
0.0064152671060268
-0.0163974353841374
0.0010662472505153
0.0130224383102513
0.0188583161986966
-0.0410034930504727
-0.00248662948024458
0.00434047491512413
-0.0114076507027788
0.0283710520855541
-0.0420649591634275
-0.0288989530256841
-0.0161340146277766
-0.0137283678726853
0.0277385799306374
-0.00482785142826303
-0.0123205958989485
-0.0140727423570439
0.0147864415083344
0.0122084591730842
-0.0070478662599216
0.028304833751702
0.00719092293327028
0.00448340686976478
-0.0224997373007342
-0.001099805585002
-0.0182957630195827
0.0373273752550453
0.00940319538281242
-0.00587504998222421
0.0030151717622644
-0.0467189417606457
-0.0210450135521074
-0.00858045151455478
-0.000381895199966564
0.0120294778973931
0.00581146810998245
0.016663161303917
0.0882394031619332
0.00409664808551669
0.0500859877780649
0.00169510667075778
-0.0157735450791899
-0.0023562477857656
-0.00233667630731338
0.018077895263646
0.00828385783969532
-0.0155575246307098
0.0124144884003703
0.0212013732713886
0.00121803993304481
0.00182685954017014
0.0621162381411555
-0.00606287324936972
-0.00191848334424805
-0.000752835731889223
0.00202858383152682
0.0114890595381808
0.0256838271536884
-0.016379411580187
-0.0369273122993119
0.00352300635651781
-0.00908786890067681
0.00376578425188456
-0.00808300517974558
0.0120407311439046
0.01061660457143
-0.0195377299000653
-0.000636449150545171
0.00937034376476442
0.0108702339918381
0.0180900247506108
0.00707608501284929
-0.0122844955386875
-0.00028871984918788
0.00420348287141703
-0.00826233257777842
0.0280941751863298
-0.00124216435651681
-0.00186605799798889
0.00201965328258991
-0.00730745611948225
-0.0128050709101771
-0.0280446295128819
0.0146950663719546
-0.00328892474975317
-0.0019255897467193
-0.0166832452901713
0.00410345076841501
-0.0248424732721342
0.00456520956204087
-0.0286102906826612
0.0156293316034274
0.00990595701982677
-0.0105197433173931
0.0266678016801423
-0.0181093602505171
-0.0062096088785254
0.0391383238582326
0.0192810589882219
0.0238132372174964
-0.00830180849513351
-0.0039615066154145
-0.0188256168451627
0.0112526560603925
-0.00126974690745674
-0.0198104053664527
0.0452540340083879
0.0178464169496864
-0.0346914791784609
0.000875932654408995
0.00161795210595328
-0.0215474278827188
0.0113452177562052
-0.0198441907424098
-0.019809410285927
0.0108850065639902
0.0099520134457719
-0.00591520546546764
0.0069207993063195
0.0418768986319368
0.00425702937320516
0.00101082376448192
-0.0198972834257199
-0.00835538895025945
-0.00365890651175427
0.0320134093736302
0.00138222359294393
0.0134672482902827
0.00538348189345061
0.0073993478600306
0.0293205949638874
0.0200779406991844
0.0141636970214849
-0.0068146335607957
0.0204156427271146
-0.00567389138148888
-0.00908217929548094
-0.01500781030011
-0.0097400426010541
-0.00475421454289127
0.0154147508174893
-0.0233223790404437
0.00775782431290495
-0.0328166285308447
0.0162576012362721
-0.00196593531049805
-0.00565841467271999
-0.0201794077224126
-0.03516919425822
0.0146219446847196
0.00515915774954356
-0.0064638813718304
-0.0504684632007719
-0.000159261071564387
0.036452484403567
-0.00712168011028214
-0.0283201897235992
-0.0147259687019398
-0.0249760201095752
0.0678903771383929
-0.0524612562874305
0.0415772962598503
-0.00906101424318828
-0.0353699509861287
0.0268165816548024
-0.00372711728355324
0.0319853003851855
0.0272765097185932
-0.025159204622184
0.00545339101584541
0.00835717119978452
-0.0149127750277127
-0.0153579587715196
0.0497559190837699
-0.00137735820327756
-0.012828905906722
0.00137586427577108
-0.012242033756192
0.011180319693248
-0.0108034076505547
-0.0439049547700587
0.00464380362051908
-0.00848623964184203
-0.01141707107372
-0.0200311091931809
-0.000391815647592497
0.00120951481472931
-0.0115428006941836
-0.0115401846343997
0.00604834177615965
0.0159825725936557
0.00521413478409405
0.0405077875259749
-0.00219838763951163
0.0075885243795486
-0.00358939106270328
-0.0138864471894704
0.0149743652145817
-0.00771262800245121
-0.0170922671957411
-0.0159781671543939
0.0371801786277178
0.00452529891674236
0.00416655981202618
-0.0424597054945689
-0.0371730406972753
0.0124863839016944
-0.0111643652399103
0.00546927882589121
0.0242970087326122
-0.0107401713250754
0.00417080221723642
-0.0425215197651341
-0.00850989884452968
0.00697714266994387
0.0060794532227948
0.00305453606397343
-0.0193459881126056
0.0121560917299992
-0.0414790599229565
-0.0344206767029611
0.010158688733331
-0.0185799408925855
0.0226982677551768
-0.0213870826146213
-0.0449880253581625
0.00834450807121212
0.00149722032205457
-0.00658072071103699
0.0146407520466733
-0.0350571635603787
-0.0142111009575165
0.0226657942263108
-0.0312082860026177
-8.54601963483637e-05
-0.0569219431592036
0.00768931750158941
0.0114407239038895
-0.0076439484832127
-0.00139217366271882
-0.00885626230924552
-0.00814940397838149
0.0117600815830933
-0.00480604541841079
0.0421168243997802
0.0183773990523416
-0.014707276701441
-0.00213120436173375
0.000208180766477106
0.00249337661978621
0.0112882730224335
0.00941804627573928
-0.00398109527255464
-0.00504119643523504
-0.0194423340017759
-0.00910342778019546
-0.0311148911808887
-0.0160890382853586
-0.0399418146514049
0.0176029289085374
0.00234128626296104
-0.0184048551881769
0.0503663842586174
-0.00444455689227996
-0.0533121846602017
-0.00230814997756656
0.00562687276945717
0.0298509655914234
0.00740441092875854
-0.0114755818363843
-0.00479006098177137
-0.0149499089885101
0.00510209796982974
-0.0172950145694364
0.0457456878383916
0.016130310100166
0.0302131577784114
0.00738026942967951
0.0115682973727036
-0.00167936622115616
0.00493815056765812
-0.0118033833776047
0.0120582855191872
0.0229971590229018
0.0297027164240541
-0.0102774327643465
-0.0205849415241429
-0.00568500762303148
0.0334703618930301
-0.0254956266518681
0.017283237337817
-0.0472048723923593
0.00658624423583132
-0.00387134071334971
0.0297259009851141
-0.00882514944083335
-0.0017309667681823
-0.0397550989697387
-0.016094049067642
-0.0224742689935856
-0.0624821535870577
0.0217473170341232
0.0099521187709507
-0.0288504609892208
-0.00330006276132233
-0.0247211331500279
0.0157803899195801
-0.0255690439183587
0.00100721582302421
0.00925747935706711
-0.000953923254805478
0.0396914357497148
0.00825170936019304
0.0139649225241995
0.0114395951403971
-0.00955088430167761
0.0103851883556361
-0.0333598849774838
-0.0225999067012601
0.00267979594660483
-0.0155850082437657
0.00724314194360898
0.0226977812625976
-0.000503257103546484
-0.01004662036304
0.0151007615494312
0.0187963286694289
-0.0217703557132489
0.0209819021977794
0.0230834785921882
-0.00280801237553518
-0.00769308679509861
-0.0139151879095767
0.0417345565173256
-0.0286912783381885
-0.024697613044932
-0.00412863307414157
-0.0490365287534233
0.00872194317260422
0.0180295725836899
0.00565002783278112
0.0201648564929744
0.0155457709434011
0.000617475690196545
0.00503737517788183
-0.00667682083451637
0.00797609583852255
0.0195338931563173
-0.0442523032375464
-0.0118883497163815
-0.0125559278047852
0.0350146185872205
0.00196357793136226
0.0202978661195411
-0.00651145418981436
0.0373480329466102
-0.0224791208411832
0.0101780837393203
0.00840670971745339
-0.0127373971691165
0.0228987854314686
0.0184904831558858
0.0166146915410426
-0.0109500508478739
0.0137482245303084
-0.000289646758941497
-0.0138584829245398
0.00911501987685215
-0.0168281963779152
-0.00346520385645255
0.00116631623307784
-0.0208726287688499
0.0100870834226658
-0.0154560312958819
-0.0348318537059467
0.006988007775386
-0.0108143886924774
-0.00967745358562677
0.00799863013668589
-8.66482300801996e-05
0.0212373141610892
-0.0319599094262017
-0.0142285606461906
-0.024742194923098
0.0530358763543235
0.0067018460908671
0.0363702038131035
0.0447130852817916
0.0027287263169018
-0.00472460422454424
0.0468461117408812
-3.9014646614044e-05
-0.0429527072882429
0.0230552734549033
-0.00209506918219138
-0.0178670745903582
0.00568183241647546
-0.0108382963544805
-0.00685302196240889
-0.0159438433196474
0.00637939582024061
-0.00832377814279117
0.0422621791261352
0.0233968929982913
-0.00930627105948978
-0.0218444998698106
0.0182009683165023
-0.00406250010932463
-0.00717004530980803
0.000259485260004189
-0.0177585431012011
-0.00495351911178632
0.000455142891178317
-0.014345110196464
-0.000187830061467831
-0.00170070970783709
0.0135865713043813
-0.00245112903319877
0.0310125158834168
0.0198338279712048
0.0157974547780703
-0.0188365725614873
-0.0176963955718767
-0.0105371337827507
0.0175770338912609
-0.00761343869469533
0.0228554111408877
0.00659283804149324
-0.0230195830076343
-0.00874066376692872
-0.00613174440168185
0.0105729300363593
-0.0138160367011627
0.00998598376882276
0.000337414831122596
0.00856240314563361
-0.0150180809114133
0.0304894839800711
0.0109757690993038
0.00299016540725883
-0.00720094037114949
-0.00687013891221766
0.0346461462445189
-0.00216122694516396
0.00110660686808139
0.00325955291838242
0.10839697650708
0.01065829221796
-0.004708058365262
0.0094320003729621
-0.0389127231636516
-0.0116248231590078
-0.0213061147773775
-0.00566318080161388
-0.00666235402962889
-0.0204171218279761
-0.0242080665698625
0.0412930883142919
-0.000531881709329496
-0.0198853763368728
0.023678210864965
0.00266342374012629
-0.0201297619026927
0.0241581866369518
0.0162113185875006
-0.0223304145715002
-0.00772022974454056
-0.0101449711405331
-0.0378547968004574
-0.00537333319552524
-0.0106249485663541
-0.0184538796828879
0.024438606536533
-0.000210492831351661
0.0149006999646646
-0.0145035422650795
-0.00852513804599031
-0.0242391365163311
-0.00769990533464304
0.0479205644334919
-0.0282913689404853
0.0317556568010868
0.0124926107057567
0.0155792343054064
0.0494212976244798
-0.0359542738304381
-0.00631168931363413
-0.0128327716657356
0.00635461873922682
-0.0165736763989852
0.0468915797602132
-0.0053920631210671
-0.00146171566113573
-0.0133872638401147
-0.000665531071589176
0.0124939052525367
-0.01663814742539
-0.00374697380664391
-0.00483484450952809
0.00302970135557257
-0.00589448410466875
-0.0180108894438543
-0.0282929777985959
0.0118106368856651
-0.00155774995088309
0.00808919347847803
0.00129815690485402
-0.0149368562056754
0.036993297736531
-0.00136590768732192
-0.0195246717958151
0.01824653501721
0.00268022528339296
-0.0210189852692994
0.0230087825581051
0.00935744942815431
-0.0285904643583791
-0.000653195880765733
-0.0127216032090085
-0.00145329356989743
0.0138398344107723
-0.0287807912247708
0.00146571573777954
-0.0272116866972771
0.00190875484740127
-0.0250133576544678
0.00869483331860033
0.0358625020154224
-0.0238640874658222
0.0432441508764277
-0.00395009907263
0.0148372863376378
0.0335681801378531
-0.00898078206069153
-0.0282977607614621
0.00644614411380884
-0.055941976742238
-0.0243121067130011
-0.00349833014186218
-0.0147584796377792
-0.0238897491265642
-0.00773646896258662
0.00129327812008373
0.02322286923262
-0.0245961573579709
-0.00969364514461868
-0.0146483633029292
0.013762849176736
-0.0196901495407323
-0.0229646496184245
-0.00270788350079953
0.0162113075619618
0.00122918142269368
0.0366365704251811
-0.0753725935872588
-0.00521668524094743
0.0141961656127629
-0.0184479644753657
0.0190357942285925
-0.00218323914567997
0.00997330575222777
-0.0180507285782832
-0.017180315293038
-0.000232350320814256
-0.0299645628365788
-0.00171485780808522
0.00457245591268463
-0.00795397265688047
0.0129004636588873
-0.0182877820605762
0.0191831456799266
0.000280073677498605
0.0522374521860827
-0.00524767105935664
-0.000940031242434802
-0.0341385725109735
-0.0132193374524808
-0.0290060656739651
-0.00395950688286839
-0.00688978611233571
-0.0234269120124549
-0.0186319820331335
-0.0243167246860472
-0.00472552694977135
0.034329883756163
-0.0463322289135389
0.00387170550166027
-0.00811100358589212
0.000260105971393809
-0.00516609398743439
0.0302417091036736
-0.0173860055746984
-0.00352275502270138
-0.0254638385230084
-0.00366925848351851
0.0127779827276665
0.0217028013345745
-0.00574297485452135
-0.0199268929407659
0.011183610599361
-0.000963053009300441
0.00246146396619318
0.00551771855416594
-0.00534896207214985
0.00334580207095414
-0.00703235832611282
0.00223519534652361
0.00508584523544353
-0.0219450609659348
0.0109203963553443
-0.0174162019057092
-0.0259076172376349
-0.0163073052752447
-0.0410014166155043
-0.00912520069641953
0.00301318052072386
0.00362193043786685
0.00768175175777397
0.00143686792984898
0.00834885437633615
0.033091997237236
0.0127933271128784
0.00789393215515299
-0.00389647559360795
-0.0562322526746876
-0.00445283422900911
0.000154890987499323
0.0167491879278517
-0.00344924630440224
0.0124519973170452
-0.0172813522502612
-0.0495530787267193
-0.0105383973832334
-0.0281028104984647
-0.000165721376461203
0.0156423280062724
-0.0189356964455938
-0.00847163004560947
-0.0200369146045968
0.00493136707867203
-0.00247052157400318
0.000415352145125447
-0.00716702247633705
0.00105759033908548
-0.0302691041904153
-0.0189684437724067
-0.00964167524304349
0.00726272430125807
0.0328571181865916
-0.0180461075469095
-0.00319346486721328
0.0024506193577899
-0.0127397350706916
0.0217031569597413
-0.0165658957972052
0.0119760597644643
-0.00551713706551471
0.0118802678851964
-0.00654947134219208
-0.0102955130154898
-0.0100264131376768
0.0230712088095576
-0.0151749247344873
0.00439865179424048
-0.0101436301553155
0.00402099078333185
-0.00884058852399894
-0.00215028339234191
0.00219753045030568
0.0102489330509637
2.28526014617314e-05
-0.0115051602701209
0.00142536410167193
0.00609941719599005
-0.00574462070997428
-0.0313603017943308
0.0240466291772264
-0.0172897812341769
0.0178834259308832
-0.000928966177653145
-0.00630929502285371
0.0263210358999577
0.00164291458744437
-0.0116910242743808
-0.0142882090000453
0.000827416690833749
-0.0119042617023001
-0.00812920135500883
0.0334767956445007
-0.00117599986877426
0.0454527598308553
0.0085173690454593
0.0099006139492156
-0.0202612057784942
0.026680930925243
-0.0148512373960938
0.0173212659784344
-0.00867746706000927
0.0091979889222078
-0.00632150736932424
0.00377030778883791
0.0101540683196596
-0.00128914260664481
0.029112787881229
0.0399610603201074
0.0292171318737749
0.0104666026630228
0.0128699179765897
-0.0106485382134947
-0.0155566756390421
-0.0075975794632569
0.0266517214854493
0.00652263270549003
-0.00137177366530983
-0.00694429045774991
0.0243680990989881
-0.021483610153133
0.00231369569742812
0.0021359138716559
-0.018316627462042
0.01044782658403
0.00300242955094232
0.00882477246138902
-0.0241767591200086
0.0145095565367217
0.00558123780650099
-0.0130892177547159
-0.00821895536423067
0.0385436053875166
-0.029675479181333
-0.0260391526871386
0.0345038214103497
0.0163404132760964
-0.0157286717949611
0.0107255957133615
-0.0120947224637658
0.0109445180133709
0.0109271176741847
-0.0278896497898353
-0.0181180268304652
-0.0306656016705372
0.00734187917460027
-0.021589137140495
-0.0403853863770294
-0.0210846494904682
-0.018966677544573
0.026492355050295
0.00565850247389854
0.00821721913960594
0.00412240552741527
0.0280457247269913
-0.0250758787420033
-0.0559705738495251
0.0380980221160848
0.00275564373703685
0.016380226231973
0.00570148035001683
-0.00319282209113658
-0.0259809454170287
-0.0206828269628997
-0.0172491283051274
-0.00491199044341284
-0.0224569344630753
0.0153470687430634
-0.0123170268452438
-0.00436224105644811
0.00145304882203923
-0.0204243470557463
-0.0123536152646871
0.0339719692607885
0.0358526917219461
-0.00214458453429511
0.0135297495342661
-0.0206178892303374
-0.0164081675133453
-0.0182611035641072
0.00478608874625597
-0.0218201509472062
-0.016362990246245
-0.00804053107919456
-0.000985888302541538
0.0559313010193112
0.0241015837186478
0.00965374757358373
0.0087864351799769
-0.0350859162552766
-0.0136879073508867
-0.000643564796440343
0.000115165024486941
-0.0173581736215485
-0.0213447816215595
0.0156328511895049
-0.00904650823715136
0.0141659655936632
0.0151169020969547
0.0234934806315606
0.0765578533518185
-0.00399950472729849
0.00401967145839754
0.0146245492152222
-0.0414096674879429
-0.00250860350227899
-0.00533451109897376
-0.0184563290095965
-0.05672483007319
0.0109419100486385
0.0217762608498399
-0.0151693395837141
0.00163684569291611
0.0388157605619249
0.0249657594900664
0.0170400303081808
-0.0192306288817443
-0.0272164864507618
0.00139293064801083
0.0252275318363023
0.0120725453050889
0.026966228557305
-0.0160460944229944
-0.0293999244027415
0.0298305957646184
0.0180240073089514
-0.0171753924992472
-0.00232852240835268
-0.0295878685773264
-0.00272938647095777
0.0102258723691625
0.0455242886981801
-0.0163542084846695
0.000324032703079125
-0.00669186362507368
0.0135870846470924
0.00530118483688402
0.00991572128084672
-0.0160739082964283
0.00139064701935609
0.0114269147745707
0.0034149382097538
-0.00545854360782405
-0.0462956640858964
0.0109629794531018
-0.0240217382930912
0.00344984029462625
-0.00555257565994105
-0.00306383733114091
-0.00351774130606053
0.0450961986091105
0.00650556156504933
0.00144084219254792
-0.00512536608906311
0.0403732359107376
0.0167195787029151
-0.0142375516899363
-0.00735341244388787
-0.00290940144761442
-0.0117365083923588
-0.00995913127182724
-0.0313198750084013
0.0145906803083357
0.0353003789026819
-0.00653381909124506
0.0106874181249892
0.0211458275943751
-0.00658299394839224
-0.0839863265066532
0.00300114406817198
-0.00240511935929566
0.0213159207824237
0.00487167689482781
-0.00853334530407757
-0.00424444133096868
0.0158120216630242
-0.0122042956860674
-0.00238580003894728
0.000851330083314172
-0.0269194570206857
0.00696359694363513
-0.00447247365777603
-0.0180211822156778
-0.0181695844607339
-0.027155860541856
-0.0660294147761044
0.0183280128317266
-0.0163923188732397
-0.0511789443161175
-0.0328831906935533
0.054164012696455
-0.0207630069663276
-0.0166040299688255
-0.00607848856176407
0.0074485535917288
0.0194035639427294
0.00212393956978529
0.0186328304233626
-0.0147595908017399
0.00500852081200764
-1.90481480845106e-05
-0.0204499329585656
-0.000397025463444667
0.0108428609917034
0.0191183747364811
0.00501827830113533
-0.0240987149611118
0.0159485568820801
0.0166926111056253
0.00360271467719642
-0.0128952036845819
-0.0112804948137825
0.019508180780799
0.0203912304116601
0.0239561568209981
-0.0270867436314948
-0.0394399104586475
0.00200173013195248
0.0179229329155302
-0.0223707814259201
-0.0165922455274824
-0.0226077767385124
-0.00689644258508737
0.0160571071667892
0.00235787495624473
-0.00303840373733477
-0.0247007350283346
-0.0299891282083968
0.0544582457389099
-0.00117000617309571
0.0268351641840628
0.0024967115357214
-0.0101955959607701
-0.00843738294075369
0.0069659831793164
-0.0096865221343011
-0.00674851876478999
-0.0139020937614753
-0.0300725454918723
-0.02800783931984
-0.0210977444113505
-0.0393230433380201
-0.0190763733588717
0.00810067080144417
0.00168387007023307
0.0276473520522611
-0.0161476415867552
0.0145272893919262
0.0443134091908141
-0.00203247461260403
0.0110972044419775
-0.0159291645620663
6.38391203799937e-05
-0.00188140513630297
0.0183750782138732
-0.0185470520357177
-0.0427096576753725
-0.0250326950261902
0.0261578413176531
-0.00650524825106213
-0.0361917931544252
0.0266446088390083
0.023128775224985
0.0165984982270807
0.00424243769721999
0.0336181318601397
-0.00349782313792313
0.0142275195569999
0.00718232152355669
-0.0201840793993122
0.013486575255904
0.0347765314329842
0.0268230272942777
0.0115029237967605
0.0155907276102458
-0.0234981532725586
-0.00449478184333874
-0.0175035175499119
-0.0156727971121839
-0.00448393801232916
0.0136648076313169
0.0346163323649278
0.0162635917098893
0.00486092609608724
0.0476223658498673
-0.0196744792795907
0.0199774067664271
0.0238695919789655
-0.00771964629393151
-0.0101961246948398
-0.0112531995965821
0.0154240990268728
0.0353446839284415
0.00131058086769908
0.00929776183249675
0.0137419896787373
-0.00281657030639826
-0.00193662593043042
0.0114638836158572
-0.00177758132447192
0.00581145394236759
-0.00408351851831523
0.0235782175077828
-0.0471736476631286
-0.0112839742658112
-0.00204198967671032
0.0157583026290244
-0.00293760122909381
0.00639046033223745
-0.00881550276599785
0.0629299593308091
-0.0263998665612293
0.0223286862256272
-0.0157308674951966
-0.00881861238916704
-2.33299290784972e-05
0.0116802041727229
0.0167039624715779
-0.0207066188630112
-0.00189774879588966
0.0065616724511719
-0.0190247841461658
0.00373722181761904
0.0348478444147946
0.0190582162209814
-0.0433561776031397
-0.0132616111022954
0.0128764412728724
-3.59425525120471e-06
0.0241530449058758
-0.0304876915666162
-0.0215401253444845
-0.0123296452230709
0.00342443311088847
0.00299873909393067
-0.0113570452507734
0.0084252248418657
0.0269277403003406
-0.0111685115056142
-0.000150467528553744
0.00110692004949775
-0.0168622683272741
-0.0114531384764091
-0.00381399702467822
-0.0109882420900848
0.00142217087128238
-0.0159267846756309
0.0294893308911726
-0.0131228832957471
0.00121959296419893
0.0173721908551057
-0.00125005551304214
-0.0327888657447666
-0.0274444074440118
-0.00640815452495891
-0.0202468517378488
0.0238908500385165
0.0105865389797315
-0.0163207697755315
0.0113804254062664
-0.00239908201210204
-0.0223090656590537
0.0240612295179575
0.0135418529065967
0.0214610128284753
0.027000801065165
-0.000602206920037762
0.0072665162531923
0.0193280327937861
-0.0257073464582309
-0.00968846521698363
0.0178882786448622
-0.0102522668898304
0.0108622279412868
-0.0194103816675985
-0.0107930509478005
-0.00471214481194326
0.0317016186224033
0.0233222731666448
0.00340346101366285
-0.0374440029774938
-0.00773046331771854
0.136182797617873
0.0331745836875408
-0.0119899990073421
0.044794425361341
0.0300617688056708
-0.00733120522037256
-0.0129195809964743
0.00522094184664845
-0.00583621874757601
-0.0479866199971549
-0.00480090499518337
0.0383651566645427
-0.0206947282032326
0.0205053525751645
0.0288911175453954
-0.0238098291150671
0.0291499621947
-0.00507775283755785
-0.00217614944916811
-0.00883592224270968
0.012876352819632
0.0227333442095085
-0.00888457823332256
0.0386482110034432
-0.0351037147048141
0.0378346290618495
-0.00421859292072702
-0.0118648444456199
0.0166396980434034
-0.0192368733157425
0.0196305027791942
-0.00212166725694152
0.0025703511759636
0.0397082799677271
0.00821809676950935
0.0874400726462363
-0.00946505832882383
-0.0225776052824942
0.0125774817594836
0.0397963527407119
0.0170997187816465
-0.0275549784988007
0.0491039366483534
-0.000185025779598225
0.00754651659427941
-0.00479383014979262
0.0305455940745417
0.00075136378152374
-0.0330648495919461
-0.00665710822049426
-0.0482052815793155
0.00517419267882457
0.0152024682231789
0.00259966002836209
-0.011791273948574
0.0284546489647644
-0.0179372884912028
-0.000161503290403986
0.00690467514600701
0.00131615070483693
-0.0049791631724847
0.00809161593821128
0.00796503992189135
0.00319553876502954
0.0186503298744779
0.0260460241323576
-0.00549536222259162
-0.00681514075726408
0.00670799890157237
0.0130918347717823
0.00283938217294333
-0.0244086541344607
-0.0757956011483384
0.00175561149636716
-0.0267871676524317
-0.0284182484612738
-0.00354675650300984
-0.0187519964593597
-0.0103788563031471
0.0207104376329378
-0.00951970234836375
-0.0280963706494678
-0.0118077743675482
0.00019082223775635
-0.0165961587439569
-0.00971187133253071
-0.0132913422094545
0.0191799955124096
-0.000993841482375024
-0.0152963711801678
-0.0074838699865909
-0.00420610741254202
-0.00806164048524283
-0.026325459408049
-0.0117118009654507
0.0298477487420842
-0.0132646945044811
0.0185449020814381
0.013212066947147
-0.0296380335095079
0.00371726820710061
0.00949768837174392
-0.0209672182820824
-0.00369997893498808
0.0014354156824451
-0.0177904944644206
-0.0108131964553435
0.00162681131265052
0.015853870574849
0.00434109148264716
-0.00441877907492905
-0.0151992861555497
0.0176135340163038
-0.00777131990734958
-0.00526982578976032
-0.00575617613210078
-0.0114909380203169
-0.0284876398907459
0.0352703976272655
0.0208429290300894
-0.0178042251101267
-0.0158934650537366
-0.031477046599002
-0.024600973190594
-0.0313640460099617
0.01150574332045
-0.0329720646353241
0.000802093046630814
0.00371087527800085
-0.0174122628576516
-0.00595154723878766
-0.0109499315101014
0.0137886300971617
-0.0175640191040267
0.0171478855392428
-0.000508769739106518
-0.00566670379594036
-0.00922372869504895
-0.0140641611001022
0.00156737410771468
-0.00657564328650628
0.00043707222663425
0.0094150818019425
-0.0141239893396293
0.0257505554732232
-0.00880091109881365
-0.00534602862537303
0.0206006564502035
-0.0140089410375031
-0.020790326358065
0.0225112887074079
0.00713069037576197
0.0503828045970309
0.0082895702080491
0.0234356066374986
-0.0208224227317735
0.019128477816425
-0.0128677128843684
-0.0245741114616138
-0.0140580965305079
-0.0204910828474878
-0.0267462661238171
0.0213946400516978
0.0155920869983103
0.000773805650547965
0.0161943869504673
-0.0321584355929189
0.0208056005029742
-0.00594815192459153
-0.020727313553168
-0.00479923820048944
-0.024943550375612
0.0167824289874398
0.0159617962012497
-6.98690210814146e-05
-0.0186067281938986
-0.0171458761210999
0.000830133430503421
-0.0176565052123746
0.0131671716427433
0.0145178761600868
-0.0254747937340316
0.0304645429069076
0.0327179656062258
-0.0237258117572365
-0.046553471241082
0.00253755558144186
0.00534276712315396
-0.0267006853074568
-0.00327504389842581
-0.000863282929355891
0.00210633979320596
0.00138993099987816
-0.0186766841109227
-0.0179593849922255
-0.0050503545290167
-0.0311021243504324
-0.00237868538392605
-0.0165214256085792
0.0332017757893375
-0.0142353022758627
0.015258027871354
0.0286447042334128
0.0508918566294672
-0.00372707630876756
-0.00288250435507253
0.0304102226716337
-0.0144000818815013
-0.0186046106965032
0.0286769918310763
-0.00437392960149785
0.00398177094101704
-0.0216319321287027
-0.011353746458685
0.00320403545519166
0.0318532668682247
-0.0331703325322218
-0.0246039722678508
-0.00032513816965174
-0.00132844449407266
-0.0183358351881644
-0.0108648704642711
-0.00575316313335994
-0.0161900153148973
-0.0102177649592499
-0.0153289343756315
0.0156344045509351
0.00755026338951315
0.00993949315400589
0.0315757068923466
0.00903317609165544
-0.0444818577290338
0.0152967153561518
-0.0221443902961644
0.00696400655963336
-0.00970834531159248
0.0110035378409945
0.0374948332086228
-0.010569192687378
0.0209624516601234
0.0127444410996869
-0.00519799689179168
0.000522769127595746
0.0064657201006586
-0.0103665530915534
-0.00131422529473102
-0.0113521739767967
0.0589556318130975
0.0114800703944641
-0.0143745233379156
0.0083900818459286
0.0087889946681623
-0.012825816246797
-0.0414595086278098
0.00207503016478394
-0.00361786859041602
-0.00792147910816021
0.00975006919493615
-0.0307545556517301
0.0163260553935244
-0.00274521490784629
-0.00405321268253567
-0.0362536209706044
-0.0218231781532738
-0.00393113187594885
0.0119493737171666
0.0125153032303034
0.0449531693192362
-0.0209213855580821
0.0163714019679861
0.000657982859391892
-0.00107544631193723
0.034263318855948
-0.0142157829444229
-0.0133338977459264
0.00315901455929413
0.0117042227101806
-0.0377998394283039
-0.0224678467128444
-0.0184536204799509
0.000110525301924791
-0.0264191993058723
-0.000444922287239802
0.000774747994462532
0.0188733452329574
-0.0122781344410779
0.0478243689187325
-0.00437259657170619
-0.0191418446991273
0.00874881948459905
-0.0217491223006115
0.015224621093313
-0.00380585504343955
0.00449565792368722
-0.0158115055662198
-0.00113181321949507
-0.00399283290327435
-0.0260074337643476
0.0100046052987889
-0.036948965261332
-0.00291571902165777
0.0145286985584997
0.00950771898564984
-0.0276495819786574
-0.00720399234165681
-0.00751751090307906
-0.025178884401871
7.83264784433024e-05
-0.0196442665192853
0.047718926642012
-0.0137139175638308
0.00185085190750978
-0.00631089959559084
-0.0391580029369575
-0.00145199646944305
0.00406625100256075
-0.0024476686962549
0.00496443045919792
0.0074077939911612
-0.00375665462945896
-0.0256669408905312
0.0335128503850987
0.0305752413518775
-0.00594085403434552
-0.000851448884642281
0.0295024378708248
0.0171094574893506
-0.0168941847030972
0.0219676472383201
0.00397792035521893
0.00956870914358576
-0.0156490430257414
-0.000729324816970189
-0.0120911245721536
-0.0143141290463877
0.0268463088789842
-0.0147394085306179
-0.0142714171955807
-0.0124753027940431
0.0180218452175998
0.01704978769903
-0.0155589982565218
0.0257318927091477
-0.0004904708443636
-0.0135761195702182
-0.00780746963760193
-0.00109649752919916
-0.0185632636254454
0.0401792710448112
0.0146070671970531
0.00108687826078291
-0.00117960933337513
-0.0166539591527097
-0.0030275118414087
0.0400175780709963
-0.0247216020250959
-0.00761885692611186
0.0161967350931916
-0.0184664081722523
0.000914336269089655
0.0214451752084148
0.01018255056803
0.0187900320941045
-0.0510661476560292
-0.00374188522070118
-0.00775239648154047
-0.0170921329625864
-0.0107837562893853
0.00765389013113893
0.0114583784476728
0.0189468301833747
0.00214641278922045
0.0122015569149503
0.00297095568689965
-0.00542778123699783
-0.0253923737448771
0.00126653729516357
0.0118072738114654
-0.00796468777324522
0.0110897774449281
0.0226126343928963
0.000369849450770454
-0.0264789628067784
0.00182064596827169
0.0246683907764849
0.014186178972022
-0.0148078073420569
-0.0137039323476909
0.00604441198384287
-0.00615266679713256
0.00604418094329617
-0.0153640959664536
-0.0308858131577655
-0.00943500246169993
0.00629468637190767
0.000424702817246492
0.0205897925468699
0.00650111503387529
0.0162597244082088
-0.0253595380015726
-0.0246008229470001
-0.0271486096295035
0.0274733615792212
0.0263607365672602
0.00398043060268716
-0.0323575848197295
0.00969376377268383
0.0188298607372801
0.000923149656511191
-0.0337671128403076
-0.0288320851775723
-0.0224421534787762
0.0400243247567077
0.0057581094882706
0.00191677193257533
-0.0381043076533855
-0.0174379339363786
0.000389207930840851
0.00406133826818367
-0.0306637736059755
0.0163598613912488
0.00238478935839004
-0.0773952388520457
0.00256960753631197
0.0166875908989805
0.0236521687600475
-0.0173302802416254
-0.0100616786794222
0.000307653848728662
0.00949543068565684
-0.0183194581279899
0.0140293498257017
-0.0104818719078739
0.00534560121108563
0.00646194123877397
-0.00762814207241336
0.0246900890359215
-0.00181450225553947
0.00759016336014073
0.00375839851200366
-0.0268574051923305
-0.0416371122805522
0.0220876039153701
0.00118405627200369
-0.0102526543238634
-0.00895167741925407
-0.010175174932946
-0.00634901377874686
-0.0146451171854138
-0.00290022234469878
-0.00888677071690591
-0.023193708383307
0.0392720681742914
-0.0186232396432529
-0.0362862250077979
0.0116045989006429
0.0290040265263488
-0.0192507799056542
0.00566668693450856
0.00668221163563243
0.00278684544302843
0.00387628180207344
-0.0053373072109173
0.0236627434425033
0.013019438987847
-0.0115301649367574
-0.0229584740571935
-0.00740998876221954
0.00702600511071627
0.015835633109319
-0.00848743159630239
-0.0271720657879635
-0.0115367643529589
-0.0143705305899627
-0.0046049410496779
0.00494540541174326
-0.0148807162550562
0.0600087232070465
-0.0304305689049202
0.00496214784558635
0.0235304038860327
-0.00511047621882454
-0.00949096834844654
0.0111494030422806
1.19833530637381e-05
-0.0291434275249521
0.0360520711614599
-0.000453715749486161
0.0306487432275205
-0.0202932091824142
0.015877537493637
0.0120187596451944
-0.0369687648695076
-0.032982377099233
-0.0208904687047192
0.00826581298894435
-0.000686731376692507
-0.00642942781012157
-0.0177865752719637
-0.0127096730011897
-0.0157529915454686
-0.0021424129218296
0.0128485014720485
0.0280817546614218
-0.0192968674453176
-0.0133192240432691
0.0275640556084571
0.000704162266418895
-0.00138440959514718
0.0338110443322663
-0.00104499965143801
-0.000276278293967369
0.00371080381908073
0.0116515882220942
0.0175102756877837
0.0135146771739454
0.00909285377444269
0.0101067257687234
0.0133865113609863
0.0428180653061254
-0.00803222067787124
0.00379980491627918
-0.0223104789138289
-0.0254364221912522
0.0190461292394698
0.0350929019919368
-0.0283999163837682
0.0158073139403505
-0.00218372449935378
-0.0123038806246003
0.0173197149423431
-0.00077724588809025
-0.0138683057317984
-0.0237387196057661
-0.00551893630354516
0.0238954230323744
-0.000799421328537497
0.00626021383008057
-0.00905263364718911
0.014371158484203
-0.000537292944071344
0.0256811058777935
0.0270283820172348
0.0192264008754948
-0.00604242088077367
0.00200993836788965
0.00671971756786749
0.038705926208689
-0.00574796729628746
0.00121911930497043
-0.0195852338075807
-0.0184921811708116
0.0099632582471797
0.00482840289296571
0.00280999796382109
0.0214070928187379
0.0134371959495215
-0.00644949814500784
0.00798691219575609
0.0204832851759397
0.0116151088302545
0.0248175341508868
-0.0224044379890301
-0.0145182938167191
0.024176219804793
-0.0217354772402678
-0.00769291266518202
0.0181138276368471
0.0291635788093498
-0.0202656611569321
-0.00340105234330557
0.0128517687075371
0.019766527607722
0.0254400600388154
-0.025400058590931
0.0395333513748013
0.0258584189832181
-0.0263511800956643
-0.00815486409680977
0.0147016653854328
-0.00729354380524605
-0.000435310202940964
-0.0191217651273043
-0.0131849264891406
-0.0126616158740112
-0.0020299848288523
0.0154240985769001
0.0158284793274417
0.00434809573421202
0.0111669912625889
0.00298539153459965
0.0114480950716347
0.0124015199284182
-0.0104586336154169
-0.0463284692892355
0.0291112467323057
0.00245346350743114
-0.00524606936758931
0.0368248217698599
-0.0155633267333606
0.0031042519283091
-0.00859301576774429
0.00965166368471282
-0.0483859492099119
-0.012046316660579
-0.00595011247629984
0.0136317833967766
-0.0194282358315528
-0.0185565418964604
0.0188605460931142
0.0339789400785413
0.00190484307975192
-0.00671387045403382
-0.0169346286977622
0.00349849307535399
0.0363732221766395
0.0106754029510023
-0.0211045478538263
-0.00164258143557405
-0.0346043914567542
-0.000572451804581986
0.00678921733797522
-0.00271754215944175
-0.00952830404775717
0.0152655132679632
0.0199551509958418
0.0215997901503834
0.00930057521769379
-0.0156360785284069
-0.0234593665005345
-0.0355631216424077
0.0178552917801981
-0.00450126014507057
-0.0394100646356793
-0.00202800240266476
0.0135329303908007
-0.00889971173569082
-0.0148194721011876
-0.0160572432661323
-0.00929344864321313
-0.011888391124561
0.038034418714585
-0.0300734989877492
0.00604760331508714
-0.00155510949396009
0.0280489853563695
0.0192344663530013
-0.0125669890434856
0.0331086434541149
-0.00611663153325348
-0.0025326198197444
-0.00446840717811037
-0.0385456878197142
-0.00944891154759131
0.0110421529635644
0.00147204162447823
0.00639916852734068
-0.0118707272616274
-0.00488721192256136
-0.00197466104988353
-0.0281328130460345
0.046764154910817
0.013760246913008
0.00466391860403026
0.0184051816486116
-0.0141341953087334
0.023900647477921
-0.00124415648518506
0.0126228832578171
-0.00389307719355669
-0.0133795838796428
0.0634742605269529
0.00501149630536379
0.00960031126771654
-0.00175680705594128
-0.0160936024419545
0.0100760413211366
-0.00537229831008013
-0.0223941205121715
0.0157668110672458
0.000725429112865994
0.00729277403120654
0.00111062987036703
-0.00209759343706795
0.0378195565335312
0.00768876449584432
0.0181860379086437
-0.0112722100892484
0.00515149024541617
0.0269407452104931
0.0198205414380789
0.0152162709007181
0.0188551946411043
0.0537905921683237
0.0218686291144521
-0.00363337309415701
-0.0206831073408789
-0.0105338926877033
0.0217573173759347
-0.00734688946851392
-0.0187893119871571
-0.00959635251006363
-0.000704598914991972
0.0143599276238908
-0.0493095403737799
-0.0204989780140721
9.95440157842697e-05
-0.00939042342820395
0.00487551450632528
-0.0328671133703449
0.0011952156296916
-0.0359119758316779
0.00478814578876152
0.0127917061569875
0.019779162145078
0.00217632103935894
0.0236764955345409
0.0655083662961987
-0.0349876738777856
0.0414423152617504
-0.0025476618900836
-0.0665165523529473
0.0313619586751404
0.0260988261106927
-4.64891713476412e-05
0.026663774475373
-0.0104003368355889
0.00933651875026442
0.00357045113831655
-0.0183439727560587
-0.0219561203731731
-0.000278542952296679
-0.00619871058512755
-0.00287782099191014
0.0043532270533615
0.0161996766989848
0.0225531814122417
-0.00820078251177458
0.0243493672688249
0.0302156037849379
-0.0337023739330424
0.000512307333117801
-0.00587879364563038
0.00897522052182476
0.0122752686074036
0.00414227874126416
0.0211660880997874
0.000360478312054102
0.00339304846023003
0.00905982095635094
-0.0279860328412624
-0.0127299417411859
0.00370723621620395
0.0167623069171235
0.0046028837775709
-0.0200512907395828
0.0164961135518026
0.00831903443268422
0.0175026158088005
0.000685876318093914
0.00789983546015405
-0.0019296218374184
-0.0125805909567342
0.00202345302568452
-0.0124439790713919
-0.00164819638797575
0.0173363982657464
-0.0173008292857194
-0.0550750682764072
0.0179058106862859
-0.0399713802335098
0.0217071367366484
-0.0180433503891095
-9.41793037585459e-05
-0.0132253131405422
0.00593106015677991
0.0169532645358627
0.0112805529835747
-0.0285328670356917
0.00364750142702186
0.00474764223070223
0.0039862652285646
0.00367413726376553
-0.000400230057650552
-0.0425225037005886
-0.00276673306253905
-6.45064150787134e-05
0.0190903953460928
0.025284504397899
-0.0124407683358096
-0.00854634844788671
-0.00971836031769879
-0.0237058843798134
-0.0100492997019267
0.00734838845065722
0.0134623221396992
-0.0317412329876294
-0.00365644479433713
-0.0166263853621791
-0.0194002149910698
0.00386477108648009
0.00831674285616923
0.028346625261861
-0.0447555418012721
0.0332428291113999
0.0119532033432874
-0.0039838687376349
-0.0368979835387724
-0.00587056691563259
-0.0140496747176381
0.00736553319527511
0.0270621992437963
0.000966714795278545
0.0321201007863698
0.040658144087293
-0.0120860132647864
-0.0405527940048367
0.0232085200890676
-0.00379103538001402
-0.0300164384216619
-0.00979816206981654
-0.0395003823176231
-0.0151651797780248
0.00528766040991979
0.00696548859305279
0.0478113724639008
0.0272190875932444
0.00033181303616614
0.0177551375717278
-0.0291086883433691
-0.0170387039428098
-0.00661897568308445
0.00508420756516292
-0.00924676521586432
0.0338250618341871
0.00592586302942877
-0.00229094640087635
-0.0148240930779543
-0.0106807899016509
-0.00786523009195594
0.0234180673500907
0.0192690411973263
0.00367146522465855
0.00973648957766504
0.0041401576017227
0.0227945835878292
-0.0204704783902762
0.0254692493372488
0.0231900569951488
-0.00658787820569096
-0.00852883839144047
0.00157753030567942
0.00421479750691678
0.00263473091773203
0.0170519099521032
0.00520147519475489
0.00793595737889963
-0.0128519157021991
-0.0125538543379656
-0.0177495751464118
-0.00410427911936628
0.00605185409036335
-0.00423373696501061
0.0226658592382909
-0.0303696053361038
0.0210749398734628
0.0407740708740202
0.00763020217741539
-0.0208290226059561
0.0049108540311652
-0.0364841951267566
0.00630505840905249
0.0174587884546936
-0.0332690590063726
-0.0158931819918086
0.00536719295944077
-0.00122616449122537
-0.0304607002328292
-0.0152115149133769
0.00345860405256249
0.0319167344129934
0.0151684590919742
0.0121564138724526
-0.0371441511267109
0.0151488710004966
0.0368205129793497
0.0230237511485086
0.016457690401703
0.00220398035091329
0.000465241760817969
0.0230038883328796
-0.00819119025952408
0.0322527913583686
0.00641574102584241
-0.00845067467024263
-0.0102860477896393
0.0211635541795379
-0.000843829112888272
0.0151201453429723
0.00272781121997823
-0.000954873499870668
0.00471082676037604
-0.0178860382583401
