0.0145755619001147
0.00396992444947308
-0.00329184818470729
-0.00586036017705993
0.00858871642668468
-0.0141998462263828
0.0252177970976355
-0.00836558123551789
-0.00389591189067673
-0.00207863892451421
-0.00333403828896017
0.00331632047046959
-0.0129852401205248
0.0141743939111425
-0.0106625419124367
-0.000529112636899143
-0.00950102493254867
-0.00789415051931641
-0.0115042819388513
-0.0354955787357802
0.00510882614448782
0.015682620938394
-0.00437198055056953
-0.00215174813720509
0.00414618350794527
-0.0139229629412103
0.033432731669631
0.000174777648659585
0.00315939013640865
0.01568440218551
-0.00198273893112955
0.00484352933935206
-0.0118525090719039
0.02285663969902
0.0179581549348402
0.0071154101129931
0.0414480056974877
0.00892912388730593
-0.0133507975280818
0.0122682801781533
0.00635689330388445
0.0197653921545466
0.0243023108733116
0.0101387950395448
-0.0198342722249407
-0.0138658638616516
-0.0144916325691131
0.0254608803703746
0.0110257912158538
-0.0203036991735175
-0.00221038477343605
-0.00298905668509164
-0.00829043678016994
0.00338163762210364
0.0114926052521955
-0.00398762634160121
0.00426150192381769
-0.00306073432383336
0.0154215272345564
0.016403493371584
0.00484444730020073
0.00540018188971203
-0.00139922065092257
0.00389080253413709
0.0026726574324929
-0.0055233472289018
-0.00245181185072951
-0.00410821644890014
-0.00304495309256225
-0.0101354467571486
0.00685323039162
0.00348464486978806
0.00761266435994479
0.00612400248021849
-0.0140719881705493
0.00434695321857959
-0.0258084515123862
0.00552559946777542
-0.00977373065290443
-0.00763523812306133
0.0176713572683482
-0.0101882002343068
-0.0109886994037893
0.000938300971814243
-0.00413985557003294
0.0122007959268764
0.0038999032455429
-0.00676057758727922
0.00764636851143763
-0.0113417604365313
0.0133611744284838
-0.0183905831475588
0.00809074419543343
-0.0100373870595583
0.0113166937284248
-0.0176146151400083
-0.0200740439633229
0.0191085791540946
0.00344428481612624
0.00295666742378309
-0.019001939261857
0.0161411705733698
-0.00043276925167568
-0.0158361788519414
0.00307742931182986
0.0113869556117656
-0.0155444069401138
0.0113320572160607
-0.00518977647202057
-0.00100173101320777
0.00344022022603951
-0.0206112215733967
-0.00934149490374914
-0.00295427782134716
0.00295896909458726
0.0243509655895515
0.0119775637320814
-0.0076221318980636
0.000160898618986494
-0.00117744842140155
0.0109948557280095
-0.0080329320037027
0.0152475058633765
-0.0069537313624739
-0.00500629726087531
-0.0167383306447775
0.00524555509890767
-0.0179337473609316
0.00863957876337196
-0.0198938032655782
0.0080953740756744
-0.00757452321857777
-0.0108059947940244
-0.0069031431812494
-0.00254614764751437
-0.0265772046639832
-0.0181246796150134
0.0123068287352943
0.0111887559611166
-0.00737647273665942
-0.00186676238085148
0.0166158052689642
0.00984324912578849
-0.00920067715597916
-0.00640230795050201
-0.00970591792753517
-0.00396372988379134
-0.0059408256941289
-0.00678794623668644
0.00727082602352169
0.00095483641353411
-0.00345931603848548
-0.00893089961456184
-0.0179848093459007
0.00939353273250987
-0.0293027325888904
-0.0137030094626009
0.000859875444295
-0.014714925435511
0.00306887748847551
-0.0104817918041213
0.0155450345087136
-0.00778196814393795
-0.0135895024148667
0.00614498151643161
-0.00525093869053883
-0.0254000685704394
-0.0117028983118725
-0.00115479096118776
0.0032791536884762
-0.00335703423476552
0.000878901571216062
-0.0127090852447314
0.00993605785552809
-0.00764572121402907
-0.00254201953249655
-0.00607036539063976
-0.00462619264515318
0.0181495370786777
0.00648296395268844
-0.00511744870348707
0.00791377108526525
-0.007641434692232
0.000132293024414309
0.00841564552734653
0.0166617928900461
0.00963376448303777
-0.00427766903640148
0.0171307272115886
0.0108103757786093
0.01018022854179
0.00128049740253466
-0.0033923623012253
0.00100931764314893
-0.00488941623211048
-0.024544461572658
-0.00856222753859015
-5.39918190902711e-05
0.00129703541333548
-0.00124134366750006
0.00542032260634429
-0.00876118847777185
-0.00974639469609784
0.0102838030072565
0.0200436637007684
-0.00611009423401399
-0.0105298441063173
0.00432196592227641
-0.00955279377017426
0.0126228464904372
0.00951614308175408
0.000450150426594575
-0.000141157801579084
-0.00349434723742981
0.0161239609380655
-0.00385516794725049
0.0017965093297434
0.000421026786074918
0.00834418952254445
0.000460670871438751
0.00703871291621638
-0.0144302196468438
-0.0159736565175788
0.0138981648282375
-0.0012848253445128
0.00232467097576361
0.0211324184270989
-0.00572320847469143
-0.00746884763625744
0.00275359312629497
-0.00793598820873598
0.00492525154594148
-0.00563183127601619
-0.0254014058398049
-0.0039320497042965
-0.00227814646282809
0.00873510468507988
0.00676886775302954
0.00962968201424985
0.00410805473931397
0.026068642263338
-0.0131562210787592
-0.00813942649054766
0.0117909443013833
-0.0154872201080778
0.00673236912680508
0.00186879990964783
-0.0136731362673395
0.0152512538066301
0.00897712458143296
0.00179558447798911
-0.0104086030556765
-0.00173238338311954
0.0241134619747498
0.00578955969660733
0.0236264907927133
0.0235472192569173
0.0261028860031942
-0.00382178447569359
-0.0147594307816092
0.0188250509516745
-0.0121202446361526
-0.00137066010152864
-0.00571098112654944
-0.00773032761946624
-0.0119786629070688
0.00991244834556682
-0.000113123952994343
0.0074065639109353
0.00636042872528009
-0.0096026591794498
0.0374861535336155
-0.0148600311911871
0.00184043018450808
0.00384400254975326
0.00907906561335636
-0.00184494337894137
-0.000668785109290582
-0.00736773723471451
0.00412554448922897
0.0155268241378739
-0.00262884563686328
-0.000540356497733541
0.00179759195787454
0.0107567790382479
0.00564985494975367
0.0174150724599844
0.0097604147106356
-0.0201033973609928
0.00915362506121653
-0.0185295426978502
-0.0147392007952796
-0.00115512263965201
-0.00532240658904826
0.018192571801368
-0.0238268234308645
0.00711851243446304
0.00128915878694258
-0.00659263266589249
0.00785443514211792
-0.00972803783765208
-0.0101710333071843
0.0164433498769849
-0.00385156067080494
0.00580778225510237
-0.00916378661415251
-0.00557217137760979
0.00271996454865331
-0.0037403536867231
0.00524634656918721
-0.0146968653408965
0.00914284779017827
-0.00447511366893671
-0.0129657956468936
-0.00208687800737373
-0.00497505864669812
0.000925446269082641
0.00675076427655696
0.00486512087591429
0.0105489446673985
0.00652563221064995
-0.00828542496608442
0.00549390263396177
-0.00258581766376587
0.00896172601910372
0.0083569185780128
-0.00255460722607381
0.00026739506257023
0.00447351081944092
0.013002889066497
0.0046888887679355
-0.00689917100446813
0.00769177434077584
-0.0109708809522413
-0.0127930558640799
-0.000124933683691708
-0.0157613584967571
-0.0122910447757167
-0.0209193610342293
-0.0189406333017068
0.00929154672750521
0.0156455949042833
-0.0102987629316509
-0.00382151066267333
0.00724200316905765
-0.0158821623453758
-0.00493186164740678
-0.00977344220536658
-4.82244698964962e-05
-0.0189489498945346
-0.00261588423138903
-0.0113975028195288
0.0122081079854031
-0.00415252157922374
0.0187057689831658
0.0176681493571742
0.00423545394078673
-0.011406511061427
0.0156864315820773
-0.00916454093143315
0.00657991290508697
-0.000279985838051999
0.00435477398316841
-0.023181808736906
0.0324706759436495
0.00931218390400801
0.0229135130971674
-0.0142395455832158
0.00467195870366766
-0.0142417563666939
-0.00444456871766263
-0.00901573097338826
0.00312572814966394
0.0118569135676214
-0.0126717741119862
0.00798854164156992
0.00117573458659237
-0.00135785152849976
0.00897237709605037
0.0132152844759741
-0.00448568341574784
-0.000861782549993251
-0.000793435361970296
-0.0109070181756632
0.00545366176154971
-0.000472497763210455
-0.00144623882380657
-0.0037315126809645
0.000330129275326385
-0.00513634862267764
-0.015508919476078
0.00733733444574547
0.00212435925356225
-0.00800803321084587
-0.022538580954663
-0.00299358217931811
-0.00477594906870138
-1.48155258052896e-05
0.00393361819913807
0.00176381519248636
-0.0185701944548704
0.00146156918121676
0.00128362112764258
-0.00550767216948245
0.0154086854791053
0.0247705419794624
0.00526471164423725
0.014342634462583
0.0016331711699582
-0.00960574646967594
-0.00952259766384422
-0.0026493536852108
-0.00932991017735141
0.000380698788864819
-0.00377962662701314
0.0130066293019908
-0.0126293840187603
0.00282991890978046
-0.00739581405837164
-0.0233577647901253
0.0189084473587986
-0.00283735170612154
0.00467458919914598
-0.00449396042162675
0.00103613018993798
0.0232923637454725
0.00644910996370029
0.00367165470460229
0.0140904892737233
-0.0141764420143353
0.0117771710177976
-0.0108481287382016
-0.0124173033518762
-0.00630203054072886
0.000745994525303217
0.00154886738972948
0.0190064667223044
0.00711077783536318
-0.00612818957091399
-0.00288722902855731
-0.0153579480455086
0.0209636897785987
0.00167085202916972
0.00127052941675032
0.00444357430549047
-0.0213632012637213
-0.0118053992021423
0.00813924315786352
0.00294245175191854
0.00918576490506418
-0.0063409139410382
-0.00228837758449885
-0.0180681276909986
-0.0101062539521752
-0.00338625295594674
-0.00651715414651122
0.0169450666377422
-0.0126350838972957
-0.00170578267244359
-0.00613785062675376
-0.0269794208692833
-0.00606330364262675
0.0065536667757371
0.00382773619477383
-0.0161124017404273
0.00301866403042972
0.033696739952795
0.016818455685458
0.00436199109769397
0.0114191034809412
0.00879497202315171
-0.00485541252951727
-0.00966275286898188
0.0167834452697164
-0.0047222865656682
0.000878947622537041
0.02933247506712
-0.0155301020204792
-0.00308899013085018
0.00017637092801337
-0.0119146803187427
0.00602911536054052
-0.00473928361619613
-0.0020042954002264
-0.00265867358769256
-0.0160719480404428
0.00423506714320787
-0.0149729491356787
0.00897145613391537
0.00349491371008881
0.0177995471490977
-0.000198557221045448
-0.000996726141581306
-0.0190112372142028
0.00360901085409004
-0.0143119509493914
0.0187956879757181
-0.00104702654185296
-0.0167606165090657
0.00956052123421713
-0.0111117944362391
-0.00393443803123894
0.0114671505784845
-0.00719898233917604
-0.00304672763916791
-0.00782513204179125
0.0283937834956962
-0.0155644541063023
0.00249463339320855
-0.00453106515351642
-0.000123159818132379
0.00171447046796658
0.0023711044311181
-0.00673015653959474
-0.0265817586811607
-0.00449328243857572
-0.00258485506044615
-0.00355868325061692
-0.0130385315981858
-0.00554833598286031
-0.00237887611405974
0.00193877695715905
-0.0164821798306143
0.00742907613542343
0.0041038951721788
0.00630824257368801
-0.00268595341642275
-0.0109006283584741
0.00205230879977947
-0.00772629029783722
-0.00417718808385814
-0.0150760174223219
0.0032277016672122
-0.0390005926239141
0.0179865073540508
0.00288351121715991
-0.00839113933709612
-0.0114497195477927
0.0278363168416007
-0.00465907027954948
-0.00696461288523587
-0.00219496636383099
-0.0135643091117643
0.00932887394531967
0.000943055861183595
-0.00483779475411694
-0.00816809370753013
0.0055193523012953
0.0225867819286947
0.0433902442545033
0.0466785047612923
0.0216883992383412
-0.00524041428325006
0.0144866523647682
-0.0192795219360331
0.00484256913751757
0.00571011059079396
0.0106863083499036
0.00239338701579506
-0.00552068038617115
0.0115503311819598
0.00180677295429277
-0.0195010241419844
-0.00756764257711495
-0.00275983502458033
0.00471647843127698
-0.00495310504657454
-0.0104637322054639
0.00589943128928638
0.00994662436050398
-0.00437846971660072
0.022771454976759
-0.00455874099794507
-0.00651424940025969
-0.0191902042399406
-0.000818369308190015
-0.023886777336287
-0.0186707595872644
0.0130760327010915
-0.0071747791672383
-0.0118487830291176
-0.00105717795477744
0.0179081186422252
0.00343347398957761
-0.0144564579854034
-0.00261126776774745
0.00586186210833795
-0.0173544080437527
0.0123847281870759
0.0270909721860999
0.0141562986369639
0.00243106272995419
0.0112451398269204
0.00865162582046963
-0.0159382630991942
0.0371498137112987
-0.0221030383309948
0.0118391188114852
-0.0119118874948327
0.0143387568707389
0.0119625015167628
0.00693928865905846
-0.0286033721551018
-0.00658896016683563
-0.00625100718496086
0.00870002564029804
-0.00589064255183125
-0.0111360735570774
-0.00734160159834829
0.000720738342817384
0.006562374285215
0.0161081979717892
0.00365552533239999
-0.0127461920366336
-0.0107553837681689
0.0166062316722009
0.00121048760495768
0.0229210256460917
0.00615941092028116
-0.00610528327614368
-0.0195829180416247
0.00141146539618475
0.0213198342088425
-0.00959283492713858
-0.00174445248944011
0.00728389424118348
-0.00596969316923612
0.0126523104084555
0.0119960086343269
0.0165894512259488
0.002375871927212
-0.00674375370900115
0.00268266557673158
0.00581763966530247
0.0115010896051189
-0.00924949755521354
-0.00855504777154437
0.00760401853791315
-0.0109691793461142
-0.0103742426332332
-0.0187489663838711
0.0123766298735006
5.35530366896353e-05
-0.00202703641093649
0.0225689020054851
0.00141117320935891
0.00450453027721487
-0.0139789678008597
0.019705669818638
0.00689444527077221
0.00443498825671895
0.0174629976696536
0.00689712624510186
-0.00625261596253424
-0.00953535721581034
-0.00369553856629956
0.017890099571968
0.00860479611605491
-0.00184935589370205
-0.0076570498065589
-0.00868945040556923
-0.0155195990182282
0.00710777070164603
-0.002320695006647
-4.17764340099325e-06
-0.0290350806947846
0.00786845018132709
0.00663945441442237
0.0116876673079975
-0.018190053651173
0.0103862766651766
0.000993713043451194
0.0106430478570978
0.0012434561212018
-0.012917270637633
-0.0164535741541538
0.0236824902523018
0.00101497278402007
0.00514562532738161
-0.00865606788848083
0.00046319324484756
0.00404372338351777
-0.0176766784365867
0.00846429982957808
0.022356919465107
0.00657681334471683
0.00812136199479063
-0.00132245335804804
0.00466661550301239
0.00965000467431842
0.00386152831258002
0.0118532130605207
-0.0249267529400345
-0.0235616714982001
0.000918966639506635
-0.00175228880534206
-0.0107580975365948
0.0132235178391404
-0.00373322512278307
-0.00355107139543342
-0.00626063988207548
0.0227041508350254
-0.0059456352683096
-0.0135021298252589
0.00716580712734682
0.0156246919163472
0.038814185557305
0.0090852304668978
0.00607731960486646
-0.0113599001029296
0.0237969667456799
-0.00761029573773975
0.00809717198662518
-0.0104962257379402
-0.00732120944943659
-0.000592199867931242
0.00620791188895709
0.00676366535429729
-0.00427224120130631
0.00938835495497869
-0.00212181877302697
0.0214330981353452
0.00293330666640301
0.0106363393320024
0.0132023065925164
0.013173134962928
-0.00337675570063034
-0.00346746705105971
0.00328612395791872
0.00688028452103673
-0.00603456970192617
0.0129004333019438
0.00553100472185264
0.00793945642075045
0.00591943737282641
0.00751543863539617
0.0084709617524048
0.00606002763779578
0.00459497906579465
-0.010731387399753
-0.0361209152575626
0.000962956261009396
-0.0150273220158628
0.00823368319461082
-0.0116268542765336
-0.00635424606182156
-0.0039018231873893
0.0209680958159773
-0.00989561511961234
0.00740247483601486
0.0136934735545555
-0.0190489798117568
0.00426844617525468
0.00568320317953486
-0.00106247063020604
0.00995629984794988
5.28056329773818e-05
0.0148694541110288
0.000699289290066574
-0.0166702540615962
0.00303823823426264
-0.0112598521902907
0.0246117546075943
-0.00868552797925126
0.0219944842653881
-0.00924606212424273
0.0326603092307796
-0.0189040970811281
-0.0192923223613519
-0.000955430475578112
0.00222540136069149
0.00187375070936469
-0.00118949533931989
0.0208327702517828
-0.0132861101403652
-0.00558097064863894
-0.0287741012779072
0.0386093491207884
-0.0154005842237268
0.00219627894219876
0.00459724718277421
-0.0123757985484598
-0.024541887126226
0.0137413119614749
0.0167204901099947
-0.000604807884503344
0.0024023647673399
0.0230466730381753
-0.000213200978679495
0.00793609784901861
-0.0213977252033377
-0.0169400968633457
0.0245150516361239
-0.0126237879702309
-0.00237226067807228
-0.0130711650240585
0.012908414792518
0.0126876277043824
-0.00773389174899819
-0.0173280219665681
0.00281626366014898
-0.0037835401934796
0.000297366324994996
-0.0120967406810468
0.0145696175626
-0.00703370233464184
-0.00469153127562549
-0.00675740371821476
-0.000577615605296344
-0.000861966129507508
-0.0140473485962964
-0.00855821977169313
-0.016068391940772
0.0159569653297105
-0.00367503442491035
0.0119840664167867
0.00298091874301676
0.0131626542340655
0.000783125324478107
0.0250616197634397
-0.00244902032133254
0.0124257753502039
0.00331648139457386
0.0166904724703496
-0.0197155102956277
-0.00127208996736883
-0.00317548698946268
-0.0241083733232745
-0.00541640674929056
-0.0232049382001822
0.0178469307640849
-0.0141312659933011
-0.0192531775955409
-0.00696119282307528
0.00679195009171885
-0.0248704055754185
0.0244670155557554
-0.00736435215882558
0.00544911313281027
0.00889087251257159
-0.0108686836912266
-0.00686656433345156
-0.014467021413143
-0.00950982758071106
-0.00699865697474067
0.0152587851682977
-0.0191940775432204
0.00173520231394519
-0.00625842379109898
0.00112600786470196
-0.0399391286162807
0.0392930089933259
-0.00506959681740149
0.00928668695576285
-0.00855450581957662
-0.00603584438109905
-0.0037496439598339
0.00876442685196466
-0.0043476957914379
-0.00741470802770827
0.0110495507339721
0.0249693297643443
-0.0122648100473608
0.00538844465286026
-0.000133882041028599
0.0203267580895918
-0.0110904861939005
-0.0094775312541131
0.0193238624369911
0.0195088770752001
0.00281311989021304
-0.0024441205823198
0.0233678096896064
-0.00168269219338768
-0.0149293343360597
0.0126741701287294
-0.00465127343480276
-0.007678352703822
0.011243786204453
-0.0109890358364169
0.00453209354810191
0.0123162093983833
-0.0047896197420183
0.000677338081439771
0.0138684099995388
-0.0031574777922927
-0.0177150471305207
0.00611801219336527
0.00290495182713713
-0.0153735350746835
0.0132638256126612
-0.00415734119270361
0.00924276110245792
0.00523481018916705
0.00714382167696392
0.010734912173886
-0.0138238378622759
0.0228928079290363
0.0193637470912122
-0.00660019890394992
0.00121343293667131
-0.00728494213136521
-0.00572872308895178
-0.00441277007134211
0.0134616758242352
0.00470297380510587
-0.0109210926568011
-0.00939714017350113
0.0219623914771834
0.0134320800563383
-0.0135188595624633
-0.0037532102137714
-0.0147175064967318
0.00497103339747262
0.00790226614909884
-0.00611437772825418
-0.00215367846002934
0.00697654554555704
-0.00146355067058046
-0.0111052811188337
-0.00544556693521514
0.0146966087681637
-0.0180001760927997
0.00736650646992132
-0.0117058111275767
-0.0107324135783475
-0.00805998393710539
-0.00271790288187113
0.00756256893362917
-0.00454530708069889
0.0124507734971964
-0.0204778825626146
0.00528806253217518
-0.00632081082171965
-0.00370047940692686
-0.0132708892649518
0.00332726026642938
0.00972357457267314
-0.0136739101747274
-0.000205037423672394
0.00315624863390696
-0.0118833297553032
-0.0184843681064013
0.00574840399927545
0.00931965683962055
-0.00165261353792978
0.00107118206017631
0.00569859069904943
-0.0214912833842291
0.00275702992111881
0.000308300375676751
-0.0127253994981107
0.00881502317140992
0.00502912798162214
0.00424171339369828
-0.00355018542847141
0.00158087874698154
-0.00259086957710686
-0.00377612401726424
0.00650468732725074
-0.00890574407540612
0.0109724111288969
0.00465020857962273
-0.0167751877362114
-0.00514857926748924
0.0032388212905996
0.0123011200100542
0.00667908672506812
0.020111314860447
-0.0145906848663859
-0.000578932091238826
-0.00210586282820024
-0.00800591740201284
-0.00885859709042158
0.00870440299736686
-0.0168777089148264
-0.0119367456566017
-0.0179158184073245
-0.014898900105317
0.00946826920151267
0.00860481024184878
0.00693393787510566
0.0268589435090316
-0.010850416030781
0.0112420725127667
0.00608471686168777
0.0233871334462226
0.00352298104484206
-0.0105367023228027
0.00931417914412691
0.0205938405473809
0.0155574241246157
0.0150290802747008
0.00829961579091432
0.00395574310210733
0.00855585133336056
-0.0060443000059216
-0.00427818064332897
-0.0050808281305077
0.00489549852288818
-0.00166560963507401
0.0111673411782327
-0.0140285237753499
0.00207060459234576
0.00695712030731599
0.00335197753134509
0.00151864513892264
-0.00531513410579443
0.0110383327744792
0.00936649378568788
-0.00297075974648742
0.00149527122998627
-0.0179921597555861
0.00693912702759292
0.00033486655523518
-0.0146575476584161
0.00444662150129282
0.00710977553301895
0.0225257472032094
0.00772851931766816
-0.00709309433348615
0.0159964769536973
-0.0156886047301406
0.00714029384470116
-0.0189819476517599
-0.0219600249898111
0.0161330938185635
-0.00173101650953278
-0.0227562497215725
0.0324862662559422
-0.0198259954502849
0.0173330957008755
-0.00220218501320879
-0.00468664746381364
0.01231235782992
0.00794975183537083
0.00264568012338096
-0.0117369278345496
0.0095146573464806
-0.0144103916756162
0.00256043782448323
0.0131281416403919
0.0102013972578749
-0.0161414126538499
-0.00255721193519243
0.0150930231913975
0.0206609184201501
-0.0128784021371935
-0.00692002350163357
-0.00137098629304333
-0.0137487036706592
0.0024586262160291
-0.00532864549920298
-0.00134931285491113
0.00447972825783083
-0.00642245781177486
0.0178916751042983
0.00626100690650411
0.00590369778723776
-0.00662404087477242
0.026318449196749
-0.0159294919852826
0.00902481334100536
-0.00921032165806146
0.0117406064482921
-0.00605012097341628
-0.0210664586729319
0.0220913720260469
0.00294249666951885
0.00475821159465006
-0.0157499260940615
-0.00796262002345038
-0.000806732663658494
-0.00558083166674983
0.00809318628008704
-0.0151849690380192
-0.0128734773171519
-0.00985702528084786
0.0120416654866471
-0.00884553168226176
0.00537221288115042
0.00491032958480631
-0.0105173102553788
-0.0199243021607067
0.0322143287141241
-0.00504251204917772
-0.00892872460284444
0.0188721314215652
-0.00694135321164957
0.00327347891211716
0.00258846427196069
-0.0179368620730518
-0.0112350499139175
-0.00842479246087358
-0.00400880496321143
0.0276281894366779
0.014131758781204
0.00601452785724099
-0.0121654395979967
-0.0181801678022477
0.0118370737392315
-0.00368171513848026
0.000294516183490856
-0.0023064993019819
0.00901887972242932
-0.0133977045442641
-0.0270305101216408
0.00818316904456928
-0.00344949887652035
0.0136435641334778
-0.00620555685430801
-0.0140964402333505
0.00851483289275201
-0.0117361663510263
0.00523037578057028
0.0111759543598335
-0.00402588901452994
-0.0102208503035399
-0.00464562589891671
0.000165423808130782
0.00942779885845546
-0.00345819625502131
-0.00356696918345101
-0.0171113581635005
-0.0101715920475716
0.015301828691392
-0.0134366123361573
-0.0071055701439029
0.0144918517245216
-0.0124283813344075
0.0116055593818878
-0.0147972092019479
-0.0160656818678522
0.0223631558723554
0.0018496271451518
0.00348446269642189
0.000465973283091614
0.00728378094130733
0.00293375764761272
-0.0153153542127829
-0.000906085586503735
-0.0181866737521545
-0.0253421550018462
-0.00432961629538831
-0.0115654028487455
0.00418385018529221
0.00669878988558636
-0.00420284305186236
-0.00182767193157751
-0.000186887238635691
-0.00779104899947036
0.000527310200073572
0.0298961707265128
0.0181235634198131
0.00521807433533183
0.0309989910590556
0.00176028864961175
0.00250016571651024
-0.0153232059493753
-0.00274453642633432
0.0279229823719032
-0.00117172017113099
-0.0117612576160901
-0.00646494943043052
-0.00540673022944382
-0.0134213335596733
0.00672217670965836
0.0236724056087407
0.0206800447696569
0.0041903184581713
-0.0192487844439651
0.013843548158734
0.00956188323244156
-0.021843198661017
0.00483101792395324
0.0111272170729926
0.000521258259453816
0.0088614176441677
0.000661173381377722
-0.00610540076192834
0.0040258312678052
-0.0032495708705067
-0.00163936722633373
-0.0134993805190842
0.00745254636865056
0.00595017449457202
-0.00288802237161256
0.00855958482647168
0.0179539443300332
0.011617672840174
0.00314925416085821
0.00852974522496019
0.00614999614091083
0.011741906962742
0.015544962420206
-0.0118073762977335
-0.00583367803331214
0.0102189977889964
0.00972310908604967
0.00427714034308124
-0.00492886889450972
0.0102239089306657
-0.0162529207696558
0.00612030781895534
0.00835380867674118
-0.00995928373341037
0.0115343106961934
-0.00433244432749014
0.00917760229344999
0.0298131838939106
-0.026696482311749
0.00136138917468287
0.00713382015665509
0.00964304817458483
-0.00163473698977867
0.000997548589177555
-0.00209622028336298
0.033288233273165
-0.0069342319651664
-0.00260479472418496
0.0108901340888643
-0.0119994998284572
0.0139955988342511
0.0278086545880623
-0.0062892987398051
-0.00665899426746996
-0.000734215629279333
-0.0207016691104176
0.016880948496123
-0.019398300927687
-0.00732670232211774
0.00151382210331974
-0.0112328270011961
0.00933458190775482
-0.0177997678263857
0.022792941621864
0.0132574460521528
-0.00653312951035545
-0.0102659595629557
-0.00666037163760791
0.00901959257787688
0.0120624150931086
-0.0133452880539444
0.0110424728147187
-0.021785050291653
0.0248953808976022
-0.00170745046152909
0.0138244386718132
-0.00355564927956387
0.0225430425253705
-0.019023078737094
-0.0135952505645953
-0.0135807667168919
-0.0124147316723864
0.00286832052601227
-0.010841641246067
-0.00883199861342732
-0.00883147215582092
-0.0129238423520537
-0.00513333821662698
0.01254976349583
-0.00638600490676566
-0.00594401127585797
0.00791022899674942
-0.000478427257013081
-0.00740141035904607
0.0119146796159058
0.0197422779228873
0.00266108987422697
-0.00660925737872375
-0.00126282677421585
-0.00554720826411703
0.0151720075723443
0.00323590006889596
0.0146371894600481
0.0143799061171421
0.0057239120363537
0.00665060535120965
-0.00908660465776023
-0.00139476110617487
-0.00816128259465643
0.00722096367206149
-0.00490794834668584
-0.0300557207173071
-0.027222766717264
0.00135829023037815
-0.0105330746547327
-0.00584892841319729
-0.005918577457944
0.0141540984695698
-0.00495879431232105
0.00557433104239635
-0.00728050359377264
-0.00634903367914497
-0.00925200718664598
0.02049779672139
-0.011509011819884
0.0103674067100457
0.00602028340252225
-0.00772906851613619
-0.00783677733810073
0.009983802092977
-0.00551573282749018
0.0154742128500249
0.00485078031008612
0.00519238453578019
-0.00605938224590474
-0.00240479342818389
-0.00872895380379823
-0.0156615300800187
-0.00965921487359545
0.0145959765252055
-0.00649862016602754
-0.000281724504008096
-0.0144673615370365
-0.0217671870574065
0.02181575988139
0.0112498988528937
0.00667956236271294
0.00633941324718457
-0.011884448669246
-0.000334720461109939
-0.0139384757189784
0.0102122510279745
0.000125371251417761
-0.00127698195946202
-0.00340011808755847
-0.00598776090371445
0.0240359581996792
-0.0138845270578756
0.0123184284780873
0.024362820350591
-0.000248013311335171
-0.0297092369034218
0.0170050716292867
0.00852354714000469
-0.00333541809850857
-0.00166027302924654
-0.00988892331087321
-0.0213117753895489
0.00169921848034882
-0.00201217400835674
-0.0259583886953862
-0.000548467137763353
-0.0269927455940238
-0.0116463438055128
-0.0115472176977303
0.0306963321121536
-0.00990745217942646
-0.000695200478727287
-0.0152594324238375
-0.00687559341261235
-0.00809296781563162
0.0185024883999674
0.0144914496271138
-0.00496109374617859
-0.0103240735111374
-0.0207522734969938
0.00129676112845623
-0.0106230487266981
-0.001222844053963
-0.00408512858036936
6.76910522834362e-05
-0.0198860510677967
-0.00799892850718464
-0.00726138270265153
-0.00379236452151055
-0.00858864182196051
-0.00580115896539368
-0.00699271567434323
0.00633379699356418
0.00889738112670635
0.0107033263927327
0.0164950480598254
-0.00193300654125039
-0.0260317020963257
0.0239253904974444
-0.016805437288788
-0.0051800578519714
0.00415908577133273
0.0102912905667676
0.0150656635593709
-0.0129584869920194
0.010836717490232
0.00341613996510226
-0.0049942272524035
0.00426813002006377
0.00807469412669093
0.0089220916124475
-0.0104659926289088
-0.00949425416314043
0.00250117421577833
-0.0165496038107005
0.0186429159301689
-0.0157300141598942
0.00274169355881071
-0.00144768230248182
-0.00697531082959379
-0.00569737395005987
-0.00652231510882118
-0.000350064675423312
-0.0289037359272033
-0.00642856574946649
0.00614855670603909
0.0074581169958936
0.00922953896171208
-0.0136409022532824
-0.0153481453327888
-0.0124844758158389
-0.01320706825984
-0.00196508430040154
-0.0128981224280675
0.018853593415022
-0.011689203200179
-0.0216258692559084
0.0160827931261647
-0.0110941814450349
-0.0275400445625511
-0.00456946380118062
-0.00978992713712579
2.55389427312736e-05
-0.0196104092243665
-0.00676616511430517
-0.0117862463866771
0.0140093471680078
0.0137266259813416
0.00285302949872168
0.0144824320610049
0.00759529050538532
-0.00281109230729015
-0.010768959686871
0.00210884845165893
-0.0104742232773027
0.0147940113260923
-0.00957958505705214
-0.00739990887415942
-0.0110711079550114
0.000629689142440881
-0.0135547675980128
0.0128122081745463
-0.0125095798483734
-0.0120951893413945
-0.00868870292772961
-0.0115817296937841
0.0066482920565285
-0.00541219682410343
0.0122486904224726
-0.00600244123612548
0.00525667730656032
-0.0215175581267317
0.0135565057517706
-0.0023159495369498
0.0138077462027724
-0.0156165782957061
-0.0172768066339888
0.000483084692920244
-0.0208977971666329
-0.0153476070234362
0.00815055047140234
-0.0371399649378059
-0.00973175559926176
-0.00932044527148079
-0.00404791286271688
0.00358537423437433
0.0109855701075823
0.00527739341557698
0.00650248597585623
-0.0179919681533622
0.00838243414860074
-0.00776461483211399
-0.0209262745630241
-0.00739891488765387
-0.000879166961649247
-0.017245765514458
0.0107288546318198
0.0052559648532462
0.00142231701817863
-0.0273790675278747
-0.00970121092979426
0.00712470887367722
0.0301369813692212
-0.00794004642455448
-0.00553978588336435
-0.0022964217052639
0.00578340153969137
-0.00621081674946922
0.0131203261843567
-0.0143832099920367
-0.0116616944336077
-0.00672336443496491
0.00562650716273616
-0.0115742676692836
0.00134338799472999
0.0101789222406605
-0.012525519509115
-0.0146010024171872
-0.00071761612231569
-0.0090090840934316
0.012194889307148
-0.02022336281963
-0.013602214902118
-0.0041629514278867
0.00393946207578111
0.0132213081981138
0.0131565970381349
0.0141547214909199
-0.00152987280394079
-0.0138279121617266
-0.00555643190007515
0.0112377333984313
0.012132564800913
0.0155925110907749
0.0230944856089828
-0.00570369665044268
0.00586442172685864
0.0155079499579855
-0.0123097326433719
-0.0112445292961425
-0.00370144599611955
-0.00299456496129125
0.0107496467021679
-0.00251014752349299
-0.00507780378842604
-0.00837974420745979
0.008790811311572
0.0286480819211565
-0.00993328027249518
0.00100660743622782
0.00983576947898612
-0.00518517282538156
0.00736777109637821
-0.00217679238227753
0.0183934432736432
-0.0112216929067603
0.0129911419022903
0.00605045254012992
0.0193891109006863
-0.00148355786382837
-0.00146170577018268
-0.0395271106384563
0.0206019775029205
0.00953466734982911
-0.00653272767090129
-0.0131146508467044
0.00650469853064095
-0.00980835517093226
0.000441137848822493
0.0211194835855988
-0.014675761336008
0.0142114056931923
-0.0112413752910641
-0.00352981164362554
-0.00797351277579317
0.019800255232564
-0.00658797258264876
0.00425986166623282
0.0132390848167017
-0.0111507436758078
-0.0217070705089775
-0.0071826534199122
0.0280291152040686
0.0259045784402137
-0.0149543636881688
-0.0181241994271559
0.0105982784775964
0.00227169611851785
-0.0130116224200592
-0.00179839910021329
-0.0118964540345186
-0.00280767099117618
-0.00157924471554161
0.000151024567660585
0.0246216226220497
-0.00681257729090134
0.00377775127427782
0.0189038794293488
-0.0241413385284961
0.00628957642750017
0.0035416914355153
-0.000122736589959871
-0.00840950200904089
-0.0115721502321513
-0.018420495983511
-0.0127830923466519
0.0208004257618359
0.00478228738309028
0.0113361439480251
0.00693258185266821
-0.00764489676966562
0.0125055450207761
0.0102003776344048
-0.00693057368441963
-0.00695066813814549
0.000861893043561324
-0.0082428738712359
-0.015976955989208
0.00555235971472712
-0.00744225745480165
0.0201261638622245
0.00945349487028047
-0.000516985394337866
-0.0109405304821841
0.003372926034789
0.00779839399593918
0.00236441540876697
0.0255484206935268
0.00540213473683337
0.0187835450889047
0.00136010301910439
-0.0105114829447004
-0.00544098207023858
-0.00509891105182447
-0.0112605923849198
0.0145561004921984
-0.0128358657536936
-0.0129803436609741
-0.0181469202152282
0.024848245366222
0.00180325659510672
0.00876678968856481
0.00694149693284274
-0.0049133763681386
0.0114225912509553
0.0157087001371288
-0.00710816404462555
-0.0240896381853251
0.000518715112377777
-0.00105462332377471
-0.0021034303131966
0.00988654356139307
0.00315768026105978
-0.0161838142292208
-0.0122727099769282
-0.0102604323912683
-0.0143267119582262
0.00702849292641083
0.000259403815730863
0.00317329945879408
-0.00232115137522548
0.0155824353373308
0.0116029283517882
0.00577401977602854
0.00470733162594783
-0.00356973881685363
-0.000301075070812118
-0.0117755812433948
-0.00696391506741278
-0.00284103905510413
0.00417637286972372
0.00670112413521551
-0.0218119623352138
-0.00127061253522065
-0.0128184196579912
0.0113373293163104
-0.0149097745907163
0.00691930268941476
-0.00527966074900199
-0.0167987650901491
-0.00558111776245518
0.0255602981414693
0.0199793201688827
-0.00269912388461435
0.0066226082749683
-0.00696536518154289
-0.00135327401071095
-0.0195609084856052
-0.00559788027044483
0.00537232300071366
0.00543778836481934
0.00746695538367348
-0.000506481706883832
0.00950279145799016
-0.0136482019575883
-0.00838417152156978
-0.00135964639934727
0.0135665951555382
0.00838880327627756
-0.000597063665852104
0.00172333390179524
-0.0178148773314675
-0.00539261916401834
0.00357990877975745
-0.0162852983487376
0.00703552256265638
0.0189182768406919
0.00111573773115481
0.00102371055982253
-0.00263516851860501
0.0114900548531871
0.0329363358322947
0.0035763031140128
0.00493888032681866
0.012233477454263
0.00992997008849983
0.00388850086405057
0.00664624229455235
-0.0169110803847854
-0.0162086470521583
-0.0100118492361485
0.000754469607940678
-0.0167301266411801
-0.00563595174486231
0.00683201403831646
0.0220899403179562
0.0233053767136546
-0.0116771957772244
-0.0298951815828126
-0.00188326725947974
-0.015859538240564
0.00960141266900294
-0.00280280483441864
0.00419438549085704
-0.00475737481865224
-0.0262531099171284
0.0120795695294316
0.0307087986317001
0.0050113160512506
0.00943998151795356
-0.0154379205711628
0.00147382322596101
0.00860828572767858
0.000422240489516668
-0.00175503774734054
0.0132928957456073
0.0344612879903732
0.00978150911886111
0.0177760708424071
-0.00211625464613263
-0.00577503805120649
-0.00109039454931548
0.00413175037529001
-0.0103108145875161
-0.00433289321176566
-0.00229040966939742
-0.0115017306212675
-0.00933871042086665
-0.000835224513442867
0.0111406650370149
-0.00160151557417798
-0.00652928082486781
-0.00808350280988357
-0.00904824290877215
-0.00712058963128293
-0.00771188483900609
-0.0331074600468906
-0.000252700993383925
0.00124952401374578
0.00664334434529401
-0.0040212739031027
0.00245968119846474
-0.0147931985643606
-0.0130535279383608
-0.00213129972423332
0.008923388088526
0.00323253611161434
0.000942205491938353
0.0023743130014271
-0.0132705458951943
-0.00361375162649225
-0.0152483353495576
0.00407644561262366
0.0191747535784543
-0.00113561295180453
0.0116316206761606
0.0217323539938157
-0.00488882579185024
-0.00342111431707615
-0.000225350257785806
-0.0116727296020613
0.00209025202716262
0.0069125939166863
-0.0190439623164718
0.0027077643966873
-0.00941860646118542
0.00106277350779571
0.00305973723495967
-0.0105034827465893
