0.0221321570717341
-0.000234480662623771
0.0157217695440577
0.0170644204040151
-0.0162338073091539
0.00424098647920168
-0.0205164756874234
0.0116030192080219
0.0119976361073166
-0.0138149249887576
-0.0140104519072892
0.022712277091316
0.00385510672190681
0.00515458893292253
-0.0119913578786515
0.00506369102551218
0.0050313980225607
0.0096623189696694
0.0098723407284087
-0.0124261059606092
-0.0035192385049454
-0.00543812591312687
0.00253743972650122
0.0277653351235601
-0.00527880320498442
-0.00346260829752376
0.000531173769173776
-0.0190046751462247
0.00428717157014047
0.00881569971287965
0.000992803518164775
0.000111203664202364
-0.0137256229369456
0.0219959256320754
0.00178115658509048
0.00610965443521616
0.014685683343999
-0.0285719469190386
0.0320364343236696
-0.0122680269289046
-0.0119160469863728
-0.0278379106267548
0.00131944169114084
0.0199713955158436
0.0135746406489345
0.0167576959784874
-0.0112496206847026
0.00678342229198359
-0.0115938970763672
-0.0241337922826617
0.0096174153863462
0.00219373681048163
-0.0113342984465048
-0.00948978919955845
0.00240360743783374
-0.0198477890061741
0.0200908652048963
0.00163697503376747
0.00309131082251568
0.00101015272328153
0.011720086898072
-0.00249787908920718
-0.00988330410939597
0.00231278610216012
0.0159327829665266
-0.0100621707961071
-0.0258130402796097
0.0183049473969603
0.00268060373245671
-0.0354009484814775
-0.00481204640194122
0.000980329406172542
-0.00507180712142619
-0.0160964833699007
-0.00202261988129981
-0.00513881616697009
-0.00648145240395359
0.000910677106025659
0.0140589895770451
-8.22506941848822e-05
-0.0233180929896233
0.00418611535960123
-0.0134778939648705
-0.0102229356691286
-0.0150261971017276
-0.0218105411626222
-0.00451907072306867
-0.023084950701312
-0.013074608945681
-0.00113539320543898
0.0109488536020308
0.0125400495765504
0.0146875684858272
0.00753384969293536
0.00124119834572833
0.0129163597975763
-0.000517918020853436
0.012030527725595
0.0116623547641181
-0.017591104983858
0.0229807530287269
-6.11784038935248e-05
-0.0147708794051771
-0.00338259809512254
-0.00663047450177867
-0.00467231338222396
0.0233636327666362
0.00654106357757755
-0.00525892644513415
0.000583453044039839
-0.00785543605166072
0.00624355149131373
0.0182974124410848
-0.000621702007069569
-0.0016484344677532
-0.00563633526231588
0.00197810509929219
-0.00816496937433708
0.0262039226545128
-0.0108353312551552
-0.00739489874279986
-0.00364917923084196
0.025679510506579
0.0168191933463533
-0.01054195013373
-0.000656979370921018
0.0028446031014866
-0.0128405336773103
-0.00636575563202357
-0.0245780200743893
-0.00481091063533867
-0.000274877354338621
-0.00238877120539849
0.017523072146157
-0.0485314413664273
0.00455546735735846
0.0312968650149323
-0.0145241490002768
0.00670371214009369
-0.0118281763036401
-0.0066051048917557
-0.0180595771511345
0.00853153923461925
0.00253682113864717
0.00386518459664709
0.0121436818431107
0.011430781628412
0.0107907423867204
0.00978126730479989
0.0175177211726036
-0.00259134197116007
0.00888003122834968
-0.0152028569618992
0.0298717139881286
-0.0027821746669634
-0.0128377181264243
-0.00951281472913745
0.0190213204851106
-0.0152275138218096
-0.000518555276589172
0.00586336521465869
-0.00148573112016415
0.0121355760396646
-0.00539330066894195
0.0144935414878198
-0.00248346165826141
-0.00904790473496164
-0.00703666187422458
-0.00839094387918626
0.00929405813727069
0.0109686415528496
-0.00930491962161639
-0.00474264347243825
-0.00650987851102824
0.00173033400745215
0.0251789717127218
0.0108769870340688
-0.0112293687442677
0.0162733697008561
-0.0158676826863957
-0.00692183272493008
0.00515238167392917
-0.00197282316464076
0.0108411687004963
-0.0101603433600344
-0.028353726375498
0.0179515670017425
0.0311089216827418
0.00309159848849383
0.027985874311568
0.0333246610306812
-0.0323540532242532
0.0208360208627318
0.000474702378484126
-0.0252137876729996
-0.00632738545484512
0.00881036006684499
0.00641112195644356
0.0027113371499814
-0.012772010665107
0.0166332538779979
0.00629300324580884
0.00896112141877081
-0.0025850875941793
-0.0233709292723663
-0.00108926708335355
0.0185504776596532
0.0278529041514073
0.033517770068392
-0.00188702455804934
-0.00936006657284461
-0.0163172791120716
0.00907810602419867
-0.000464691653309757
-0.00316648239519512
0.00774841967448348
-0.00987230654627691
0.00110554355532866
-0.00375505398534415
-0.0108630008072086
-0.0167668886707379
0.0152440789486155
-0.020804602130269
0.00119403512809191
0.00354349710217949
-0.0142339430779321
-0.0201458857467594
0.00564210675673871
-0.00487753758580811
0.00488371285060607
-0.0170592732782118
0.0145560974997356
0.014044339232874
0.0254899428200845
0.00424200040822131
-0.00848503755947805
-0.00387830599210748
-0.0030346776401613
-0.0418514263079697
-0.0032756554806368
-0.00878861257073682
0.00829591687698072
0.0167859069049514
0.000707283857509955
-0.00207910625513508
0.00762513194210745
0.00630723852989101
-0.00281283286070666
-0.0206650936039385
-0.000894028801742719
-0.013824532390287
0.0022188797639644
-0.00504593609384774
0.0112554700387211
0.0184072449582571
0.00934254813180591
0.00855729611744138
-0.0192488186382569
-0.00620512461570888
0.0079403859883409
0.0029865845856154
-0.00112134294250832
-0.000841310323640432
-0.0148516698287353
0.0119028000303838
-0.0225356130978949
-0.00675897648508661
0.0102636553647288
0.00351266965984465
0.0196704498295239
-0.013125743570289
0.00361159257245647
-0.0085534101252418
0.00172756734044732
0.0100247366123472
0.0120848304914674
0.00161703946677383
-0.00429903741179771
0.00363657549854746
0.00484971005749735
0.00209337445068192
0.00251756694519023
-0.00185311351808304
0.00694834113539011
0.000995410670446173
-0.0132368453313845
-0.0172635894598208
-0.00420319327445817
0.00378909419546192
-0.0114200109406186
0.00275886081480703
0.0104280391189688
0.00281096296703742
-0.0250249140041183
-0.00625167474566801
-0.00161791571184811
0.0333807982278969
0.00486295863231012
-0.0278434771004412
-0.0032426720853711
0.0103770259057567
-0.0222306382734807
0.00509694260027782
2.667430211023e-05
0.0190710761863804
0.0205743570757486
-0.0118842527272096
-0.00555363106091744
-0.00352739551662706
0.00941351343829222
0.00125260628827784
-0.00597275687262444
-0.0101041706862204
0.0162115636459936
-0.0180938084184037
-0.00834450068708703
0.0123425556506676
-0.00763161101360832
0.0181418077582438
0.00961011334323381
-0.00698052083494716
0.00311303010274488
-0.00178551002228522
0.0054249108546558
-0.0144171479953865
1.28709484104039e-05
-0.0176753271177703
-0.0259891851713598
0.0161276673266502
-0.0110240309349514
0.00677562918692853
-0.00184423483011775
0.0159624362166109
-0.0132496450903514
0.00243815826739979
-0.0335419755252746
-0.00868503275478849
-0.0242742469026522
0.00368320712174408
0.0184615477210954
0.00161641795702705
0.0234620556222924
0.0234853985779173
-0.000195046804565724
-0.0297011716233411
0.0178616982407045
-0.0118946996822014
0.00448366130574085
0.00348987719134453
-0.00337928902126805
0.0185605603581362
-0.00349133399300028
-0.00400255323931864
-0.000330588992511149
0.000787928838419605
-0.00659545470702971
0.00689593749140016
0.00140253238514232
0.0018477141808968
0.00675045919646955
0.01643690114535
0.026704357098859
0.00513873327534364
-0.000350713467955677
-0.00232877370065276
-0.00980621006601279
-0.00491518474359709
-0.00743662700096115
0.00446219002344383
-0.00232808251183636
-0.00339557552120828
-0.00932760009622235
-0.0184336119066373
0.0172821836174903
0.00735139750432268
-0.00150370570277913
0.0170682013148107
-0.00482696351941247
-0.00232298903930728
-0.000340231087235576
0.0140255112283867
0.00691651553981831
-0.00556575925274494
-0.00635528983808764
-0.0194402828487439
-0.0175825449291978
0.0246309464157659
-0.0201867838758152
0.00615002479212068
0.0110664010929953
-0.00975931517294648
0.0231599356674894
-0.0037990530139651
0.0162169461482784
0.00436044105506594
0.0211410724953514
-0.00794072510440058
0.000842354834934333
-0.00558207274608513
0.012181230284348
-0.0041624278041712
0.000931280669333789
-0.00688831033713888
0.0155132596118046
-0.00328037673759174
0.0219016564041361
-0.0123540971689369
-0.0130148608311544
-0.00271094214381784
0.000790444554050973
0.016226725583955
0.0170897501856473
-0.00336634893403165
0.0135464086510049
0.0141293052781737
0.00349740129929188
-0.0157237404496189
0.00472289276621707
-0.00915527866512678
-0.0145537113456704
0.00396972724215816
-0.0148493006168051
-0.00991509860214057
-0.00562296142012286
0.0126614035163279
-0.0124812662971068
-0.0254960258349972
-0.00451791998105699
0.00590598808024922
-0.0135877702919611
0.00206384722453956
0.0110189433695611
0.00710965070382907
-0.032875597706671
-0.0152197144319794
-0.00758860110787585
4.52294570818523e-05
-0.0222582202020059
0.0104122236302837
-0.0142771623169751
-0.0238001272464494
-0.0100648847124887
-0.00461775433343026
0.00553555769190117
-0.0235998740502066
0.00484217767626105
0.0197561206222443
0.00931337595122872
-0.014210042766249
-0.00441812671970876
-0.00933230413838793
0.020960295748105
-0.0106177620470784
-0.000547105450231289
-0.00149871127326162
0.0116585580774187
0.0160972494500782
0.000997595445014987
-0.0195676397848628
0.00637230775864195
0.00611102822906107
0.0170801943330279
0.0104887520914048
-0.00517601666646739
0.00525438524460231
0.00449290081683928
0.0175843435921221
-0.00415028124382255
0.0275989229339859
0.0292159920925465
-0.000141884166313444
0.00319717046690915
0.00174900043716875
-0.00636325766263113
0.0139429973736158
-0.0165933116260906
-0.0024532294560915
-0.00210833184794534
-0.0212078921148151
0.00713042215984672
0.0100852474711952
0.0155402556591393
-0.00484060469890513
0.00685573140635753
0.00142137581312274
-0.00425772074136566
-0.0201850045179974
0.0141399863647884
0.0118250668912219
-0.000471621434009695
0.00620746339929701
0.00206319257905152
0.00105230413335056
-0.00712982641595028
-0.00348053328609232
-0.00443039607379214
0.0149216197421809
0.00226157281501838
-0.0205591675146397
0.00116902654584483
0.0013276518948655
0.014196162078608
-0.00437467079551834
-0.0243727815136401
-0.00810805717764795
-0.0172095630185498
-0.00370662299140623
-0.00648787232450565
-0.000896305525126539
-0.0137571624819177
0.00524496410473474
-0.0163888872738522
-0.00792504477135947
-0.0135792515286832
0.00263996138951983
-0.000160970876276423
0.00124790681592435
-0.0213097304073875
0.0118150794641263
-0.0254822208846046
0.00920113015284296
0.0036485971514546
-0.00278636945491284
-0.0167672953386102
-0.00336231700544332
0.0134534620501487
-0.00782185508844546
-0.00791359496224353
0.0029160968788835
0.0100150412984839
-0.0305435405051733
0.00793905403459094
-0.0118017805507926
0.00696838863720117
-0.0033992061807171
0.0535136720259213
0.023971697425591
-0.0210677666416041
0.00639502080243526
0.00306723917859797
0.0209568509084843
0.000698721400163471
0.0142576306763713
-0.00807114643500872
-0.000144138100459656
-0.00328424829651741
-0.0163733874060332
0.00345729678511741
0.0013889379998282
-0.00731740209819165
0.0166907032196142
-0.000942206034627358
0.00139411319680871
0.00755759920086607
0.00552781225030552
0.00052590389986551
-0.00470863966217006
0.0179576411412352
-0.00747469331694628
0.0118950544446004
-0.0108628919207541
-0.00288998272191066
0.0182724508860335
-0.0214221145694371
-0.0245034767695496
0.00941861387602172
-0.000270660471006767
-0.00199217916132044
-0.0065035969836349
0.0153497581168418
0.000345191372483455
-0.011811308875632
-0.0109794230657005
-0.00500987722551383
0.0154291497301184
0.0220317238738779
-0.0167066764696671
-0.0223862181832306
-0.00735670109199082
0.0023323882144588
-0.0211551362189231
-0.0133986749982407
0.0133760830409277
0.0208420349499208
-0.00389491506527162
-0.0102172994214622
-0.000366767703738891
-0.00605417745838133
0.0112128934662454
-0.0226871192189559
4.2137283480681e-05
-0.00436066923477396
-0.00203849102106402
-0.00256115002761526
0.0408426841829217
0.00597031824837613
-0.00757356632778805
0.00152352930425215
0.0112397612987292
0.00378158179770849
-0.0198764055478917
0.0025501118623743
0.00396863269352377
-0.0307547985183394
-0.00897577551789652
-0.0239546347117217
0.00681611753817224
-0.0035522595954165
-0.0184982325801615
-0.00333082842012322
-0.019253185179678
-0.00791469336271078
-0.00561745983249273
-0.0284834805342467
-0.00258247466946582
0.0163284941356827
0.00490917221944676
-0.00752519079309799
0.0116107303137387
-0.00277495642619563
0.0192933899789538
0.0227305484931879
0.00139621434660819
-0.0218160543740979
0.0206722878448597
-0.000778046015548206
-0.0218930945116358
-0.0101326329831968
-0.0105890088607374
0.0188384990498731
-0.00579662235594558
-0.0321457923439052
-0.0129506063498037
0.00585489361383162
0.00352994063068102
-0.0325056151321323
0.00744865451227472
-0.00489334056230017
0.0121855025307904
-0.0254631602710127
-0.0102113789096179
-0.0182044312483312
0.00121993397594555
0.0118650407792071
0.0181712640750593
-0.00247941486915493
-0.00142439593528931
0.00377281315089473
-0.00155199175330401
-0.02026028432967
-0.0299456483206866
0.0234480237540953
-0.000747376123676702
0.0251500539336982
-0.00318317375526611
-0.00651042802640234
-0.00778665521030764
0.0175012125474976
0.00654700028115252
-0.00160591683465117
0.0111803920802909
-0.00666591764444391
-0.00808200812171389
-0.000384631270516689
0.00495636220486895
0.00716336948208696
0.0219763218609392
-0.013396469993626
-0.00270286183904522
-0.00346046710218473
0.0173133614242502
-0.0250631559485972
-0.00829027629505052
0.00292381682082965
0.00872774872251236
-0.00690853204346742
-0.00486607371778414
-0.0134174705497756
-0.0201592081000137
-0.0109555534178893
-0.00410776239161148
0.00739443874166623
0.0163191159031335
0.00669628686020696
-0.00158026521762866
-0.00246330416272844
0.00171927299264896
-0.00494041863969752
-0.0153430981364426
0.00563831421608985
0.0109933079183788
-0.0167100117590218
-0.0173718436243524
-0.0512720984313839
-0.013586890141791
-0.0114348998699279
-0.0105021868842927
-0.00244276938904808
-0.00505776578742934
0.00716343179106538
-0.0125773132831446
-0.00352838941955858
-0.0203493550278906
0.0036318474342163
0.00734523330814785
-0.00834954125528564
0.00435082984387547
0.00125794624506614
-0.00929720204466333
0.038224435329014
0.010267483775781
-0.0139112655472888
0.0115045937839673
-0.0202380195981675
-0.00181341088366649
-0.00395294922500256
-0.00439410511031868
-0.019291691798744
-0.0066818891548226
0.00703765274434054
0.00472452689082314
-0.0138338832582048
-0.0128972127337263
0.00295726573834276
0.00462997947428567
-0.00423616679628047
-0.00971337149610507
0.0321636049359921
2.51705560843085e-05
0.0153472994271353
0.0243793292194763
-0.00421056974836631
-0.000953559509951685
0.0147767751887358
0.00123237408689381
-0.00835099454240495
0.011231942747673
0.0082570848117447
-0.0346073507099303
0.012552385846881
0.0017090897657619
0.00854663474754069
0.0155583624932376
0.0068428427883489
-0.0118467089028844
-0.0150294081846964
-0.0207754924765489
0.0145898728877141
-0.0194708830085961
-0.00612727410010661
0.0129054608170591
0.00978964416329298
-0.0424767931586767
0.0115503593177255
-0.0168766707758827
-0.0113453915753006
-0.0248246231112486
0.011014663951743
-0.00043768316447057
0.000727337427228303
-0.0242440242755064
0.00503123886039614
0.00203476593853336
-0.0135068052314709
0.0249243536034454
-0.0074041592608669
0.00295996435402568
-0.0356583400793455
0.00141191186107448
-0.0081330761570233
-0.00349969181731735
-0.0216338579817603
0.00300197007956804
0.0151393308787362
-0.0169251595344635
-0.0209696308698819
-0.0175946792089285
0.0302640127664051
0.00642058648455324
0.00553922345568436
0.00534672528818092
-0.00922606847219365
0.0026934251763624
0.0107954462675905
-0.00390690732376298
0.0302869624026858
-0.0137582342230771
-0.00616602364171448
0.0119548276901646
0.00661885324301981
-0.0171409917946752
-0.0119308132298266
-0.0104179513764215
0.0127931606245122
0.000274400050302326
-0.00409675743608617
0.0289880895902397
-0.000170302251077725
0.00385195611174005
-0.00468714639935675
-0.0172704893992859
-0.00704486210882616
0.0235868005370494
-0.0104982073346267
-0.0319141357208963
0.0195938097290518
-0.00441320800341138
0.0126494178405672
-0.0248472436947835
-0.0197354344131571
-0.0122754059065362
-0.0559270296024619
0.0267750448906026
0.0102985436897569
0.0186876695679508
0.00993094442676057
-0.0402693705662611
0.0097512393466701
-0.011258813740803
0.000420291416071805
-0.0251708824410706
-0.0194850284876651
-0.0302104449718625
-0.0126048730013406
-0.00363432706435196
0.00156032303464904
0.0131328464948732
-0.00366330342016585
0.0115566305348109
-0.0207106584136891
0.0120829976213341
-0.00943653837169989
0.00584034679705892
-0.00547156138294258
0.00841926402368731
0.0163946437000844
0.0157492329849795
-0.00820708003746473
0.0130068492463109
0.0251127422977933
-0.0240022828407449
0.0202715241175613
0.0120903165477957
0.00345742792340875
0.0034145529184384
0.00240402916256244
-0.00823324080418919
0.00161101954390297
-0.0265632651432373
0.0147475339434124
-0.0131214869448408
0.0102806328221887
-0.0151153442747289
-0.0242732283520977
0.00874007609161387
0.0115116662550001
-0.0180503860228876
-0.00235050742405818
-0.00288546917483945
-0.013715983829756
0.0124185523586862
0.0121721199586697
0.00681171331064689
0.00961914111843631
-0.00871905525149752
-0.0106240835042639
-0.00993270431994953
-4.62978087258925e-05
-0.0196515713007221
0.0150804179594508
0.00383213254426806
-0.0190134426170447
-0.0110962887998203
-0.00403366831461027
0.01305015177238
-0.000379146725239199
-0.000871825458507614
-0.0223014237520889
0.0170188519523369
-0.00986580607910637
0.00947148839992051
0.0190247108221397
-0.00498541525176743
-0.00520606948957969
0.010715025987309
-0.0232135115246836
-0.00496916754244325
0.00658912659458544
-0.00877222627557339
0.0153782814090764
0.00679110772053471
0.0251518546944998
0.00531163885391206
-0.0140666947274739
-0.0063951173207244
-0.0215770326737197
0.0144521615783821
-0.00102577217096078
0.0019541579996738
-0.00938522035626921
-0.00350981393976246
-0.00931967383719168
-0.00475122725630306
-0.0199297021218006
-0.00244387477731545
0.0183231844809151
-0.00954521724220836
0.0101159155827011
0.00699073296875552
0.00437291719680921
-0.0155409856158433
0.00214965105952025
-0.00334425312004782
-0.0248915529219818
-0.0213900128330988
-0.0107376261809478
0.0102868480860001
0.0229402573406605
0.00667944844540158
0.00370116560288158
-0.000902324820130529
-0.0254869192499672
0.000648449940110485
-0.0093037359744419
-0.0332372819191864
0.0023476302219354
-0.0149127574059689
-0.00200457541654298
0.0140959946421095
-0.00290989551533327
0.0118113417297523
0.0172721099895565
-0.00775127150144961
7.47730264647473e-05
-0.0242541776157825
0.0138655685050846
0.0116718629458814
-0.0160227567331348
0.00662693187570129
0.00351060534119041
-0.00585657699610875
-0.00383440760681486
-0.0185969120050768
-0.00446300506497965
0.00863816126587302
0.0113168443168432
-0.019219710005284
-0.0166336679633803
-0.00770503554362345
0.0116193736685748
-0.0138981609165727
-0.00607421548623854
0.00153934980873838
0.0144684619289184
-0.011033663507632
-0.0117425047768405
0.0117534868135247
-0.00700248812469795
-0.00852600509386625
-0.00428534643692124
-0.00326607511185006
-0.00343523818291502
-0.00852803639613153
-0.00597360224841514
-0.00113762067686141
0.00284316819952957
-0.0118059506846206
-0.0175446836799935
0.0170199576146506
-0.0125975759032171
0.00943622752755058
0.0116251101744269
0.0148565258619073
-0.00749756433371584
-0.00652432524037527
0.032563751441937
0.0127739550233374
-0.0132992723747445
-0.00392323415367057
0.00202661879090149
-0.00252899955569585
0.00127001749601163
0.000960012758067119
0.0105583159360172
-0.000466893281975578
-0.0027335795630572
-0.00485018179808794
0.00545950616799518
-0.00441779331677639
0.0248298638958304
-0.0126318516634183
0.0139580199292721
0.012993175004633
-0.00611455060467403
0.00526974889106624
0.00826446491648758
0.0045104364759041
-0.0115412689877428
-0.00581591005570914
-0.00327082147769175
-0.00928800742903224
-0.00843135995892852
0.00251026979701008
-0.00185463953840448
-0.00425274286851041
0.013343213575137
0.00127092400544448
0.00669913547298684
-0.00742491893133557
-0.0057552892506354
0.00273743024024364
-0.0125487815969936
0.00298885599740029
-0.0161361553580295
0.017928614420456
0.0250600720350072
-0.00900430032833688
-0.00762917856034462
-0.0111089569260945
0.0181382615455143
0.00825413329821112
-0.00361387907374411
-0.0209396368190236
0.0300114746190259
0.00222686419520368
0.0167916498017204
-0.0107648411855044
0.00849382579715696
0.00548743091516002
-0.00544616861170866
-0.00602974243697352
0.0225074946164261
0.00482821988847526
0.00633502420090171
-0.00545965033245044
0.0141092607236675
0.000370200371841767
-0.00206202953385404
0.00814579963817752
0.00978491828575634
-0.0102113841232967
0.0313547451364482
0.0199875298410896
0.0304605040441359
0.0160630660454131
0.0175527456682949
0.0198431662593026
-0.0216605125905085
-0.0126456250067459
0.00660049263156148
0.00150674075483925
-0.0173132711046642
0.00995671298193335
0.00721908630708645
0.0143409029634225
7.52960822434368e-05
-0.00111530111395997
0.00440652091206162
0.021844464255059
0.0321271031725376
0.00320988182109705
0.0265847730920146
0.005776229664193
0.00284847586706016
-0.0184900538640225
0.00115983362126504
0.016022614028282
-0.0300080816320181
-0.0175963816982503
0.00888697502900548
-0.008115256759196
-0.000469369489338511
0.0149838478581326
-0.0528975261370714
0.00964286481460808
-0.00541187431368662
-0.00969200601285825
0.0257427123817244
0.00895980326499002
0.0124912079698269
-0.00068802795054923
-0.00263201011476188
0.00341626966970754
-0.00384256538804828
0.00360071728839984
-0.00474043477906694
-0.00484659947475041
-0.00341193732626488
0.00519693551370493
-0.00459272307516434
0.000948357790594656
0.000110092465058997
-0.0187618446809346
0.0209176225081282
-0.00583420928009248
-0.00164318159424859
-0.0307503443336135
0.00293793327073177
-0.0161299370091217
0.000846502568167429
0.0154156268353813
-0.00755883058345153
0.0183228093272709
-0.0341324731909414
-0.0109424982353932
0.00901581033440912
-0.00856669279775657
0.00896779068376929
-0.00321509570100509
0.0198093400609634
-0.0157483793826256
0.034193754820272
-0.00817241127696056
-0.0120541722684755
0.00514681635712932
-0.00145462975377164
0.00793159615221661
-0.014489942955104
-0.00943057577700657
-0.006163915926511
0.00395046358109585
-0.00106331863978726
-0.00565866456638342
0.00766726328448764
0.0150464288384948
-0.024833019140913
0.0253689423085399
0.00820083443436337
-0.017251736463419
-0.00214974586843431
0.00590987205136817
0.0143033556613257
0.00786489227524267
-0.000174881215422751
0.0302449021752769
-0.00917280269210341
0.0204552779356861
-0.00590723445236074
0.00794287750269307
0.00670674545508421
-0.0107159929002028
-0.0260785891060917
0.000199481106900157
0.0223754836270862
-0.0158315702767911
0.00456771187182214
0.0400009265920693
0.0119969473860857
0.00433148512218473
-0.00888572293486423
0.0101768817119847
-0.0115606087816031
-0.0148910610749433
-0.00277726440167081
-0.0100644977284172
0.00711468667050985
-0.00955564319685842
0.00905830989576795
0.00378617483601262
-0.00576850155809172
-0.00225644046607787
0.0016888408068918
-0.0218164997748409
0.00660276055037534
0.0132626704554775
-0.00734566841666906
0.00103099805313134
-0.0137141355223076
-0.00467574004198767
0.0293260667473187
0.0118818508562324
-0.0049289671914754
-0.00802308942816343
0.0111708617169817
0.0245627913207045
-0.0145179867027543
-0.0153441571627575
-0.0144853004082079
0.0157473012493949
0.0138267293556065
-0.020205305660872
-0.012192093356983
0.00635011582758094
0.0112269573124499
-0.0223987687888767
0.00130425497036368
0.0162627993683242
0.00777118331936166
-0.0225061859646463
0.00671168556289281
0.000890183336329731
0.015206075257602
-0.0200097737608984
0.0161382529171243
0.0204803550252235
-0.00108028506036106
-0.00369177167695112
0.0235084614999348
-0.00358807504070735
0.0109774165998608
0.000336545916155506
-0.000173631668116681
-0.00932196884567449
-0.0105379600778561
-0.00187184063674772
0.0322747161464378
-0.00168984991277021
0.0112869454946332
-0.0148774522895154
-0.00625689667573548
0.0162271443930777
-0.00564063939376269
0.00293649882030378
-0.0207969132684012
0.0146936721160851
0.0335117101370592
-0.00965996787323586
0.0180029254423357
0.00118930034691322
-0.00835982026466242
-0.000717737667717877
-0.00640934205399901
-0.00290091094060463
0.0277446259845027
0.00424863331627079
-0.000716305281378116
0.0140920400404489
-0.00166708084495015
-0.010848561087331
0.0130160446331526
0.0154063355598306
0.0160088554750883
-0.0105415731673482
-0.00762399977074191
-0.00638910312188434
0.0201338862417844
0.0123666675964125
0.018789953177639
0.00809735737571415
0.00199432246206932
-0.00853172101524091
-0.0116504035032632
-0.00416240731656314
-0.0137558721768991
0.0247312206881929
0.0171102326090842
-0.0013682753534372
0.00336205293553249
0.0217653750473279
-0.00826052035141034
-7.46683702894657e-05
-0.0024018321975503
-0.0216987740158909
0.00349613110301306
-0.00144749670926192
0.00299365413317432
0.0337802215021914
-0.0047351090778478
-0.00498001335138354
0.000191918570791039
-0.0115373344564889
-0.0131017436392211
-0.0126011288151768
-0.0137076279509767
-0.00466771914116881
-0.00407182065281075
-0.0042464671534157
-0.00295280560082478
0.0256743158766961
0.00334001663386996
0.000804908393496451
-0.00448054547154975
0.017329541354711
-0.01469915891421
0.0111730437355215
-0.00950102855266222
0.0140822703335051
-0.00205904120990219
0.0123280618669463
-0.0135072145379702
0.017405872140654
-0.00553872366532682
-0.0140200933643109
-0.00822677160446883
-0.00850610012715136
-0.0243501002062398
0.005443186490107
-0.0021830365764175
-0.0288374955685395
-0.0140107245418113
0.0245534483622669
0.0308237829629383
-0.0135279831258013
0.00716061731678663
-0.00445739307730553
0.00115730035493145
0.00393819150509822
-0.00873257504213987
-0.0120710209148687
-0.00839163001579601
-0.0113698111580862
-0.0316241792247884
0.012144508281078
-0.0176064904220778
-0.00701179973006294
-0.0205547427230313
0.0028918191713454
0.0274298405430464
0.0178032678275095
0.00999259415678866
0.015945201192376
0.00213795571712883
0.0247577703281165
0.0340917901340752
0.012023654468206
0.000742600700307072
0.00805808082161041
-0.00855403420417233
0.0369679982238458
0.0221520834321627
-0.0265263984241
-0.0134810914016752
-0.00533022900066271
0.00395078629542889
-0.00898595385248613
0.00471188225527452
0.011006806580474
0.0268062641320432
0.00570941898898347
0.00580096791736984
-0.00289919609545386
-0.014736540233006
0.0151470215070788
-0.0116715743690428
0.00479801963015802
-0.00587689415083847
-0.0137737163753797
0.0096364947053309
0.0117165535660799
0.00346898870465173
0.0198746373706968
0.0223224249363039
-0.0137599062851437
-0.0119941730279929
-0.00257039129139169
0.0267075600871052
0.000261734216861154
0.00444724220869719
0.00242569384874569
0.0101856013934567
-0.0239218789676752
0.00480257791594019
0.0173516100236411
0.0109403367431726
-0.0241688886948463
-0.0012982361465439
0.00573796839828211
0.00594518157403123
0.012054800586949
0.00469703048184678
0.0141204213202801
-0.003570849348002
-0.0253428662352446
-0.00881821051610698
-0.00472016885442472
0.000424354435053731
-0.0147853621073881
-0.00710147862510158
-0.0102487365722779
0.00676824474803706
-0.0199426108762748
0.004152963099747
0.00510125992124189
0.0245952794209918
0.00323573148961387
0.00867099445413499
-0.00327880372029199
0.00538546457987055
-0.0149177196787447
-0.0135446495525771
-9.3706092543222e-06
0.0130810706384057
0.00554758998314853
-0.00598138174420626
-0.00614717037398904
0.0348804801415938
-0.019842182251816
-0.0229274138257136
0.015329309829416
0.0110752766028632
-0.00177002319582775
-0.00981657714834938
0.00934894653808671
0.0109552319412982
-0.01894311526659
0.00498918241214152
0.0178275299578581
-0.00308100448785886
-0.0211971317531552
-0.0181247378191352
0.00467329836921415
-0.0134075382380916
0.0143793171735811
-0.00473351275940259
0.021273923684761
0.00262934232095824
0.00673585323192949
-0.0106333965620751
0.00404284921726838
-0.0158493589401782
0.00630078729148353
-0.0213642752774121
0.0162559358671506
-0.00213166265733555
-0.0114482862572081
0.00749340589622571
-0.00141252292252458
-0.00107005489711209
0.00638162657558539
0.0050967165407787
0.00657726968995997
-0.00799702477314335
0.00378831400008117
-0.00115859837185139
0.0232143097900184
0.0033140077471745
0.00923010913130629
-0.00838313616052644
-0.0232837394325625
0.00206543564208461
0.00837971012635519
0.0226501013251608
-0.00895185144169686
-0.0132551674481307
-0.00274477574790621
-0.0040728042967737
-0.00318078701483504
-0.00233892634060906
0.0136524426213456
0.0126266620199189
-0.000278941613562012
0.00638679341429205
-0.00628822087175696
0.0269948429983455
-0.0049425208249132
0.00823745859571146
0.0159777999842854
-0.000465367931285154
-0.0180694463118416
-0.0117347805670378
0.00468047412787076
0.0435404618636728
-0.00409158457200864
-0.0133621363797629
0.007828345940325
0.0123298185927325
-0.00913818109963893
0.0126018211910801
-0.00326947737032257
-0.00786988486681905
0.0179185660076562
-0.00498597307748128
-0.00866750938415728
0.00144801683178719
-0.00250013529247894
0.0109598667956552
-0.0112710885208194
0.00517138213191259
0.024258040088472
-0.0299693579623224
0.0109612758954341
0.023653492355511
0.00684545251159863
-0.0208194832227773
-0.0146270899297649
0.00185129835218256
0.0110444510542775
-0.0131105105305291
-0.00250082033007071
-0.0378645556029733
-0.00472062770630877
-0.0059434909889009
0.0232123792678958
0.0246987787818287
-0.0141524604339887
-0.0281920040618289
0.0328620389695087
0.0293663094907983
-0.018019504555679
-0.0184480343942131
0.0126271606127539
0.0054623400322007
0.0230549391888024
-0.0130030783888186
-0.0179503128047362
0.0230741195831157
0.0191312897790668
0.0144476361511265
-0.0176124754469154
0.00803559669146403
-0.00495477824105062
0.0170789967176503
0.010033209726926
-0.01472642869461
-0.000820941863981073
-0.00280653753631999
-0.0191750910091251
0.00886282057412835
-0.00672807492480332
-0.00883257466431786
0.0161845215728045
-0.0106135295981211
-0.0129838163699456
-0.00668045585895483
-0.00406715326738549
-0.00599525664984069
-0.00924789855594588
0.00379751643441817
-0.00695444453097771
-0.0012258634882949
-0.00383257269127091
-0.000724341534452
0.000182650112019012
0.0187717882349709
0.0162969488059463
0.00555453929096394
-0.0070143248496346
0.00017282457146317
0.0104525101417914
-0.0141481811935198
-0.0197271238979229
0.000999581117315795
-0.00782925854219685
-0.0150510774864125
0.00838601544039053
0.00394633638014508
-0.00592965262175116
0.0119868180792218
-0.00557737435409189
-0.000795954877720995
0.00984377467411379
0.0292075017820728
0.00150572196867627
-0.0130670036983205
0.00965673721783711
-0.00131595680813712
-0.0195366677749382
-0.000809057619743925
-0.00211019132233159
0.00993808529970841
0.030538468611216
-0.0113330021864979
0.00187417852532157
0.0104529052969951
-0.00600896844195398
-0.000862937524514384
0.00319391899594756
0.0177191725388712
0.02294115330126
-0.0083953181012324
-0.0145000789450977
-0.000704416155338894
0.0103206353220149
0.00571602935410453
0.0199434998903898
0.0146868964529352
0.00913870850497722
-0.0020798433678948
0.0080348449321006
-0.00436373576668014
0.0176588290948798
-0.0421911509518373
0.0314521501745759
0.000148643426535422
-0.00632231448695553
0.00667748608390006
-0.0177578100198637
-0.0263990957428164
-0.00584617847037094
-0.00228727879893897
0.0108107592382298
0.0207933620736216
0.0244328541888175
-0.0288508001690868
-0.024249664035747
-0.00402905019984368
0.00698546528684352
-0.0046550873482234
-0.000816023545274991
-0.0154378708378315
-0.0183494916935922
0.0120108583800644
-0.00473350404461659
-0.0263437869286689
0.00658873375134394
-0.00857351070763812
6.78127062541112e-05
-0.0130648871149837
0.0218189715444812
0.0026859819813696
0.00967468934209892
0.0188967383049929
-0.0106259822032975
-0.00808944811335355
-0.0294510901650344
-0.000131828584897686
0.00436060538077498
-0.0180813187915079
-0.0173926337847556
-0.0133307214224732
0.015535418503124
0.0171624341588315
0.0161735463120127
-0.0137882498607984
-0.00244896912719472
-0.00242117398148345
0.00234514266655239
-0.00964463424998563
0.033219377954107
-0.0100013670160286
0.00311537994903333
-0.0428688468214178
0.00734247798015608
-0.00325988569503322
-0.0252190749486605
-0.00301459206347543
-0.0174758524021055
-0.00919731633231757
-0.0300801037357363
0.0261842750677383
0.0107395617331079
0.00528765271276743
-0.0109655642798685
0.00483916299001086
0.0132085637517281
0.0127230819769149
0.00282547355679896
0.0177678548866176
0.000134102656958124
0.00535048169805474
-0.0145966389419181
0.00423897491416048
0.00891831805031496
-0.00252107845425442
-0.0332134823436738
0.00372180680831846
-0.00676086050401148
0.00702814043088829
0.00857291010757733
-0.01758152386014
2.75241783962432e-05
-0.0266682037329948
-0.00721100523242635
-0.012749996888864
0.0185316705839587
0.00339783309221642
0.0108908217536783
-0.0292456615084191
-0.00834594007233425
0.0058453046727398
0.0055138411397111
0.00145964018278688
0.0228368623739164
0.0115307860229228
0.00582427104210392
0.00205851420967695
-0.00226463848779845
-0.058295855848179
0.0167977727433193
-0.0255044954662342
-0.0045935427074324
-0.00473038863777075
-0.0282055486056314
0.00668589430857214
0.00931307179972518
-0.00878652184265949
-0.00891731774654514
0.00596306568427218
0.000774302104801894
0.0135404461639013
0.00110980176386244
-0.0242143795661365
-0.00150050657832557
-0.00024310386049553
-0.00532492858867517
0.0131051359759353
0.000965134346259777
-0.0141045845947514
-0.0131534298187175
0.00576559945437038
-0.015444134490366
0.00371680605350821
-0.0114393411484301
-0.0164294155090716
-0.0152531894269297
0.0118256142162201
0.00232676118278841
-0.0265481825501994
0.00194099934175673
-0.010345087019231
-0.00531291726323291
0.0035796906986274
-0.046330999875742
-0.0109534681355692
-0.00744096368982605
-0.00847016082225371
-0.00517243083821728
-0.0147323560802519
0.0073994618040274
0.0119228121960737
-0.0140381234688012
-0.000218086851560217
0.00105764059258595
0.0141579023993197
-0.0205055346981684
-0.0129531718585487
-0.0197357711783468
0.00523384908959246
-0.00420477798931129
0.00558524828447604
0.0224869892356536
0.00964903195867173
0.0232356498019426
0.0211066885002449
0.00539725559610682
-0.00631869662891926
0.0205848114326037
0.00333268699746214
-0.0251462800392734
0.00198300438580756
-0.0071068033194488
-0.0102938796449512
-0.00935320789518412
-0.0198770663598984
0.0184295581069556
-0.02771804032984
-0.0127212793847824
-0.00086847399269252
0.00105475634564911
-0.00106973486616591
0.0213252926040779
-0.00923955206460025
-0.0114818932320437
0.00976525168638842
0.00203821216416555
0.00602833099968181
-0.0157844612188578
-0.0106340958202422
-0.0186689964787465
0.0090360694423357
-0.0178602751721053
-0.00132170922973041
-0.00870240832087177
0.0254885415992718
-0.0148830157295015
0.00825793304689015
0.00739581904542952
-0.00841509087772363
-0.0196979524711292
0.0141967816689446
0.0109617687425283
0.00629931806311435
-0.00420516488877265
0.0202775210930741
0.000185709855635707
0.00510858257291424
0.00268304343306092
-0.0111616869513664
0.0167095286143164
0.00292070520387888
0.0342446546047679
-0.00401400613570591
-0.0128204252533484
0.00479340651196991
-0.0285200381926412
-0.0190662826362464
-0.00260781397448939
-0.022638086907135
-0.0115242600506258
-0.0137301183638801
-0.0358841381810311
0.0180495517632879
-0.0153381402026596
0.00490344810900512
0.0238164381101151
-0.00687811807407845
0.00583205476532322
-0.00393543701148058
-0.0156001374329042
-0.00941629198604743
0.0106413458578776
0.0161246305871259
-0.0391906760604859
-0.0152788773178538
0.0219680633692698
-0.00282179493006929
0.00357538830143778
-0.00374504790782604
-0.0014747457185047
-0.00255544524185014
-0.020149852596151
0.000501757008286363
-0.010053654458329
-0.0197959348875023
0.00214879610484742
-0.0537586431471633
0.0197779500190189
0.0057508167826561
0.00562534662154612
0.0291824466210882
-0.0112378233967747
0.0372879063041398
-0.00283307785696429
-0.0124158421600473
-0.0278546512649707
-0.00746077627280162
0.00365392603544512
-0.0177505911960378
0.00446471023239603
0.0100378819524356
-0.00442390812684046
0.0188026130886252
-0.010015446757154
0.00531516590777592
0.00389660321278007
0.00779752895773145
0.0227133297138784
-0.0165742039274284
-0.0204813358179936
-0.015931080952027
-0.00704114732883498
-0.00601004573839292
0.0113220267089891
0.0254018719387286
0.0142962828274322
0.00356435649585052
-0.0147236584459536
0.00787142456700862
-0.00645608881322834
0.0062613944408858
0.0235012781897794
-0.000829202242442317
-0.00284608313539625
-0.0109774789523875
-0.00763823606867664
-0.0269280496670472
0.00733148324688271
-0.0282841924718933
-0.00234828422332289
-0.0180151720979191
0.00962171888623375
-0.000761319480272249
-0.0347218180647233
-0.00755359766522412
0.00811689637823898
0.000440837736375155
-0.00494813367914126
-0.00393273330606925
-0.0129923024626903
0.00179060390730656
-0.0146114415314564
0.0194388260090053
-0.0110673567984403
0.00420104483473427
0.00234190136917278
-0.0136090814716638
0.0141197866961444
0.00138520688862642
0.0208173681811816
0.011438573996531
-0.0269563173951499
0.0154268479249042
-0.00233130945250393
-0.00163153784691694
-0.0095199787409439
-0.0056230578027745
0.0120180173384403
0.00408331668102191
0.00142906220168526
-0.0199091469071018
-0.0103431337544047
0.0057181685134422
-0.0145079912302881
-0.0111951860346555
0.0161128236184314
-0.00731099696120996
-0.0316101364975623
0.000498411147452416
-0.00934427520983516
-0.0151280400948823
0.0183775355569498
-0.00974045373412902
-0.0265991538575041
-0.0059355296151864
-0.00456669746863136
-0.00621882358231352
-0.0194363146321179
0.019113976312414
-0.0142066468633506
-0.0179782914911262
0.0371942012310558
0.0175629582694237
-0.00350939823861474
0.0100625676291457
0.0106951903907677
-0.00543806285717729
0.0104465240363361
0.0244840751394104
0.00420385199054563
-0.00577388517073851
0.0044118461571947
-0.0062431136375265
0.00158336898115863
0.0185134237625721
-0.00276592995487945
-0.00314720796344758
0.000822980385287053
0.0112980931469382
0.00544744340224135
-0.00612828120976006
-0.00720672568420433
-0.0039070035034634
-0.00805257712434138
0.000377082339034551
0.00436917398168335
-0.00351579057439677
-0.0204348424018381
-0.0144593978349126
0.00391221155535426
0.00296698143434515
-0.0149265418607449
0.00259780745380578
-0.0195008312832292
-0.0175360898513799
0.00842454754003397
-0.0214463715573916
-0.0222004569650198
0.0116791932593898
0.015659990644058
0.0281826135421477
-0.00372454206688277
0.010018177070092
-0.00102542703736752
-0.00558477296265458
0.0107962514247382
-0.00697648977965759
0.00543599584335297
-0.0143595422930112
0.0109388592759072
0.00801484919699824
0.00050055844901431
0.014018754668641
0.0071298843515899
0.0297764446102526
-0.00854098407733961
0.0112492801596793
0.0203942518620401
0.0109052831335776
-0.00988823883246592
-0.000891521230929504
0.002036717397917
-0.0323590406509444
0.0207177153815703
0.0556420883966706
-0.000516250632986548
-0.00806503824172511
0.00881409266118127
-0.0144447617171415
-0.00826664564322588
-0.00965321748455494
-0.040279184490466
-0.0182869928857925
0.0293130459265956
0.00246968019420635
-0.0362400077630689
0.0228286737174066
-0.0134908650398908
0.012154415841648
0.00640236538447758
0.00208726911996338
-0.0131424564660216
-0.019406723732966
-0.00242802897856942
0.000595778565558369
-0.00686354696850033
-0.00382670683241404
-0.00434635798745275
0.00860188603723344
-0.00498522718210559
0.0166364851930545
0.00928686181730631
0.0232872137669189
0.0081162081755588
-0.00113650246190233
-0.0210563788454783
0.003646908775091
0.0132521794826275
0.0112636503609613
0.00640328116411126
0.0037096146233373
-0.00622617311505369
-0.00381626891841491
-0.00171019644688686
-0.00320852799287374
-0.0136753397843647
-0.00231841425618695
0.0149043105666373
0.00986585487759539
0.00265450824801516
-0.0190603973518058
0.00313442399168151
0.00979715772192336
0.00328505535618007
0.0147070959045386
-0.0227582889938232
-0.0122478903297538
0.00549638305396005
-0.00497811014770844
0.010029978489041
-0.0122717840662991
0.00410158495668189
-0.0146618264543359
0.0158355864346995
0.00454627381282613
0.00820429050539451
0.0142895062168278
0.000870012162447864
-0.00915429791215727
0.0400964267841211
-0.00990855571542992
0.00317622210900348
-0.00755791240991055
-0.0131988886609877
0.00665689323275998
-0.00120542755054265
0.00113518576289051
-0.0204551283717667
-0.00649656436444213
-0.00501098055785043
0.016315347104749
0.0097859070491646
-0.0317675025095272
-0.0391026171282087
-0.0465195097202682
-0.0172676029632621
-0.0241750199190203
0.00500823162177011
0.0126004662844892
-0.00142452396908199
-0.0186105372455032
0.0332771815811252
0.0198861611260202
-0.00428250209893655
-0.00950240008464442
0.00738708481627759
0.00748057712589656
0.000316583929561354
-0.024543979519656
0.0325761383118039
0.0154084876947684
0.00639327149158286
-0.0111346172498465
0.0273908911150287
-0.00114013883039998
0.000261945849604928
-0.00539458678798788
0.0189075408659571
0.00420777155460828
0.00904940142017563
0.00577100591657853
0.00399927214840012
0.00797505351593308
0.0228520213957419
-0.00380572238995303
0.0014788938296737
0.00442430963061691
-0.0603843114754468
0.00679149771341203
0.000763667439278137
-0.0179225234665505
0.00294995103565632
0.000574047034995528
0.0140548636412747
0.00373275540898077
0.0130452461703858
-0.00162543852152774
0.0229576736305077
0.0164041713651761
0.0202750359560391
0.00573447195594845
-0.00560194140738179
-0.00205851099541365
0.00868428408747235
-0.0102365713874026
-0.0144858191269097
-0.00266189388957683
-0.0100981540950413
0.00418145354449573
-0.00409190313364238
0.00765306887827233
0.0151349635139275
0.0072050187279642
0.013379137861941
0.00427663215302765
-0.00199104835776209
-0.00346176358635608
-0.00432020920792242
-0.0234308366792395
0.00139219874724716
-0.00584771864323486
0.0258644904862457
-0.000632882442161975
-0.00665155583578425
0.0232353340802649
-0.00267007204354153
0.0154370027962356
-0.00914237916309135
-0.001261237337157
0.0179148710769368
-0.0105381093571961
0.00935519603350343
0.000488440925094924
0.00770771458463115
-0.0116629536821229
-0.0274073311880381
0.000301668315421111
-0.0153405458004567
0.0162180731548034
0.010903558000428
-0.0133289579116656
0.00973866895993458
0.0213842064957985
0.0200131010265516
-0.00973341726229826
0.0039965604893939
0.0119653625095566
-0.0256442157458912
-0.0181654303839227
0.0051705124200947
0.00484749121630723
-0.0143321984672413
0.00293937911237396
-0.0132288488193639
0.00989771581923127
-0.00470156182779236
0.00794871044429857
-0.00129887912545934
0.00849101573119881
-0.0160635770506741
0.0111342901495459
0.00210186962975811
0.00580628452033283
-0.0120336182142036
0.00435272435437195
-0.0151804167982867
-0.00226161466400576
-0.00301378876885083
0.0110063367504529
-0.0241062746664307
-0.00750074045980043
0.0184918001006891
0.0185477774420986
-0.00465924756194913
-0.017856771558812
-0.00929308264363726
0.017879324572684
0.00709128203402321
-0.00164803679172065
-0.0160031376997232
-0.0142786802909178
0.0243521365789912
-0.0191497079843073
0.00315834396516657
0.00999798028252208
0.015723071855168
0.0149521872931326
0.0150893190778363
0.00873357504705674
0.00939635371855685
-0.00807273027659039
0.0149562185154086
-0.00167499484927602
-0.0067744648315049
-0.0064290685162649
0.0338449652266737
-0.00799784463610642
0.0141882639413478
0.00941748426184086
-0.00102805044854359
-0.00810619321245776
0.000796636688663366
0.00732583374782059
0.015718493191772
0.00262250950081189
0.0084413091095179
-0.0100209166864387
0.0184458936149863
-0.00678369632372622
-0.0182207001053274
-0.0243729185114183
0.0182851737399523
0.0181079697272719
0.022518428400649
-8.83463470542356e-05
-0.0140907494390161
-0.0077584232431831
0.00953222836381773
0.0112175474050829
-0.0122037538467576
0.00400660902897965
-0.0198856312711357
-0.00620367781321551
-0.0159566682487537
0.00905600934048945
0.00171017360699111
0.00807684899663519
0.0117914462924189
0.0220256729115156
0.00499060493756565
-0.00683334499227506
-0.00273882958765226
0.00293189014417727
-0.0143382825024903
-2.0651280794981e-05
-0.00860142640373396
-0.014878460126174
-0.0115614324210673
-0.024105789121974
-0.00276436206344144
-0.0154824064647034
-0.00715820757972052
-0.00628838332067216
0.0284689314053219
0.0482184585048995
0.00295563897958329
0.0148205407738147
-0.00572348116710719
0.00643617988756273
-0.0137672404714395
-0.0116975238353327
0.0173897318523157
0.0250377955640197
0.00514811323972797
-0.00833253404087664
-0.0100895269383419
0.00589281658139473
-0.00411722566703832
0.020692404138086
-0.00464184117217448
-0.00124897836763127
-0.00344899765062667
0.00220426499518434
0.000336029118545245
-0.0154738751074015
0.00402561751254504
0.0110127395199362
0.0210950984006164
0.00217181265454691
-0.0251041808020918
-0.000835331621984015
-0.00880886254447866
0.0247222224326218
0.0105069913681994
-0.00481629768212066
